forecast_date,target,target_end_date,location,location_name,type,quantile,value
2022-03-24,1 wk ahead inc case,2022-03-26,GM01,GM01,point,NA,256056
2022-03-24,1 wk ahead inc case,2022-03-26,GM01,GM01,quantile,0.01,233859
2022-03-24,1 wk ahead inc case,2022-03-26,GM01,GM01,quantile,0.025,233862
2022-03-24,1 wk ahead inc case,2022-03-26,GM01,GM01,quantile,0.05,233871
2022-03-24,1 wk ahead inc case,2022-03-26,GM01,GM01,quantile,0.1,238988
2022-03-24,1 wk ahead inc case,2022-03-26,GM01,GM01,quantile,0.15,242730
2022-03-24,1 wk ahead inc case,2022-03-26,GM01,GM01,quantile,0.2,243335
2022-03-24,1 wk ahead inc case,2022-03-26,GM01,GM01,quantile,0.25,247389
2022-03-24,1 wk ahead inc case,2022-03-26,GM01,GM01,quantile,0.3,250144
2022-03-24,1 wk ahead inc case,2022-03-26,GM01,GM01,quantile,0.35,251244
2022-03-24,1 wk ahead inc case,2022-03-26,GM01,GM01,quantile,0.4,253186
2022-03-24,1 wk ahead inc case,2022-03-26,GM01,GM01,quantile,0.45,253418
2022-03-24,1 wk ahead inc case,2022-03-26,GM01,GM01,quantile,0.5,256056
2022-03-24,1 wk ahead inc case,2022-03-26,GM01,GM01,quantile,0.55,259273
2022-03-24,1 wk ahead inc case,2022-03-26,GM01,GM01,quantile,0.6,263624
2022-03-24,1 wk ahead inc case,2022-03-26,GM01,GM01,quantile,0.65,267390
2022-03-24,1 wk ahead inc case,2022-03-26,GM01,GM01,quantile,0.7,269529
2022-03-24,1 wk ahead inc case,2022-03-26,GM01,GM01,quantile,0.75,270399
2022-03-24,1 wk ahead inc case,2022-03-26,GM01,GM01,quantile,0.8,271045
2022-03-24,1 wk ahead inc case,2022-03-26,GM01,GM01,quantile,0.85,311206
2022-03-24,1 wk ahead inc case,2022-03-26,GM01,GM01,quantile,0.9,320904
2022-03-24,1 wk ahead inc case,2022-03-26,GM01,GM01,quantile,0.95,330499
2022-03-24,1 wk ahead inc case,2022-03-26,GM01,GM01,quantile,0.975,333148
2022-03-24,1 wk ahead inc case,2022-03-26,GM01,GM01,quantile,0.99,333481
2022-03-24,1 wk ahead cum case,2022-03-26,GM01,GM01,point,NA,2932211
2022-03-24,1 wk ahead cum case,2022-03-26,GM01,GM01,quantile,0.01,2910014
2022-03-24,1 wk ahead cum case,2022-03-26,GM01,GM01,quantile,0.025,2910017
2022-03-24,1 wk ahead cum case,2022-03-26,GM01,GM01,quantile,0.05,2910026
2022-03-24,1 wk ahead cum case,2022-03-26,GM01,GM01,quantile,0.1,2915143
2022-03-24,1 wk ahead cum case,2022-03-26,GM01,GM01,quantile,0.15,2918885
2022-03-24,1 wk ahead cum case,2022-03-26,GM01,GM01,quantile,0.2,2919490
2022-03-24,1 wk ahead cum case,2022-03-26,GM01,GM01,quantile,0.25,2923544
2022-03-24,1 wk ahead cum case,2022-03-26,GM01,GM01,quantile,0.3,2926299
2022-03-24,1 wk ahead cum case,2022-03-26,GM01,GM01,quantile,0.35,2927399
2022-03-24,1 wk ahead cum case,2022-03-26,GM01,GM01,quantile,0.4,2929341
2022-03-24,1 wk ahead cum case,2022-03-26,GM01,GM01,quantile,0.45,2929573
2022-03-24,1 wk ahead cum case,2022-03-26,GM01,GM01,quantile,0.5,2932211
2022-03-24,1 wk ahead cum case,2022-03-26,GM01,GM01,quantile,0.55,2935428
2022-03-24,1 wk ahead cum case,2022-03-26,GM01,GM01,quantile,0.6,2939779
2022-03-24,1 wk ahead cum case,2022-03-26,GM01,GM01,quantile,0.65,2943545
2022-03-24,1 wk ahead cum case,2022-03-26,GM01,GM01,quantile,0.7,2945684
2022-03-24,1 wk ahead cum case,2022-03-26,GM01,GM01,quantile,0.75,2946554
2022-03-24,1 wk ahead cum case,2022-03-26,GM01,GM01,quantile,0.8,2947200
2022-03-24,1 wk ahead cum case,2022-03-26,GM01,GM01,quantile,0.85,2987361
2022-03-24,1 wk ahead cum case,2022-03-26,GM01,GM01,quantile,0.9,2997059
2022-03-24,1 wk ahead cum case,2022-03-26,GM01,GM01,quantile,0.95,3006654
2022-03-24,1 wk ahead cum case,2022-03-26,GM01,GM01,quantile,0.975,3009303
2022-03-24,1 wk ahead cum case,2022-03-26,GM01,GM01,quantile,0.99,3009636
2022-03-24,2 wk ahead inc case,2022-04-02,GM01,GM01,point,NA,232807
2022-03-24,2 wk ahead inc case,2022-04-02,GM01,GM01,quantile,0.01,197091
2022-03-24,2 wk ahead inc case,2022-04-02,GM01,GM01,quantile,0.025,197317
2022-03-24,2 wk ahead inc case,2022-04-02,GM01,GM01,quantile,0.05,199967
2022-03-24,2 wk ahead inc case,2022-04-02,GM01,GM01,quantile,0.1,204777
2022-03-24,2 wk ahead inc case,2022-04-02,GM01,GM01,quantile,0.15,206530
2022-03-24,2 wk ahead inc case,2022-04-02,GM01,GM01,quantile,0.2,210170
2022-03-24,2 wk ahead inc case,2022-04-02,GM01,GM01,quantile,0.25,216614
2022-03-24,2 wk ahead inc case,2022-04-02,GM01,GM01,quantile,0.3,220875
2022-03-24,2 wk ahead inc case,2022-04-02,GM01,GM01,quantile,0.35,221697
2022-03-24,2 wk ahead inc case,2022-04-02,GM01,GM01,quantile,0.4,224595
2022-03-24,2 wk ahead inc case,2022-04-02,GM01,GM01,quantile,0.45,227553
2022-03-24,2 wk ahead inc case,2022-04-02,GM01,GM01,quantile,0.5,232807
2022-03-24,2 wk ahead inc case,2022-04-02,GM01,GM01,quantile,0.55,241539
2022-03-24,2 wk ahead inc case,2022-04-02,GM01,GM01,quantile,0.6,248022
2022-03-24,2 wk ahead inc case,2022-04-02,GM01,GM01,quantile,0.65,265051
2022-03-24,2 wk ahead inc case,2022-04-02,GM01,GM01,quantile,0.7,274089
2022-03-24,2 wk ahead inc case,2022-04-02,GM01,GM01,quantile,0.75,278279
2022-03-24,2 wk ahead inc case,2022-04-02,GM01,GM01,quantile,0.8,284591
2022-03-24,2 wk ahead inc case,2022-04-02,GM01,GM01,quantile,0.85,287088
2022-03-24,2 wk ahead inc case,2022-04-02,GM01,GM01,quantile,0.9,295548
2022-03-24,2 wk ahead inc case,2022-04-02,GM01,GM01,quantile,0.95,298617
2022-03-24,2 wk ahead inc case,2022-04-02,GM01,GM01,quantile,0.975,335037
2022-03-24,2 wk ahead inc case,2022-04-02,GM01,GM01,quantile,0.99,339213
2022-03-24,2 wk ahead cum case,2022-04-02,GM01,GM01,point,NA,3165018
2022-03-24,2 wk ahead cum case,2022-04-02,GM01,GM01,quantile,0.01,3129302
2022-03-24,2 wk ahead cum case,2022-04-02,GM01,GM01,quantile,0.025,3129528
2022-03-24,2 wk ahead cum case,2022-04-02,GM01,GM01,quantile,0.05,3132178
2022-03-24,2 wk ahead cum case,2022-04-02,GM01,GM01,quantile,0.1,3136988
2022-03-24,2 wk ahead cum case,2022-04-02,GM01,GM01,quantile,0.15,3138741
2022-03-24,2 wk ahead cum case,2022-04-02,GM01,GM01,quantile,0.2,3142381
2022-03-24,2 wk ahead cum case,2022-04-02,GM01,GM01,quantile,0.25,3148825
2022-03-24,2 wk ahead cum case,2022-04-02,GM01,GM01,quantile,0.3,3153086
2022-03-24,2 wk ahead cum case,2022-04-02,GM01,GM01,quantile,0.35,3153908
2022-03-24,2 wk ahead cum case,2022-04-02,GM01,GM01,quantile,0.4,3156806
2022-03-24,2 wk ahead cum case,2022-04-02,GM01,GM01,quantile,0.45,3159764
2022-03-24,2 wk ahead cum case,2022-04-02,GM01,GM01,quantile,0.5,3165018
2022-03-24,2 wk ahead cum case,2022-04-02,GM01,GM01,quantile,0.55,3173750
2022-03-24,2 wk ahead cum case,2022-04-02,GM01,GM01,quantile,0.6,3180233
2022-03-24,2 wk ahead cum case,2022-04-02,GM01,GM01,quantile,0.65,3197262
2022-03-24,2 wk ahead cum case,2022-04-02,GM01,GM01,quantile,0.7,3206300
2022-03-24,2 wk ahead cum case,2022-04-02,GM01,GM01,quantile,0.75,3210490
2022-03-24,2 wk ahead cum case,2022-04-02,GM01,GM01,quantile,0.8,3216802
2022-03-24,2 wk ahead cum case,2022-04-02,GM01,GM01,quantile,0.85,3219299
2022-03-24,2 wk ahead cum case,2022-04-02,GM01,GM01,quantile,0.9,3227759
2022-03-24,2 wk ahead cum case,2022-04-02,GM01,GM01,quantile,0.95,3230828
2022-03-24,2 wk ahead cum case,2022-04-02,GM01,GM01,quantile,0.975,3267248
2022-03-24,2 wk ahead cum case,2022-04-02,GM01,GM01,quantile,0.99,3271424
2022-03-24,3 wk ahead inc case,2022-04-09,GM01,GM01,point,NA,222932
2022-03-24,3 wk ahead inc case,2022-04-09,GM01,GM01,quantile,0.01,124483
2022-03-24,3 wk ahead inc case,2022-04-09,GM01,GM01,quantile,0.025,129040
2022-03-24,3 wk ahead inc case,2022-04-09,GM01,GM01,quantile,0.05,141311
2022-03-24,3 wk ahead inc case,2022-04-09,GM01,GM01,quantile,0.1,152673
2022-03-24,3 wk ahead inc case,2022-04-09,GM01,GM01,quantile,0.15,158348
2022-03-24,3 wk ahead inc case,2022-04-09,GM01,GM01,quantile,0.2,170146
2022-03-24,3 wk ahead inc case,2022-04-09,GM01,GM01,quantile,0.25,175145
2022-03-24,3 wk ahead inc case,2022-04-09,GM01,GM01,quantile,0.3,191964
2022-03-24,3 wk ahead inc case,2022-04-09,GM01,GM01,quantile,0.35,199551
2022-03-24,3 wk ahead inc case,2022-04-09,GM01,GM01,quantile,0.4,202586
2022-03-24,3 wk ahead inc case,2022-04-09,GM01,GM01,quantile,0.45,208659
2022-03-24,3 wk ahead inc case,2022-04-09,GM01,GM01,quantile,0.5,222932
2022-03-24,3 wk ahead inc case,2022-04-09,GM01,GM01,quantile,0.55,225948
2022-03-24,3 wk ahead inc case,2022-04-09,GM01,GM01,quantile,0.6,226343
2022-03-24,3 wk ahead inc case,2022-04-09,GM01,GM01,quantile,0.65,241019
2022-03-24,3 wk ahead inc case,2022-04-09,GM01,GM01,quantile,0.7,242027
2022-03-24,3 wk ahead inc case,2022-04-09,GM01,GM01,quantile,0.75,249846
2022-03-24,3 wk ahead inc case,2022-04-09,GM01,GM01,quantile,0.8,253429
2022-03-24,3 wk ahead inc case,2022-04-09,GM01,GM01,quantile,0.85,261633
2022-03-24,3 wk ahead inc case,2022-04-09,GM01,GM01,quantile,0.9,265541
2022-03-24,3 wk ahead inc case,2022-04-09,GM01,GM01,quantile,0.95,269440
2022-03-24,3 wk ahead inc case,2022-04-09,GM01,GM01,quantile,0.975,281102
2022-03-24,3 wk ahead inc case,2022-04-09,GM01,GM01,quantile,0.99,293810
2022-03-24,3 wk ahead cum case,2022-04-09,GM01,GM01,point,NA,3387950
2022-03-24,3 wk ahead cum case,2022-04-09,GM01,GM01,quantile,0.01,3289501
2022-03-24,3 wk ahead cum case,2022-04-09,GM01,GM01,quantile,0.025,3294058
2022-03-24,3 wk ahead cum case,2022-04-09,GM01,GM01,quantile,0.05,3306329
2022-03-24,3 wk ahead cum case,2022-04-09,GM01,GM01,quantile,0.1,3317691
2022-03-24,3 wk ahead cum case,2022-04-09,GM01,GM01,quantile,0.15,3323366
2022-03-24,3 wk ahead cum case,2022-04-09,GM01,GM01,quantile,0.2,3335164
2022-03-24,3 wk ahead cum case,2022-04-09,GM01,GM01,quantile,0.25,3340163
2022-03-24,3 wk ahead cum case,2022-04-09,GM01,GM01,quantile,0.3,3356982
2022-03-24,3 wk ahead cum case,2022-04-09,GM01,GM01,quantile,0.35,3364569
2022-03-24,3 wk ahead cum case,2022-04-09,GM01,GM01,quantile,0.4,3367604
2022-03-24,3 wk ahead cum case,2022-04-09,GM01,GM01,quantile,0.45,3373677
2022-03-24,3 wk ahead cum case,2022-04-09,GM01,GM01,quantile,0.5,3387950
2022-03-24,3 wk ahead cum case,2022-04-09,GM01,GM01,quantile,0.55,3390966
2022-03-24,3 wk ahead cum case,2022-04-09,GM01,GM01,quantile,0.6,3391361
2022-03-24,3 wk ahead cum case,2022-04-09,GM01,GM01,quantile,0.65,3406037
2022-03-24,3 wk ahead cum case,2022-04-09,GM01,GM01,quantile,0.7,3407045
2022-03-24,3 wk ahead cum case,2022-04-09,GM01,GM01,quantile,0.75,3414864
2022-03-24,3 wk ahead cum case,2022-04-09,GM01,GM01,quantile,0.8,3418447
2022-03-24,3 wk ahead cum case,2022-04-09,GM01,GM01,quantile,0.85,3426651
2022-03-24,3 wk ahead cum case,2022-04-09,GM01,GM01,quantile,0.9,3430559
2022-03-24,3 wk ahead cum case,2022-04-09,GM01,GM01,quantile,0.95,3434458
2022-03-24,3 wk ahead cum case,2022-04-09,GM01,GM01,quantile,0.975,3446120
2022-03-24,3 wk ahead cum case,2022-04-09,GM01,GM01,quantile,0.99,3458828
2022-03-24,4 wk ahead inc case,2022-04-16,GM01,GM01,point,NA,205936
2022-03-24,4 wk ahead inc case,2022-04-16,GM01,GM01,quantile,0.01,108680
2022-03-24,4 wk ahead inc case,2022-04-16,GM01,GM01,quantile,0.025,111718
2022-03-24,4 wk ahead inc case,2022-04-16,GM01,GM01,quantile,0.05,164737
2022-03-24,4 wk ahead inc case,2022-04-16,GM01,GM01,quantile,0.1,176145
2022-03-24,4 wk ahead inc case,2022-04-16,GM01,GM01,quantile,0.15,180842
2022-03-24,4 wk ahead inc case,2022-04-16,GM01,GM01,quantile,0.2,190761
2022-03-24,4 wk ahead inc case,2022-04-16,GM01,GM01,quantile,0.25,191610
2022-03-24,4 wk ahead inc case,2022-04-16,GM01,GM01,quantile,0.3,194125
2022-03-24,4 wk ahead inc case,2022-04-16,GM01,GM01,quantile,0.35,199485
2022-03-24,4 wk ahead inc case,2022-04-16,GM01,GM01,quantile,0.4,201878
2022-03-24,4 wk ahead inc case,2022-04-16,GM01,GM01,quantile,0.45,203188
2022-03-24,4 wk ahead inc case,2022-04-16,GM01,GM01,quantile,0.5,205936
2022-03-24,4 wk ahead inc case,2022-04-16,GM01,GM01,quantile,0.55,210050
2022-03-24,4 wk ahead inc case,2022-04-16,GM01,GM01,quantile,0.6,212231
2022-03-24,4 wk ahead inc case,2022-04-16,GM01,GM01,quantile,0.65,214146
2022-03-24,4 wk ahead inc case,2022-04-16,GM01,GM01,quantile,0.7,216094
2022-03-24,4 wk ahead inc case,2022-04-16,GM01,GM01,quantile,0.75,217844
2022-03-24,4 wk ahead inc case,2022-04-16,GM01,GM01,quantile,0.8,219462
2022-03-24,4 wk ahead inc case,2022-04-16,GM01,GM01,quantile,0.85,230794
2022-03-24,4 wk ahead inc case,2022-04-16,GM01,GM01,quantile,0.9,234579
2022-03-24,4 wk ahead inc case,2022-04-16,GM01,GM01,quantile,0.95,240794
2022-03-24,4 wk ahead inc case,2022-04-16,GM01,GM01,quantile,0.975,245756
2022-03-24,4 wk ahead inc case,2022-04-16,GM01,GM01,quantile,0.99,247162
2022-03-24,4 wk ahead cum case,2022-04-16,GM01,GM01,point,NA,3593886
2022-03-24,4 wk ahead cum case,2022-04-16,GM01,GM01,quantile,0.01,3496630
2022-03-24,4 wk ahead cum case,2022-04-16,GM01,GM01,quantile,0.025,3499668
2022-03-24,4 wk ahead cum case,2022-04-16,GM01,GM01,quantile,0.05,3552687
2022-03-24,4 wk ahead cum case,2022-04-16,GM01,GM01,quantile,0.1,3564095
2022-03-24,4 wk ahead cum case,2022-04-16,GM01,GM01,quantile,0.15,3568792
2022-03-24,4 wk ahead cum case,2022-04-16,GM01,GM01,quantile,0.2,3578711
2022-03-24,4 wk ahead cum case,2022-04-16,GM01,GM01,quantile,0.25,3579560
2022-03-24,4 wk ahead cum case,2022-04-16,GM01,GM01,quantile,0.3,3582075
2022-03-24,4 wk ahead cum case,2022-04-16,GM01,GM01,quantile,0.35,3587435
2022-03-24,4 wk ahead cum case,2022-04-16,GM01,GM01,quantile,0.4,3589828
2022-03-24,4 wk ahead cum case,2022-04-16,GM01,GM01,quantile,0.45,3591138
2022-03-24,4 wk ahead cum case,2022-04-16,GM01,GM01,quantile,0.5,3593886
2022-03-24,4 wk ahead cum case,2022-04-16,GM01,GM01,quantile,0.55,3598000
2022-03-24,4 wk ahead cum case,2022-04-16,GM01,GM01,quantile,0.6,3600181
2022-03-24,4 wk ahead cum case,2022-04-16,GM01,GM01,quantile,0.65,3602096
2022-03-24,4 wk ahead cum case,2022-04-16,GM01,GM01,quantile,0.7,3604044
2022-03-24,4 wk ahead cum case,2022-04-16,GM01,GM01,quantile,0.75,3605794
2022-03-24,4 wk ahead cum case,2022-04-16,GM01,GM01,quantile,0.8,3607412
2022-03-24,4 wk ahead cum case,2022-04-16,GM01,GM01,quantile,0.85,3618744
2022-03-24,4 wk ahead cum case,2022-04-16,GM01,GM01,quantile,0.9,3622529
2022-03-24,4 wk ahead cum case,2022-04-16,GM01,GM01,quantile,0.95,3628744
2022-03-24,4 wk ahead cum case,2022-04-16,GM01,GM01,quantile,0.975,3633706
2022-03-24,4 wk ahead cum case,2022-04-16,GM01,GM01,quantile,0.99,3635112
2022-03-24,1 wk ahead inc case,2022-03-26,GM02,GM02,point,NA,342120
2022-03-24,1 wk ahead inc case,2022-03-26,GM02,GM02,quantile,0.01,0
2022-03-24,1 wk ahead inc case,2022-03-26,GM02,GM02,quantile,0.025,0
2022-03-24,1 wk ahead inc case,2022-03-26,GM02,GM02,quantile,0.05,0
2022-03-24,1 wk ahead inc case,2022-03-26,GM02,GM02,quantile,0.1,326627
2022-03-24,1 wk ahead inc case,2022-03-26,GM02,GM02,quantile,0.15,331435
2022-03-24,1 wk ahead inc case,2022-03-26,GM02,GM02,quantile,0.2,332125
2022-03-24,1 wk ahead inc case,2022-03-26,GM02,GM02,quantile,0.25,333212
2022-03-24,1 wk ahead inc case,2022-03-26,GM02,GM02,quantile,0.3,340122
2022-03-24,1 wk ahead inc case,2022-03-26,GM02,GM02,quantile,0.35,341276
2022-03-24,1 wk ahead inc case,2022-03-26,GM02,GM02,quantile,0.4,341817
2022-03-24,1 wk ahead inc case,2022-03-26,GM02,GM02,quantile,0.45,341909
2022-03-24,1 wk ahead inc case,2022-03-26,GM02,GM02,quantile,0.5,342120
2022-03-24,1 wk ahead inc case,2022-03-26,GM02,GM02,quantile,0.55,343604
2022-03-24,1 wk ahead inc case,2022-03-26,GM02,GM02,quantile,0.6,345610
2022-03-24,1 wk ahead inc case,2022-03-26,GM02,GM02,quantile,0.65,347521
2022-03-24,1 wk ahead inc case,2022-03-26,GM02,GM02,quantile,0.7,351148
2022-03-24,1 wk ahead inc case,2022-03-26,GM02,GM02,quantile,0.75,357851
2022-03-24,1 wk ahead inc case,2022-03-26,GM02,GM02,quantile,0.8,358177
2022-03-24,1 wk ahead inc case,2022-03-26,GM02,GM02,quantile,0.85,358279
2022-03-24,1 wk ahead inc case,2022-03-26,GM02,GM02,quantile,0.9,359385
2022-03-24,1 wk ahead inc case,2022-03-26,GM02,GM02,quantile,0.95,373796
2022-03-24,1 wk ahead inc case,2022-03-26,GM02,GM02,quantile,0.975,405184
2022-03-24,1 wk ahead inc case,2022-03-26,GM02,GM02,quantile,0.99,422724
2022-03-24,1 wk ahead cum case,2022-03-26,GM02,GM02,point,NA,3839709
2022-03-24,1 wk ahead cum case,2022-03-26,GM02,GM02,quantile,0.01,3497589
2022-03-24,1 wk ahead cum case,2022-03-26,GM02,GM02,quantile,0.025,3497589
2022-03-24,1 wk ahead cum case,2022-03-26,GM02,GM02,quantile,0.05,3497589
2022-03-24,1 wk ahead cum case,2022-03-26,GM02,GM02,quantile,0.1,3824216
2022-03-24,1 wk ahead cum case,2022-03-26,GM02,GM02,quantile,0.15,3829024
2022-03-24,1 wk ahead cum case,2022-03-26,GM02,GM02,quantile,0.2,3829714
2022-03-24,1 wk ahead cum case,2022-03-26,GM02,GM02,quantile,0.25,3830801
2022-03-24,1 wk ahead cum case,2022-03-26,GM02,GM02,quantile,0.3,3837711
2022-03-24,1 wk ahead cum case,2022-03-26,GM02,GM02,quantile,0.35,3838865
2022-03-24,1 wk ahead cum case,2022-03-26,GM02,GM02,quantile,0.4,3839406
2022-03-24,1 wk ahead cum case,2022-03-26,GM02,GM02,quantile,0.45,3839498
2022-03-24,1 wk ahead cum case,2022-03-26,GM02,GM02,quantile,0.5,3839709
2022-03-24,1 wk ahead cum case,2022-03-26,GM02,GM02,quantile,0.55,3841193
2022-03-24,1 wk ahead cum case,2022-03-26,GM02,GM02,quantile,0.6,3843199
2022-03-24,1 wk ahead cum case,2022-03-26,GM02,GM02,quantile,0.65,3845110
2022-03-24,1 wk ahead cum case,2022-03-26,GM02,GM02,quantile,0.7,3848737
2022-03-24,1 wk ahead cum case,2022-03-26,GM02,GM02,quantile,0.75,3855440
2022-03-24,1 wk ahead cum case,2022-03-26,GM02,GM02,quantile,0.8,3855766
2022-03-24,1 wk ahead cum case,2022-03-26,GM02,GM02,quantile,0.85,3855868
2022-03-24,1 wk ahead cum case,2022-03-26,GM02,GM02,quantile,0.9,3856974
2022-03-24,1 wk ahead cum case,2022-03-26,GM02,GM02,quantile,0.95,3871385
2022-03-24,1 wk ahead cum case,2022-03-26,GM02,GM02,quantile,0.975,3902773
2022-03-24,1 wk ahead cum case,2022-03-26,GM02,GM02,quantile,0.99,3920313
2022-03-24,2 wk ahead inc case,2022-04-02,GM02,GM02,point,NA,312216
2022-03-24,2 wk ahead inc case,2022-04-02,GM02,GM02,quantile,0.01,0
2022-03-24,2 wk ahead inc case,2022-04-02,GM02,GM02,quantile,0.025,0
2022-03-24,2 wk ahead inc case,2022-04-02,GM02,GM02,quantile,0.05,0
2022-03-24,2 wk ahead inc case,2022-04-02,GM02,GM02,quantile,0.1,288122
2022-03-24,2 wk ahead inc case,2022-04-02,GM02,GM02,quantile,0.15,295909
2022-03-24,2 wk ahead inc case,2022-04-02,GM02,GM02,quantile,0.2,297132
2022-03-24,2 wk ahead inc case,2022-04-02,GM02,GM02,quantile,0.25,303424
2022-03-24,2 wk ahead inc case,2022-04-02,GM02,GM02,quantile,0.3,305832
2022-03-24,2 wk ahead inc case,2022-04-02,GM02,GM02,quantile,0.35,306312
2022-03-24,2 wk ahead inc case,2022-04-02,GM02,GM02,quantile,0.4,306548
2022-03-24,2 wk ahead inc case,2022-04-02,GM02,GM02,quantile,0.45,308729
2022-03-24,2 wk ahead inc case,2022-04-02,GM02,GM02,quantile,0.5,312216
2022-03-24,2 wk ahead inc case,2022-04-02,GM02,GM02,quantile,0.55,315273
2022-03-24,2 wk ahead inc case,2022-04-02,GM02,GM02,quantile,0.6,320850
2022-03-24,2 wk ahead inc case,2022-04-02,GM02,GM02,quantile,0.65,322682
2022-03-24,2 wk ahead inc case,2022-04-02,GM02,GM02,quantile,0.7,323307
2022-03-24,2 wk ahead inc case,2022-04-02,GM02,GM02,quantile,0.75,325273
2022-03-24,2 wk ahead inc case,2022-04-02,GM02,GM02,quantile,0.8,337418
2022-03-24,2 wk ahead inc case,2022-04-02,GM02,GM02,quantile,0.85,355686
2022-03-24,2 wk ahead inc case,2022-04-02,GM02,GM02,quantile,0.9,369290
2022-03-24,2 wk ahead inc case,2022-04-02,GM02,GM02,quantile,0.95,377875
2022-03-24,2 wk ahead inc case,2022-04-02,GM02,GM02,quantile,0.975,393950
2022-03-24,2 wk ahead inc case,2022-04-02,GM02,GM02,quantile,0.99,425408
2022-03-24,2 wk ahead cum case,2022-04-02,GM02,GM02,point,NA,4151925
2022-03-24,2 wk ahead cum case,2022-04-02,GM02,GM02,quantile,0.01,3839709
2022-03-24,2 wk ahead cum case,2022-04-02,GM02,GM02,quantile,0.025,3839709
2022-03-24,2 wk ahead cum case,2022-04-02,GM02,GM02,quantile,0.05,3839709
2022-03-24,2 wk ahead cum case,2022-04-02,GM02,GM02,quantile,0.1,4127831
2022-03-24,2 wk ahead cum case,2022-04-02,GM02,GM02,quantile,0.15,4135618
2022-03-24,2 wk ahead cum case,2022-04-02,GM02,GM02,quantile,0.2,4136841
2022-03-24,2 wk ahead cum case,2022-04-02,GM02,GM02,quantile,0.25,4143133
2022-03-24,2 wk ahead cum case,2022-04-02,GM02,GM02,quantile,0.3,4145541
2022-03-24,2 wk ahead cum case,2022-04-02,GM02,GM02,quantile,0.35,4146021
2022-03-24,2 wk ahead cum case,2022-04-02,GM02,GM02,quantile,0.4,4146257
2022-03-24,2 wk ahead cum case,2022-04-02,GM02,GM02,quantile,0.45,4148438
2022-03-24,2 wk ahead cum case,2022-04-02,GM02,GM02,quantile,0.5,4151925
2022-03-24,2 wk ahead cum case,2022-04-02,GM02,GM02,quantile,0.55,4154982
2022-03-24,2 wk ahead cum case,2022-04-02,GM02,GM02,quantile,0.6,4160559
2022-03-24,2 wk ahead cum case,2022-04-02,GM02,GM02,quantile,0.65,4162391
2022-03-24,2 wk ahead cum case,2022-04-02,GM02,GM02,quantile,0.7,4163016
2022-03-24,2 wk ahead cum case,2022-04-02,GM02,GM02,quantile,0.75,4164982
2022-03-24,2 wk ahead cum case,2022-04-02,GM02,GM02,quantile,0.8,4177127
2022-03-24,2 wk ahead cum case,2022-04-02,GM02,GM02,quantile,0.85,4195395
2022-03-24,2 wk ahead cum case,2022-04-02,GM02,GM02,quantile,0.9,4208999
2022-03-24,2 wk ahead cum case,2022-04-02,GM02,GM02,quantile,0.95,4217584
2022-03-24,2 wk ahead cum case,2022-04-02,GM02,GM02,quantile,0.975,4233659
2022-03-24,2 wk ahead cum case,2022-04-02,GM02,GM02,quantile,0.99,4265117
2022-03-24,3 wk ahead inc case,2022-04-09,GM02,GM02,point,NA,294407
2022-03-24,3 wk ahead inc case,2022-04-09,GM02,GM02,quantile,0.01,0
2022-03-24,3 wk ahead inc case,2022-04-09,GM02,GM02,quantile,0.025,0
2022-03-24,3 wk ahead inc case,2022-04-09,GM02,GM02,quantile,0.05,20581
2022-03-24,3 wk ahead inc case,2022-04-09,GM02,GM02,quantile,0.1,274778
2022-03-24,3 wk ahead inc case,2022-04-09,GM02,GM02,quantile,0.15,275904
2022-03-24,3 wk ahead inc case,2022-04-09,GM02,GM02,quantile,0.2,280108
2022-03-24,3 wk ahead inc case,2022-04-09,GM02,GM02,quantile,0.25,284449
2022-03-24,3 wk ahead inc case,2022-04-09,GM02,GM02,quantile,0.3,285040
2022-03-24,3 wk ahead inc case,2022-04-09,GM02,GM02,quantile,0.35,285419
2022-03-24,3 wk ahead inc case,2022-04-09,GM02,GM02,quantile,0.4,287542
2022-03-24,3 wk ahead inc case,2022-04-09,GM02,GM02,quantile,0.45,290050
2022-03-24,3 wk ahead inc case,2022-04-09,GM02,GM02,quantile,0.5,294407
2022-03-24,3 wk ahead inc case,2022-04-09,GM02,GM02,quantile,0.55,301394
2022-03-24,3 wk ahead inc case,2022-04-09,GM02,GM02,quantile,0.6,301971
2022-03-24,3 wk ahead inc case,2022-04-09,GM02,GM02,quantile,0.65,302886
2022-03-24,3 wk ahead inc case,2022-04-09,GM02,GM02,quantile,0.7,315855
2022-03-24,3 wk ahead inc case,2022-04-09,GM02,GM02,quantile,0.75,335849
2022-03-24,3 wk ahead inc case,2022-04-09,GM02,GM02,quantile,0.8,347231
2022-03-24,3 wk ahead inc case,2022-04-09,GM02,GM02,quantile,0.85,367283
2022-03-24,3 wk ahead inc case,2022-04-09,GM02,GM02,quantile,0.9,406745
2022-03-24,3 wk ahead inc case,2022-04-09,GM02,GM02,quantile,0.95,419836
2022-03-24,3 wk ahead inc case,2022-04-09,GM02,GM02,quantile,0.975,423131
2022-03-24,3 wk ahead inc case,2022-04-09,GM02,GM02,quantile,0.99,432984
2022-03-24,3 wk ahead cum case,2022-04-09,GM02,GM02,point,NA,4446332
2022-03-24,3 wk ahead cum case,2022-04-09,GM02,GM02,quantile,0.01,4151925
2022-03-24,3 wk ahead cum case,2022-04-09,GM02,GM02,quantile,0.025,4151925
2022-03-24,3 wk ahead cum case,2022-04-09,GM02,GM02,quantile,0.05,4172506
2022-03-24,3 wk ahead cum case,2022-04-09,GM02,GM02,quantile,0.1,4426703
2022-03-24,3 wk ahead cum case,2022-04-09,GM02,GM02,quantile,0.15,4427829
2022-03-24,3 wk ahead cum case,2022-04-09,GM02,GM02,quantile,0.2,4432033
2022-03-24,3 wk ahead cum case,2022-04-09,GM02,GM02,quantile,0.25,4436374
2022-03-24,3 wk ahead cum case,2022-04-09,GM02,GM02,quantile,0.3,4436965
2022-03-24,3 wk ahead cum case,2022-04-09,GM02,GM02,quantile,0.35,4437344
2022-03-24,3 wk ahead cum case,2022-04-09,GM02,GM02,quantile,0.4,4439467
2022-03-24,3 wk ahead cum case,2022-04-09,GM02,GM02,quantile,0.45,4441975
2022-03-24,3 wk ahead cum case,2022-04-09,GM02,GM02,quantile,0.5,4446332
2022-03-24,3 wk ahead cum case,2022-04-09,GM02,GM02,quantile,0.55,4453319
2022-03-24,3 wk ahead cum case,2022-04-09,GM02,GM02,quantile,0.6,4453896
2022-03-24,3 wk ahead cum case,2022-04-09,GM02,GM02,quantile,0.65,4454811
2022-03-24,3 wk ahead cum case,2022-04-09,GM02,GM02,quantile,0.7,4467780
2022-03-24,3 wk ahead cum case,2022-04-09,GM02,GM02,quantile,0.75,4487774
2022-03-24,3 wk ahead cum case,2022-04-09,GM02,GM02,quantile,0.8,4499156
2022-03-24,3 wk ahead cum case,2022-04-09,GM02,GM02,quantile,0.85,4519208
2022-03-24,3 wk ahead cum case,2022-04-09,GM02,GM02,quantile,0.9,4558670
2022-03-24,3 wk ahead cum case,2022-04-09,GM02,GM02,quantile,0.95,4571761
2022-03-24,3 wk ahead cum case,2022-04-09,GM02,GM02,quantile,0.975,4575056
2022-03-24,3 wk ahead cum case,2022-04-09,GM02,GM02,quantile,0.99,4584909
2022-03-24,4 wk ahead inc case,2022-04-16,GM02,GM02,point,NA,264405
2022-03-24,4 wk ahead inc case,2022-04-16,GM02,GM02,quantile,0.01,228552
2022-03-24,4 wk ahead inc case,2022-04-16,GM02,GM02,quantile,0.025,235673
2022-03-24,4 wk ahead inc case,2022-04-16,GM02,GM02,quantile,0.05,237592
2022-03-24,4 wk ahead inc case,2022-04-16,GM02,GM02,quantile,0.1,238799
2022-03-24,4 wk ahead inc case,2022-04-16,GM02,GM02,quantile,0.15,247282
2022-03-24,4 wk ahead inc case,2022-04-16,GM02,GM02,quantile,0.2,248056
2022-03-24,4 wk ahead inc case,2022-04-16,GM02,GM02,quantile,0.25,249044
2022-03-24,4 wk ahead inc case,2022-04-16,GM02,GM02,quantile,0.3,252086
2022-03-24,4 wk ahead inc case,2022-04-16,GM02,GM02,quantile,0.35,256548
2022-03-24,4 wk ahead inc case,2022-04-16,GM02,GM02,quantile,0.4,257811
2022-03-24,4 wk ahead inc case,2022-04-16,GM02,GM02,quantile,0.45,261892
2022-03-24,4 wk ahead inc case,2022-04-16,GM02,GM02,quantile,0.5,264405
2022-03-24,4 wk ahead inc case,2022-04-16,GM02,GM02,quantile,0.55,265007
2022-03-24,4 wk ahead inc case,2022-04-16,GM02,GM02,quantile,0.6,268120
2022-03-24,4 wk ahead inc case,2022-04-16,GM02,GM02,quantile,0.65,283632
2022-03-24,4 wk ahead inc case,2022-04-16,GM02,GM02,quantile,0.7,305843
2022-03-24,4 wk ahead inc case,2022-04-16,GM02,GM02,quantile,0.75,316344
2022-03-24,4 wk ahead inc case,2022-04-16,GM02,GM02,quantile,0.8,339777
2022-03-24,4 wk ahead inc case,2022-04-16,GM02,GM02,quantile,0.85,368731
2022-03-24,4 wk ahead inc case,2022-04-16,GM02,GM02,quantile,0.9,373907
2022-03-24,4 wk ahead inc case,2022-04-16,GM02,GM02,quantile,0.95,391266
2022-03-24,4 wk ahead inc case,2022-04-16,GM02,GM02,quantile,0.975,397574
2022-03-24,4 wk ahead inc case,2022-04-16,GM02,GM02,quantile,0.99,400008
2022-03-24,4 wk ahead cum case,2022-04-16,GM02,GM02,point,NA,4710737
2022-03-24,4 wk ahead cum case,2022-04-16,GM02,GM02,quantile,0.01,4674884
2022-03-24,4 wk ahead cum case,2022-04-16,GM02,GM02,quantile,0.025,4682005
2022-03-24,4 wk ahead cum case,2022-04-16,GM02,GM02,quantile,0.05,4683924
2022-03-24,4 wk ahead cum case,2022-04-16,GM02,GM02,quantile,0.1,4685131
2022-03-24,4 wk ahead cum case,2022-04-16,GM02,GM02,quantile,0.15,4693614
2022-03-24,4 wk ahead cum case,2022-04-16,GM02,GM02,quantile,0.2,4694388
2022-03-24,4 wk ahead cum case,2022-04-16,GM02,GM02,quantile,0.25,4695376
2022-03-24,4 wk ahead cum case,2022-04-16,GM02,GM02,quantile,0.3,4698418
2022-03-24,4 wk ahead cum case,2022-04-16,GM02,GM02,quantile,0.35,4702880
2022-03-24,4 wk ahead cum case,2022-04-16,GM02,GM02,quantile,0.4,4704143
2022-03-24,4 wk ahead cum case,2022-04-16,GM02,GM02,quantile,0.45,4708224
2022-03-24,4 wk ahead cum case,2022-04-16,GM02,GM02,quantile,0.5,4710737
2022-03-24,4 wk ahead cum case,2022-04-16,GM02,GM02,quantile,0.55,4711339
2022-03-24,4 wk ahead cum case,2022-04-16,GM02,GM02,quantile,0.6,4714452
2022-03-24,4 wk ahead cum case,2022-04-16,GM02,GM02,quantile,0.65,4729964
2022-03-24,4 wk ahead cum case,2022-04-16,GM02,GM02,quantile,0.7,4752175
2022-03-24,4 wk ahead cum case,2022-04-16,GM02,GM02,quantile,0.75,4762676
2022-03-24,4 wk ahead cum case,2022-04-16,GM02,GM02,quantile,0.8,4786109
2022-03-24,4 wk ahead cum case,2022-04-16,GM02,GM02,quantile,0.85,4815063
2022-03-24,4 wk ahead cum case,2022-04-16,GM02,GM02,quantile,0.9,4820239
2022-03-24,4 wk ahead cum case,2022-04-16,GM02,GM02,quantile,0.95,4837598
2022-03-24,4 wk ahead cum case,2022-04-16,GM02,GM02,quantile,0.975,4843906
2022-03-24,4 wk ahead cum case,2022-04-16,GM02,GM02,quantile,0.99,4846340
2022-03-24,1 wk ahead inc case,2022-03-26,GM03,GM03,point,NA,10726
2022-03-24,1 wk ahead inc case,2022-03-26,GM03,GM03,quantile,0.01,0
2022-03-24,1 wk ahead inc case,2022-03-26,GM03,GM03,quantile,0.025,10
2022-03-24,1 wk ahead inc case,2022-03-26,GM03,GM03,quantile,0.05,1992
2022-03-24,1 wk ahead inc case,2022-03-26,GM03,GM03,quantile,0.1,6346
2022-03-24,1 wk ahead inc case,2022-03-26,GM03,GM03,quantile,0.15,6828
2022-03-24,1 wk ahead inc case,2022-03-26,GM03,GM03,quantile,0.2,7016
2022-03-24,1 wk ahead inc case,2022-03-26,GM03,GM03,quantile,0.25,7528
2022-03-24,1 wk ahead inc case,2022-03-26,GM03,GM03,quantile,0.3,8417
2022-03-24,1 wk ahead inc case,2022-03-26,GM03,GM03,quantile,0.35,9309
2022-03-24,1 wk ahead inc case,2022-03-26,GM03,GM03,quantile,0.4,9447
2022-03-24,1 wk ahead inc case,2022-03-26,GM03,GM03,quantile,0.45,10056
2022-03-24,1 wk ahead inc case,2022-03-26,GM03,GM03,quantile,0.5,10726
2022-03-24,1 wk ahead inc case,2022-03-26,GM03,GM03,quantile,0.55,11779
2022-03-24,1 wk ahead inc case,2022-03-26,GM03,GM03,quantile,0.6,12499
2022-03-24,1 wk ahead inc case,2022-03-26,GM03,GM03,quantile,0.65,12735
2022-03-24,1 wk ahead inc case,2022-03-26,GM03,GM03,quantile,0.7,13101
2022-03-24,1 wk ahead inc case,2022-03-26,GM03,GM03,quantile,0.75,13118
2022-03-24,1 wk ahead inc case,2022-03-26,GM03,GM03,quantile,0.8,13383
2022-03-24,1 wk ahead inc case,2022-03-26,GM03,GM03,quantile,0.85,13593
2022-03-24,1 wk ahead inc case,2022-03-26,GM03,GM03,quantile,0.9,14848
2022-03-24,1 wk ahead inc case,2022-03-26,GM03,GM03,quantile,0.95,15142
2022-03-24,1 wk ahead inc case,2022-03-26,GM03,GM03,quantile,0.975,15228
2022-03-24,1 wk ahead inc case,2022-03-26,GM03,GM03,quantile,0.99,15393
2022-03-24,1 wk ahead cum case,2022-03-26,GM03,GM03,point,NA,144501
2022-03-24,1 wk ahead cum case,2022-03-26,GM03,GM03,quantile,0.01,133775
2022-03-24,1 wk ahead cum case,2022-03-26,GM03,GM03,quantile,0.025,133785
2022-03-24,1 wk ahead cum case,2022-03-26,GM03,GM03,quantile,0.05,135767
2022-03-24,1 wk ahead cum case,2022-03-26,GM03,GM03,quantile,0.1,140121
2022-03-24,1 wk ahead cum case,2022-03-26,GM03,GM03,quantile,0.15,140603
2022-03-24,1 wk ahead cum case,2022-03-26,GM03,GM03,quantile,0.2,140791
2022-03-24,1 wk ahead cum case,2022-03-26,GM03,GM03,quantile,0.25,141303
2022-03-24,1 wk ahead cum case,2022-03-26,GM03,GM03,quantile,0.3,142192
2022-03-24,1 wk ahead cum case,2022-03-26,GM03,GM03,quantile,0.35,143084
2022-03-24,1 wk ahead cum case,2022-03-26,GM03,GM03,quantile,0.4,143222
2022-03-24,1 wk ahead cum case,2022-03-26,GM03,GM03,quantile,0.45,143831
2022-03-24,1 wk ahead cum case,2022-03-26,GM03,GM03,quantile,0.5,144501
2022-03-24,1 wk ahead cum case,2022-03-26,GM03,GM03,quantile,0.55,145554
2022-03-24,1 wk ahead cum case,2022-03-26,GM03,GM03,quantile,0.6,146274
2022-03-24,1 wk ahead cum case,2022-03-26,GM03,GM03,quantile,0.65,146510
2022-03-24,1 wk ahead cum case,2022-03-26,GM03,GM03,quantile,0.7,146876
2022-03-24,1 wk ahead cum case,2022-03-26,GM03,GM03,quantile,0.75,146893
2022-03-24,1 wk ahead cum case,2022-03-26,GM03,GM03,quantile,0.8,147158
2022-03-24,1 wk ahead cum case,2022-03-26,GM03,GM03,quantile,0.85,147368
2022-03-24,1 wk ahead cum case,2022-03-26,GM03,GM03,quantile,0.9,148623
2022-03-24,1 wk ahead cum case,2022-03-26,GM03,GM03,quantile,0.95,148917
2022-03-24,1 wk ahead cum case,2022-03-26,GM03,GM03,quantile,0.975,149003
2022-03-24,1 wk ahead cum case,2022-03-26,GM03,GM03,quantile,0.99,149168
2022-03-24,2 wk ahead inc case,2022-04-02,GM03,GM03,point,NA,11588
2022-03-24,2 wk ahead inc case,2022-04-02,GM03,GM03,quantile,0.01,0
2022-03-24,2 wk ahead inc case,2022-04-02,GM03,GM03,quantile,0.025,0
2022-03-24,2 wk ahead inc case,2022-04-02,GM03,GM03,quantile,0.05,2432
2022-03-24,2 wk ahead inc case,2022-04-02,GM03,GM03,quantile,0.1,2856
2022-03-24,2 wk ahead inc case,2022-04-02,GM03,GM03,quantile,0.15,3952
2022-03-24,2 wk ahead inc case,2022-04-02,GM03,GM03,quantile,0.2,8564
2022-03-24,2 wk ahead inc case,2022-04-02,GM03,GM03,quantile,0.25,9093
2022-03-24,2 wk ahead inc case,2022-04-02,GM03,GM03,quantile,0.3,9179
2022-03-24,2 wk ahead inc case,2022-04-02,GM03,GM03,quantile,0.35,9364
2022-03-24,2 wk ahead inc case,2022-04-02,GM03,GM03,quantile,0.4,10033
2022-03-24,2 wk ahead inc case,2022-04-02,GM03,GM03,quantile,0.45,10939
2022-03-24,2 wk ahead inc case,2022-04-02,GM03,GM03,quantile,0.5,11588
2022-03-24,2 wk ahead inc case,2022-04-02,GM03,GM03,quantile,0.55,11907
2022-03-24,2 wk ahead inc case,2022-04-02,GM03,GM03,quantile,0.6,12421
2022-03-24,2 wk ahead inc case,2022-04-02,GM03,GM03,quantile,0.65,14209
2022-03-24,2 wk ahead inc case,2022-04-02,GM03,GM03,quantile,0.7,14791
2022-03-24,2 wk ahead inc case,2022-04-02,GM03,GM03,quantile,0.75,15091
2022-03-24,2 wk ahead inc case,2022-04-02,GM03,GM03,quantile,0.8,15377
2022-03-24,2 wk ahead inc case,2022-04-02,GM03,GM03,quantile,0.85,15725
2022-03-24,2 wk ahead inc case,2022-04-02,GM03,GM03,quantile,0.9,17035
2022-03-24,2 wk ahead inc case,2022-04-02,GM03,GM03,quantile,0.95,17568
2022-03-24,2 wk ahead inc case,2022-04-02,GM03,GM03,quantile,0.975,17761
2022-03-24,2 wk ahead inc case,2022-04-02,GM03,GM03,quantile,0.99,18054
2022-03-24,2 wk ahead cum case,2022-04-02,GM03,GM03,point,NA,156089
2022-03-24,2 wk ahead cum case,2022-04-02,GM03,GM03,quantile,0.01,144501
2022-03-24,2 wk ahead cum case,2022-04-02,GM03,GM03,quantile,0.025,144501
2022-03-24,2 wk ahead cum case,2022-04-02,GM03,GM03,quantile,0.05,146933
2022-03-24,2 wk ahead cum case,2022-04-02,GM03,GM03,quantile,0.1,147357
2022-03-24,2 wk ahead cum case,2022-04-02,GM03,GM03,quantile,0.15,148453
2022-03-24,2 wk ahead cum case,2022-04-02,GM03,GM03,quantile,0.2,153065
2022-03-24,2 wk ahead cum case,2022-04-02,GM03,GM03,quantile,0.25,153594
2022-03-24,2 wk ahead cum case,2022-04-02,GM03,GM03,quantile,0.3,153680
2022-03-24,2 wk ahead cum case,2022-04-02,GM03,GM03,quantile,0.35,153865
2022-03-24,2 wk ahead cum case,2022-04-02,GM03,GM03,quantile,0.4,154534
2022-03-24,2 wk ahead cum case,2022-04-02,GM03,GM03,quantile,0.45,155440
2022-03-24,2 wk ahead cum case,2022-04-02,GM03,GM03,quantile,0.5,156089
2022-03-24,2 wk ahead cum case,2022-04-02,GM03,GM03,quantile,0.55,156408
2022-03-24,2 wk ahead cum case,2022-04-02,GM03,GM03,quantile,0.6,156922
2022-03-24,2 wk ahead cum case,2022-04-02,GM03,GM03,quantile,0.65,158710
2022-03-24,2 wk ahead cum case,2022-04-02,GM03,GM03,quantile,0.7,159292
2022-03-24,2 wk ahead cum case,2022-04-02,GM03,GM03,quantile,0.75,159592
2022-03-24,2 wk ahead cum case,2022-04-02,GM03,GM03,quantile,0.8,159878
2022-03-24,2 wk ahead cum case,2022-04-02,GM03,GM03,quantile,0.85,160226
2022-03-24,2 wk ahead cum case,2022-04-02,GM03,GM03,quantile,0.9,161536
2022-03-24,2 wk ahead cum case,2022-04-02,GM03,GM03,quantile,0.95,162069
2022-03-24,2 wk ahead cum case,2022-04-02,GM03,GM03,quantile,0.975,162262
2022-03-24,2 wk ahead cum case,2022-04-02,GM03,GM03,quantile,0.99,162555
2022-03-24,3 wk ahead inc case,2022-04-09,GM03,GM03,point,NA,13668
2022-03-24,3 wk ahead inc case,2022-04-09,GM03,GM03,quantile,0.01,0
2022-03-24,3 wk ahead inc case,2022-04-09,GM03,GM03,quantile,0.025,0
2022-03-24,3 wk ahead inc case,2022-04-09,GM03,GM03,quantile,0.05,1454
2022-03-24,3 wk ahead inc case,2022-04-09,GM03,GM03,quantile,0.1,5996
2022-03-24,3 wk ahead inc case,2022-04-09,GM03,GM03,quantile,0.15,6361
2022-03-24,3 wk ahead inc case,2022-04-09,GM03,GM03,quantile,0.2,6931
2022-03-24,3 wk ahead inc case,2022-04-09,GM03,GM03,quantile,0.25,7944
2022-03-24,3 wk ahead inc case,2022-04-09,GM03,GM03,quantile,0.3,11077
2022-03-24,3 wk ahead inc case,2022-04-09,GM03,GM03,quantile,0.35,12121
2022-03-24,3 wk ahead inc case,2022-04-09,GM03,GM03,quantile,0.4,12756
2022-03-24,3 wk ahead inc case,2022-04-09,GM03,GM03,quantile,0.45,12918
2022-03-24,3 wk ahead inc case,2022-04-09,GM03,GM03,quantile,0.5,13668
2022-03-24,3 wk ahead inc case,2022-04-09,GM03,GM03,quantile,0.55,14584
2022-03-24,3 wk ahead inc case,2022-04-09,GM03,GM03,quantile,0.6,15196
2022-03-24,3 wk ahead inc case,2022-04-09,GM03,GM03,quantile,0.65,15649
2022-03-24,3 wk ahead inc case,2022-04-09,GM03,GM03,quantile,0.7,16244
2022-03-24,3 wk ahead inc case,2022-04-09,GM03,GM03,quantile,0.75,17795
2022-03-24,3 wk ahead inc case,2022-04-09,GM03,GM03,quantile,0.8,18455
2022-03-24,3 wk ahead inc case,2022-04-09,GM03,GM03,quantile,0.85,18974
2022-03-24,3 wk ahead inc case,2022-04-09,GM03,GM03,quantile,0.9,22258
2022-03-24,3 wk ahead inc case,2022-04-09,GM03,GM03,quantile,0.95,24605
2022-03-24,3 wk ahead inc case,2022-04-09,GM03,GM03,quantile,0.975,25416
2022-03-24,3 wk ahead inc case,2022-04-09,GM03,GM03,quantile,0.99,26882
2022-03-24,3 wk ahead cum case,2022-04-09,GM03,GM03,point,NA,169757
2022-03-24,3 wk ahead cum case,2022-04-09,GM03,GM03,quantile,0.01,156089
2022-03-24,3 wk ahead cum case,2022-04-09,GM03,GM03,quantile,0.025,156089
2022-03-24,3 wk ahead cum case,2022-04-09,GM03,GM03,quantile,0.05,157543
2022-03-24,3 wk ahead cum case,2022-04-09,GM03,GM03,quantile,0.1,162085
2022-03-24,3 wk ahead cum case,2022-04-09,GM03,GM03,quantile,0.15,162450
2022-03-24,3 wk ahead cum case,2022-04-09,GM03,GM03,quantile,0.2,163020
2022-03-24,3 wk ahead cum case,2022-04-09,GM03,GM03,quantile,0.25,164033
2022-03-24,3 wk ahead cum case,2022-04-09,GM03,GM03,quantile,0.3,167166
2022-03-24,3 wk ahead cum case,2022-04-09,GM03,GM03,quantile,0.35,168210
2022-03-24,3 wk ahead cum case,2022-04-09,GM03,GM03,quantile,0.4,168845
2022-03-24,3 wk ahead cum case,2022-04-09,GM03,GM03,quantile,0.45,169007
2022-03-24,3 wk ahead cum case,2022-04-09,GM03,GM03,quantile,0.5,169757
2022-03-24,3 wk ahead cum case,2022-04-09,GM03,GM03,quantile,0.55,170673
2022-03-24,3 wk ahead cum case,2022-04-09,GM03,GM03,quantile,0.6,171285
2022-03-24,3 wk ahead cum case,2022-04-09,GM03,GM03,quantile,0.65,171738
2022-03-24,3 wk ahead cum case,2022-04-09,GM03,GM03,quantile,0.7,172333
2022-03-24,3 wk ahead cum case,2022-04-09,GM03,GM03,quantile,0.75,173884
2022-03-24,3 wk ahead cum case,2022-04-09,GM03,GM03,quantile,0.8,174544
2022-03-24,3 wk ahead cum case,2022-04-09,GM03,GM03,quantile,0.85,175063
2022-03-24,3 wk ahead cum case,2022-04-09,GM03,GM03,quantile,0.9,178347
2022-03-24,3 wk ahead cum case,2022-04-09,GM03,GM03,quantile,0.95,180694
2022-03-24,3 wk ahead cum case,2022-04-09,GM03,GM03,quantile,0.975,181505
2022-03-24,3 wk ahead cum case,2022-04-09,GM03,GM03,quantile,0.99,182971
2022-03-24,4 wk ahead inc case,2022-04-16,GM03,GM03,point,NA,15118
2022-03-24,4 wk ahead inc case,2022-04-16,GM03,GM03,quantile,0.01,3586
2022-03-24,4 wk ahead inc case,2022-04-16,GM03,GM03,quantile,0.025,4455
2022-03-24,4 wk ahead inc case,2022-04-16,GM03,GM03,quantile,0.05,7066
2022-03-24,4 wk ahead inc case,2022-04-16,GM03,GM03,quantile,0.1,8695
2022-03-24,4 wk ahead inc case,2022-04-16,GM03,GM03,quantile,0.15,8971
2022-03-24,4 wk ahead inc case,2022-04-16,GM03,GM03,quantile,0.2,9458
2022-03-24,4 wk ahead inc case,2022-04-16,GM03,GM03,quantile,0.25,9919
2022-03-24,4 wk ahead inc case,2022-04-16,GM03,GM03,quantile,0.3,10492
2022-03-24,4 wk ahead inc case,2022-04-16,GM03,GM03,quantile,0.35,11164
2022-03-24,4 wk ahead inc case,2022-04-16,GM03,GM03,quantile,0.4,11564
2022-03-24,4 wk ahead inc case,2022-04-16,GM03,GM03,quantile,0.45,14453
2022-03-24,4 wk ahead inc case,2022-04-16,GM03,GM03,quantile,0.5,15118
2022-03-24,4 wk ahead inc case,2022-04-16,GM03,GM03,quantile,0.55,15572
2022-03-24,4 wk ahead inc case,2022-04-16,GM03,GM03,quantile,0.6,15851
2022-03-24,4 wk ahead inc case,2022-04-16,GM03,GM03,quantile,0.65,17123
2022-03-24,4 wk ahead inc case,2022-04-16,GM03,GM03,quantile,0.7,18047
2022-03-24,4 wk ahead inc case,2022-04-16,GM03,GM03,quantile,0.75,20689
2022-03-24,4 wk ahead inc case,2022-04-16,GM03,GM03,quantile,0.8,21865
2022-03-24,4 wk ahead inc case,2022-04-16,GM03,GM03,quantile,0.85,24044
2022-03-24,4 wk ahead inc case,2022-04-16,GM03,GM03,quantile,0.9,27882
2022-03-24,4 wk ahead inc case,2022-04-16,GM03,GM03,quantile,0.95,41497
2022-03-24,4 wk ahead inc case,2022-04-16,GM03,GM03,quantile,0.975,45140
2022-03-24,4 wk ahead inc case,2022-04-16,GM03,GM03,quantile,0.99,48269
2022-03-24,4 wk ahead cum case,2022-04-16,GM03,GM03,point,NA,184875
2022-03-24,4 wk ahead cum case,2022-04-16,GM03,GM03,quantile,0.01,173343
2022-03-24,4 wk ahead cum case,2022-04-16,GM03,GM03,quantile,0.025,174212
2022-03-24,4 wk ahead cum case,2022-04-16,GM03,GM03,quantile,0.05,176823
2022-03-24,4 wk ahead cum case,2022-04-16,GM03,GM03,quantile,0.1,178452
2022-03-24,4 wk ahead cum case,2022-04-16,GM03,GM03,quantile,0.15,178728
2022-03-24,4 wk ahead cum case,2022-04-16,GM03,GM03,quantile,0.2,179215
2022-03-24,4 wk ahead cum case,2022-04-16,GM03,GM03,quantile,0.25,179676
2022-03-24,4 wk ahead cum case,2022-04-16,GM03,GM03,quantile,0.3,180249
2022-03-24,4 wk ahead cum case,2022-04-16,GM03,GM03,quantile,0.35,180921
2022-03-24,4 wk ahead cum case,2022-04-16,GM03,GM03,quantile,0.4,181321
2022-03-24,4 wk ahead cum case,2022-04-16,GM03,GM03,quantile,0.45,184210
2022-03-24,4 wk ahead cum case,2022-04-16,GM03,GM03,quantile,0.5,184875
2022-03-24,4 wk ahead cum case,2022-04-16,GM03,GM03,quantile,0.55,185329
2022-03-24,4 wk ahead cum case,2022-04-16,GM03,GM03,quantile,0.6,185608
2022-03-24,4 wk ahead cum case,2022-04-16,GM03,GM03,quantile,0.65,186880
2022-03-24,4 wk ahead cum case,2022-04-16,GM03,GM03,quantile,0.7,187804
2022-03-24,4 wk ahead cum case,2022-04-16,GM03,GM03,quantile,0.75,190446
2022-03-24,4 wk ahead cum case,2022-04-16,GM03,GM03,quantile,0.8,191622
2022-03-24,4 wk ahead cum case,2022-04-16,GM03,GM03,quantile,0.85,193801
2022-03-24,4 wk ahead cum case,2022-04-16,GM03,GM03,quantile,0.9,197639
2022-03-24,4 wk ahead cum case,2022-04-16,GM03,GM03,quantile,0.95,211254
2022-03-24,4 wk ahead cum case,2022-04-16,GM03,GM03,quantile,0.975,214897
2022-03-24,4 wk ahead cum case,2022-04-16,GM03,GM03,quantile,0.99,218026
2022-03-24,1 wk ahead inc case,2022-03-26,GM04,GM04,point,NA,28364
2022-03-24,1 wk ahead inc case,2022-03-26,GM04,GM04,quantile,0.01,0
2022-03-24,1 wk ahead inc case,2022-03-26,GM04,GM04,quantile,0.025,0
2022-03-24,1 wk ahead inc case,2022-03-26,GM04,GM04,quantile,0.05,0
2022-03-24,1 wk ahead inc case,2022-03-26,GM04,GM04,quantile,0.1,2004
2022-03-24,1 wk ahead inc case,2022-03-26,GM04,GM04,quantile,0.15,22177
2022-03-24,1 wk ahead inc case,2022-03-26,GM04,GM04,quantile,0.2,25979
2022-03-24,1 wk ahead inc case,2022-03-26,GM04,GM04,quantile,0.25,27344
2022-03-24,1 wk ahead inc case,2022-03-26,GM04,GM04,quantile,0.3,27581
2022-03-24,1 wk ahead inc case,2022-03-26,GM04,GM04,quantile,0.35,27713
2022-03-24,1 wk ahead inc case,2022-03-26,GM04,GM04,quantile,0.4,27816
2022-03-24,1 wk ahead inc case,2022-03-26,GM04,GM04,quantile,0.45,28093
2022-03-24,1 wk ahead inc case,2022-03-26,GM04,GM04,quantile,0.5,28364
2022-03-24,1 wk ahead inc case,2022-03-26,GM04,GM04,quantile,0.55,29438
2022-03-24,1 wk ahead inc case,2022-03-26,GM04,GM04,quantile,0.6,29532
2022-03-24,1 wk ahead inc case,2022-03-26,GM04,GM04,quantile,0.65,29564
2022-03-24,1 wk ahead inc case,2022-03-26,GM04,GM04,quantile,0.7,29602
2022-03-24,1 wk ahead inc case,2022-03-26,GM04,GM04,quantile,0.75,29722
2022-03-24,1 wk ahead inc case,2022-03-26,GM04,GM04,quantile,0.8,29984
2022-03-24,1 wk ahead inc case,2022-03-26,GM04,GM04,quantile,0.85,31205
2022-03-24,1 wk ahead inc case,2022-03-26,GM04,GM04,quantile,0.9,34364
2022-03-24,1 wk ahead inc case,2022-03-26,GM04,GM04,quantile,0.95,40876
2022-03-24,1 wk ahead inc case,2022-03-26,GM04,GM04,quantile,0.975,43656
2022-03-24,1 wk ahead inc case,2022-03-26,GM04,GM04,quantile,0.99,48557
2022-03-24,1 wk ahead cum case,2022-03-26,GM04,GM04,point,NA,425250
2022-03-24,1 wk ahead cum case,2022-03-26,GM04,GM04,quantile,0.01,396886
2022-03-24,1 wk ahead cum case,2022-03-26,GM04,GM04,quantile,0.025,396886
2022-03-24,1 wk ahead cum case,2022-03-26,GM04,GM04,quantile,0.05,396886
2022-03-24,1 wk ahead cum case,2022-03-26,GM04,GM04,quantile,0.1,398890
2022-03-24,1 wk ahead cum case,2022-03-26,GM04,GM04,quantile,0.15,419063
2022-03-24,1 wk ahead cum case,2022-03-26,GM04,GM04,quantile,0.2,422865
2022-03-24,1 wk ahead cum case,2022-03-26,GM04,GM04,quantile,0.25,424230
2022-03-24,1 wk ahead cum case,2022-03-26,GM04,GM04,quantile,0.3,424467
2022-03-24,1 wk ahead cum case,2022-03-26,GM04,GM04,quantile,0.35,424599
2022-03-24,1 wk ahead cum case,2022-03-26,GM04,GM04,quantile,0.4,424702
2022-03-24,1 wk ahead cum case,2022-03-26,GM04,GM04,quantile,0.45,424979
2022-03-24,1 wk ahead cum case,2022-03-26,GM04,GM04,quantile,0.5,425250
2022-03-24,1 wk ahead cum case,2022-03-26,GM04,GM04,quantile,0.55,426324
2022-03-24,1 wk ahead cum case,2022-03-26,GM04,GM04,quantile,0.6,426418
2022-03-24,1 wk ahead cum case,2022-03-26,GM04,GM04,quantile,0.65,426450
2022-03-24,1 wk ahead cum case,2022-03-26,GM04,GM04,quantile,0.7,426488
2022-03-24,1 wk ahead cum case,2022-03-26,GM04,GM04,quantile,0.75,426608
2022-03-24,1 wk ahead cum case,2022-03-26,GM04,GM04,quantile,0.8,426870
2022-03-24,1 wk ahead cum case,2022-03-26,GM04,GM04,quantile,0.85,428091
2022-03-24,1 wk ahead cum case,2022-03-26,GM04,GM04,quantile,0.9,431250
2022-03-24,1 wk ahead cum case,2022-03-26,GM04,GM04,quantile,0.95,437762
2022-03-24,1 wk ahead cum case,2022-03-26,GM04,GM04,quantile,0.975,440542
2022-03-24,1 wk ahead cum case,2022-03-26,GM04,GM04,quantile,0.99,445443
2022-03-24,2 wk ahead inc case,2022-04-02,GM04,GM04,point,NA,29455
2022-03-24,2 wk ahead inc case,2022-04-02,GM04,GM04,quantile,0.01,0
2022-03-24,2 wk ahead inc case,2022-04-02,GM04,GM04,quantile,0.025,0
2022-03-24,2 wk ahead inc case,2022-04-02,GM04,GM04,quantile,0.05,0
2022-03-24,2 wk ahead inc case,2022-04-02,GM04,GM04,quantile,0.1,6596
2022-03-24,2 wk ahead inc case,2022-04-02,GM04,GM04,quantile,0.15,18462
2022-03-24,2 wk ahead inc case,2022-04-02,GM04,GM04,quantile,0.2,24129
2022-03-24,2 wk ahead inc case,2022-04-02,GM04,GM04,quantile,0.25,24379
2022-03-24,2 wk ahead inc case,2022-04-02,GM04,GM04,quantile,0.3,26552
2022-03-24,2 wk ahead inc case,2022-04-02,GM04,GM04,quantile,0.35,27686
2022-03-24,2 wk ahead inc case,2022-04-02,GM04,GM04,quantile,0.4,28970
2022-03-24,2 wk ahead inc case,2022-04-02,GM04,GM04,quantile,0.45,29247
2022-03-24,2 wk ahead inc case,2022-04-02,GM04,GM04,quantile,0.5,29455
2022-03-24,2 wk ahead inc case,2022-04-02,GM04,GM04,quantile,0.55,29506
2022-03-24,2 wk ahead inc case,2022-04-02,GM04,GM04,quantile,0.6,29650
2022-03-24,2 wk ahead inc case,2022-04-02,GM04,GM04,quantile,0.65,29770
2022-03-24,2 wk ahead inc case,2022-04-02,GM04,GM04,quantile,0.7,30473
2022-03-24,2 wk ahead inc case,2022-04-02,GM04,GM04,quantile,0.75,30769
2022-03-24,2 wk ahead inc case,2022-04-02,GM04,GM04,quantile,0.8,31156
2022-03-24,2 wk ahead inc case,2022-04-02,GM04,GM04,quantile,0.85,32334
2022-03-24,2 wk ahead inc case,2022-04-02,GM04,GM04,quantile,0.9,34001
2022-03-24,2 wk ahead inc case,2022-04-02,GM04,GM04,quantile,0.95,40354
2022-03-24,2 wk ahead inc case,2022-04-02,GM04,GM04,quantile,0.975,43709
2022-03-24,2 wk ahead inc case,2022-04-02,GM04,GM04,quantile,0.99,45380
2022-03-24,2 wk ahead cum case,2022-04-02,GM04,GM04,point,NA,454705
2022-03-24,2 wk ahead cum case,2022-04-02,GM04,GM04,quantile,0.01,425250
2022-03-24,2 wk ahead cum case,2022-04-02,GM04,GM04,quantile,0.025,425250
2022-03-24,2 wk ahead cum case,2022-04-02,GM04,GM04,quantile,0.05,425250
2022-03-24,2 wk ahead cum case,2022-04-02,GM04,GM04,quantile,0.1,431846
2022-03-24,2 wk ahead cum case,2022-04-02,GM04,GM04,quantile,0.15,443712
2022-03-24,2 wk ahead cum case,2022-04-02,GM04,GM04,quantile,0.2,449379
2022-03-24,2 wk ahead cum case,2022-04-02,GM04,GM04,quantile,0.25,449629
2022-03-24,2 wk ahead cum case,2022-04-02,GM04,GM04,quantile,0.3,451802
2022-03-24,2 wk ahead cum case,2022-04-02,GM04,GM04,quantile,0.35,452936
2022-03-24,2 wk ahead cum case,2022-04-02,GM04,GM04,quantile,0.4,454220
2022-03-24,2 wk ahead cum case,2022-04-02,GM04,GM04,quantile,0.45,454497
2022-03-24,2 wk ahead cum case,2022-04-02,GM04,GM04,quantile,0.5,454705
2022-03-24,2 wk ahead cum case,2022-04-02,GM04,GM04,quantile,0.55,454756
2022-03-24,2 wk ahead cum case,2022-04-02,GM04,GM04,quantile,0.6,454900
2022-03-24,2 wk ahead cum case,2022-04-02,GM04,GM04,quantile,0.65,455020
2022-03-24,2 wk ahead cum case,2022-04-02,GM04,GM04,quantile,0.7,455723
2022-03-24,2 wk ahead cum case,2022-04-02,GM04,GM04,quantile,0.75,456019
2022-03-24,2 wk ahead cum case,2022-04-02,GM04,GM04,quantile,0.8,456406
2022-03-24,2 wk ahead cum case,2022-04-02,GM04,GM04,quantile,0.85,457584
2022-03-24,2 wk ahead cum case,2022-04-02,GM04,GM04,quantile,0.9,459251
2022-03-24,2 wk ahead cum case,2022-04-02,GM04,GM04,quantile,0.95,465604
2022-03-24,2 wk ahead cum case,2022-04-02,GM04,GM04,quantile,0.975,468959
2022-03-24,2 wk ahead cum case,2022-04-02,GM04,GM04,quantile,0.99,470630
2022-03-24,3 wk ahead inc case,2022-04-09,GM04,GM04,point,NA,31967
2022-03-24,3 wk ahead inc case,2022-04-09,GM04,GM04,quantile,0.01,0
2022-03-24,3 wk ahead inc case,2022-04-09,GM04,GM04,quantile,0.025,0
2022-03-24,3 wk ahead inc case,2022-04-09,GM04,GM04,quantile,0.05,0
2022-03-24,3 wk ahead inc case,2022-04-09,GM04,GM04,quantile,0.1,2474
2022-03-24,3 wk ahead inc case,2022-04-09,GM04,GM04,quantile,0.15,18335
2022-03-24,3 wk ahead inc case,2022-04-09,GM04,GM04,quantile,0.2,23602
2022-03-24,3 wk ahead inc case,2022-04-09,GM04,GM04,quantile,0.25,27018
2022-03-24,3 wk ahead inc case,2022-04-09,GM04,GM04,quantile,0.3,28303
2022-03-24,3 wk ahead inc case,2022-04-09,GM04,GM04,quantile,0.35,28884
2022-03-24,3 wk ahead inc case,2022-04-09,GM04,GM04,quantile,0.4,29451
2022-03-24,3 wk ahead inc case,2022-04-09,GM04,GM04,quantile,0.45,29600
2022-03-24,3 wk ahead inc case,2022-04-09,GM04,GM04,quantile,0.5,31967
2022-03-24,3 wk ahead inc case,2022-04-09,GM04,GM04,quantile,0.55,32576
2022-03-24,3 wk ahead inc case,2022-04-09,GM04,GM04,quantile,0.6,32694
2022-03-24,3 wk ahead inc case,2022-04-09,GM04,GM04,quantile,0.65,33048
2022-03-24,3 wk ahead inc case,2022-04-09,GM04,GM04,quantile,0.7,33154
2022-03-24,3 wk ahead inc case,2022-04-09,GM04,GM04,quantile,0.75,34097
2022-03-24,3 wk ahead inc case,2022-04-09,GM04,GM04,quantile,0.8,34566
2022-03-24,3 wk ahead inc case,2022-04-09,GM04,GM04,quantile,0.85,35180
2022-03-24,3 wk ahead inc case,2022-04-09,GM04,GM04,quantile,0.9,35939
2022-03-24,3 wk ahead inc case,2022-04-09,GM04,GM04,quantile,0.95,37201
2022-03-24,3 wk ahead inc case,2022-04-09,GM04,GM04,quantile,0.975,39408
2022-03-24,3 wk ahead inc case,2022-04-09,GM04,GM04,quantile,0.99,41882
2022-03-24,3 wk ahead cum case,2022-04-09,GM04,GM04,point,NA,486672
2022-03-24,3 wk ahead cum case,2022-04-09,GM04,GM04,quantile,0.01,454705
2022-03-24,3 wk ahead cum case,2022-04-09,GM04,GM04,quantile,0.025,454705
2022-03-24,3 wk ahead cum case,2022-04-09,GM04,GM04,quantile,0.05,454705
2022-03-24,3 wk ahead cum case,2022-04-09,GM04,GM04,quantile,0.1,457179
2022-03-24,3 wk ahead cum case,2022-04-09,GM04,GM04,quantile,0.15,473040
2022-03-24,3 wk ahead cum case,2022-04-09,GM04,GM04,quantile,0.2,478307
2022-03-24,3 wk ahead cum case,2022-04-09,GM04,GM04,quantile,0.25,481723
2022-03-24,3 wk ahead cum case,2022-04-09,GM04,GM04,quantile,0.3,483008
2022-03-24,3 wk ahead cum case,2022-04-09,GM04,GM04,quantile,0.35,483589
2022-03-24,3 wk ahead cum case,2022-04-09,GM04,GM04,quantile,0.4,484156
2022-03-24,3 wk ahead cum case,2022-04-09,GM04,GM04,quantile,0.45,484305
2022-03-24,3 wk ahead cum case,2022-04-09,GM04,GM04,quantile,0.5,486672
2022-03-24,3 wk ahead cum case,2022-04-09,GM04,GM04,quantile,0.55,487281
2022-03-24,3 wk ahead cum case,2022-04-09,GM04,GM04,quantile,0.6,487399
2022-03-24,3 wk ahead cum case,2022-04-09,GM04,GM04,quantile,0.65,487753
2022-03-24,3 wk ahead cum case,2022-04-09,GM04,GM04,quantile,0.7,487859
2022-03-24,3 wk ahead cum case,2022-04-09,GM04,GM04,quantile,0.75,488802
2022-03-24,3 wk ahead cum case,2022-04-09,GM04,GM04,quantile,0.8,489271
2022-03-24,3 wk ahead cum case,2022-04-09,GM04,GM04,quantile,0.85,489885
2022-03-24,3 wk ahead cum case,2022-04-09,GM04,GM04,quantile,0.9,490644
2022-03-24,3 wk ahead cum case,2022-04-09,GM04,GM04,quantile,0.95,491906
2022-03-24,3 wk ahead cum case,2022-04-09,GM04,GM04,quantile,0.975,494113
2022-03-24,3 wk ahead cum case,2022-04-09,GM04,GM04,quantile,0.99,496587
2022-03-24,4 wk ahead inc case,2022-04-16,GM04,GM04,point,NA,33273
2022-03-24,4 wk ahead inc case,2022-04-16,GM04,GM04,quantile,0.01,0
2022-03-24,4 wk ahead inc case,2022-04-16,GM04,GM04,quantile,0.025,0
2022-03-24,4 wk ahead inc case,2022-04-16,GM04,GM04,quantile,0.05,0
2022-03-24,4 wk ahead inc case,2022-04-16,GM04,GM04,quantile,0.1,0
2022-03-24,4 wk ahead inc case,2022-04-16,GM04,GM04,quantile,0.15,20923
2022-03-24,4 wk ahead inc case,2022-04-16,GM04,GM04,quantile,0.2,24608
2022-03-24,4 wk ahead inc case,2022-04-16,GM04,GM04,quantile,0.25,26179
2022-03-24,4 wk ahead inc case,2022-04-16,GM04,GM04,quantile,0.3,29983
2022-03-24,4 wk ahead inc case,2022-04-16,GM04,GM04,quantile,0.35,30921
2022-03-24,4 wk ahead inc case,2022-04-16,GM04,GM04,quantile,0.4,32061
2022-03-24,4 wk ahead inc case,2022-04-16,GM04,GM04,quantile,0.45,32288
2022-03-24,4 wk ahead inc case,2022-04-16,GM04,GM04,quantile,0.5,33273
2022-03-24,4 wk ahead inc case,2022-04-16,GM04,GM04,quantile,0.55,34709
2022-03-24,4 wk ahead inc case,2022-04-16,GM04,GM04,quantile,0.6,35789
2022-03-24,4 wk ahead inc case,2022-04-16,GM04,GM04,quantile,0.65,36112
2022-03-24,4 wk ahead inc case,2022-04-16,GM04,GM04,quantile,0.7,37336
2022-03-24,4 wk ahead inc case,2022-04-16,GM04,GM04,quantile,0.75,38718
2022-03-24,4 wk ahead inc case,2022-04-16,GM04,GM04,quantile,0.8,38847
2022-03-24,4 wk ahead inc case,2022-04-16,GM04,GM04,quantile,0.85,40391
2022-03-24,4 wk ahead inc case,2022-04-16,GM04,GM04,quantile,0.9,42175
2022-03-24,4 wk ahead inc case,2022-04-16,GM04,GM04,quantile,0.95,44927
2022-03-24,4 wk ahead inc case,2022-04-16,GM04,GM04,quantile,0.975,46307
2022-03-24,4 wk ahead inc case,2022-04-16,GM04,GM04,quantile,0.99,58090
2022-03-24,4 wk ahead cum case,2022-04-16,GM04,GM04,point,NA,519945
2022-03-24,4 wk ahead cum case,2022-04-16,GM04,GM04,quantile,0.01,486672
2022-03-24,4 wk ahead cum case,2022-04-16,GM04,GM04,quantile,0.025,486672
2022-03-24,4 wk ahead cum case,2022-04-16,GM04,GM04,quantile,0.05,486672
2022-03-24,4 wk ahead cum case,2022-04-16,GM04,GM04,quantile,0.1,486672
2022-03-24,4 wk ahead cum case,2022-04-16,GM04,GM04,quantile,0.15,507595
2022-03-24,4 wk ahead cum case,2022-04-16,GM04,GM04,quantile,0.2,511280
2022-03-24,4 wk ahead cum case,2022-04-16,GM04,GM04,quantile,0.25,512851
2022-03-24,4 wk ahead cum case,2022-04-16,GM04,GM04,quantile,0.3,516655
2022-03-24,4 wk ahead cum case,2022-04-16,GM04,GM04,quantile,0.35,517593
2022-03-24,4 wk ahead cum case,2022-04-16,GM04,GM04,quantile,0.4,518733
2022-03-24,4 wk ahead cum case,2022-04-16,GM04,GM04,quantile,0.45,518960
2022-03-24,4 wk ahead cum case,2022-04-16,GM04,GM04,quantile,0.5,519945
2022-03-24,4 wk ahead cum case,2022-04-16,GM04,GM04,quantile,0.55,521381
2022-03-24,4 wk ahead cum case,2022-04-16,GM04,GM04,quantile,0.6,522461
2022-03-24,4 wk ahead cum case,2022-04-16,GM04,GM04,quantile,0.65,522784
2022-03-24,4 wk ahead cum case,2022-04-16,GM04,GM04,quantile,0.7,524008
2022-03-24,4 wk ahead cum case,2022-04-16,GM04,GM04,quantile,0.75,525390
2022-03-24,4 wk ahead cum case,2022-04-16,GM04,GM04,quantile,0.8,525519
2022-03-24,4 wk ahead cum case,2022-04-16,GM04,GM04,quantile,0.85,527063
2022-03-24,4 wk ahead cum case,2022-04-16,GM04,GM04,quantile,0.9,528847
2022-03-24,4 wk ahead cum case,2022-04-16,GM04,GM04,quantile,0.95,531599
2022-03-24,4 wk ahead cum case,2022-04-16,GM04,GM04,quantile,0.975,532979
2022-03-24,4 wk ahead cum case,2022-04-16,GM04,GM04,quantile,0.99,544762
2022-03-24,1 wk ahead inc case,2022-03-26,GM05,GM05,point,NA,108861
2022-03-24,1 wk ahead inc case,2022-03-26,GM05,GM05,quantile,0.01,0
2022-03-24,1 wk ahead inc case,2022-03-26,GM05,GM05,quantile,0.025,0
2022-03-24,1 wk ahead inc case,2022-03-26,GM05,GM05,quantile,0.05,0
2022-03-24,1 wk ahead inc case,2022-03-26,GM05,GM05,quantile,0.1,18238
2022-03-24,1 wk ahead inc case,2022-03-26,GM05,GM05,quantile,0.15,45561
2022-03-24,1 wk ahead inc case,2022-03-26,GM05,GM05,quantile,0.2,52952
2022-03-24,1 wk ahead inc case,2022-03-26,GM05,GM05,quantile,0.25,81049
2022-03-24,1 wk ahead inc case,2022-03-26,GM05,GM05,quantile,0.3,89544
2022-03-24,1 wk ahead inc case,2022-03-26,GM05,GM05,quantile,0.35,104649
2022-03-24,1 wk ahead inc case,2022-03-26,GM05,GM05,quantile,0.4,106247
2022-03-24,1 wk ahead inc case,2022-03-26,GM05,GM05,quantile,0.45,107332
2022-03-24,1 wk ahead inc case,2022-03-26,GM05,GM05,quantile,0.5,108861
2022-03-24,1 wk ahead inc case,2022-03-26,GM05,GM05,quantile,0.55,109225
2022-03-24,1 wk ahead inc case,2022-03-26,GM05,GM05,quantile,0.6,110287
2022-03-24,1 wk ahead inc case,2022-03-26,GM05,GM05,quantile,0.65,111410
2022-03-24,1 wk ahead inc case,2022-03-26,GM05,GM05,quantile,0.7,111625
2022-03-24,1 wk ahead inc case,2022-03-26,GM05,GM05,quantile,0.75,111905
2022-03-24,1 wk ahead inc case,2022-03-26,GM05,GM05,quantile,0.8,112154
2022-03-24,1 wk ahead inc case,2022-03-26,GM05,GM05,quantile,0.85,114475
2022-03-24,1 wk ahead inc case,2022-03-26,GM05,GM05,quantile,0.9,117152
2022-03-24,1 wk ahead inc case,2022-03-26,GM05,GM05,quantile,0.95,127634
2022-03-24,1 wk ahead inc case,2022-03-26,GM05,GM05,quantile,0.975,133500
2022-03-24,1 wk ahead inc case,2022-03-26,GM05,GM05,quantile,0.99,135598
2022-03-24,1 wk ahead cum case,2022-03-26,GM05,GM05,point,NA,1376310
2022-03-24,1 wk ahead cum case,2022-03-26,GM05,GM05,quantile,0.01,1267449
2022-03-24,1 wk ahead cum case,2022-03-26,GM05,GM05,quantile,0.025,1267449
2022-03-24,1 wk ahead cum case,2022-03-26,GM05,GM05,quantile,0.05,1267449
2022-03-24,1 wk ahead cum case,2022-03-26,GM05,GM05,quantile,0.1,1285687
2022-03-24,1 wk ahead cum case,2022-03-26,GM05,GM05,quantile,0.15,1313010
2022-03-24,1 wk ahead cum case,2022-03-26,GM05,GM05,quantile,0.2,1320401
2022-03-24,1 wk ahead cum case,2022-03-26,GM05,GM05,quantile,0.25,1348498
2022-03-24,1 wk ahead cum case,2022-03-26,GM05,GM05,quantile,0.3,1356993
2022-03-24,1 wk ahead cum case,2022-03-26,GM05,GM05,quantile,0.35,1372098
2022-03-24,1 wk ahead cum case,2022-03-26,GM05,GM05,quantile,0.4,1373696
2022-03-24,1 wk ahead cum case,2022-03-26,GM05,GM05,quantile,0.45,1374781
2022-03-24,1 wk ahead cum case,2022-03-26,GM05,GM05,quantile,0.5,1376310
2022-03-24,1 wk ahead cum case,2022-03-26,GM05,GM05,quantile,0.55,1376674
2022-03-24,1 wk ahead cum case,2022-03-26,GM05,GM05,quantile,0.6,1377736
2022-03-24,1 wk ahead cum case,2022-03-26,GM05,GM05,quantile,0.65,1378859
2022-03-24,1 wk ahead cum case,2022-03-26,GM05,GM05,quantile,0.7,1379074
2022-03-24,1 wk ahead cum case,2022-03-26,GM05,GM05,quantile,0.75,1379354
2022-03-24,1 wk ahead cum case,2022-03-26,GM05,GM05,quantile,0.8,1379603
2022-03-24,1 wk ahead cum case,2022-03-26,GM05,GM05,quantile,0.85,1381924
2022-03-24,1 wk ahead cum case,2022-03-26,GM05,GM05,quantile,0.9,1384601
2022-03-24,1 wk ahead cum case,2022-03-26,GM05,GM05,quantile,0.95,1395083
2022-03-24,1 wk ahead cum case,2022-03-26,GM05,GM05,quantile,0.975,1400949
2022-03-24,1 wk ahead cum case,2022-03-26,GM05,GM05,quantile,0.99,1403047
2022-03-24,2 wk ahead inc case,2022-04-02,GM05,GM05,point,NA,103765
2022-03-24,2 wk ahead inc case,2022-04-02,GM05,GM05,quantile,0.01,0
2022-03-24,2 wk ahead inc case,2022-04-02,GM05,GM05,quantile,0.025,0
2022-03-24,2 wk ahead inc case,2022-04-02,GM05,GM05,quantile,0.05,0
2022-03-24,2 wk ahead inc case,2022-04-02,GM05,GM05,quantile,0.1,0
2022-03-24,2 wk ahead inc case,2022-04-02,GM05,GM05,quantile,0.15,15412
2022-03-24,2 wk ahead inc case,2022-04-02,GM05,GM05,quantile,0.2,46772
2022-03-24,2 wk ahead inc case,2022-04-02,GM05,GM05,quantile,0.25,65246
2022-03-24,2 wk ahead inc case,2022-04-02,GM05,GM05,quantile,0.3,79154
2022-03-24,2 wk ahead inc case,2022-04-02,GM05,GM05,quantile,0.35,83659
2022-03-24,2 wk ahead inc case,2022-04-02,GM05,GM05,quantile,0.4,87431
2022-03-24,2 wk ahead inc case,2022-04-02,GM05,GM05,quantile,0.45,96027
2022-03-24,2 wk ahead inc case,2022-04-02,GM05,GM05,quantile,0.5,103765
2022-03-24,2 wk ahead inc case,2022-04-02,GM05,GM05,quantile,0.55,108478
2022-03-24,2 wk ahead inc case,2022-04-02,GM05,GM05,quantile,0.6,110464
2022-03-24,2 wk ahead inc case,2022-04-02,GM05,GM05,quantile,0.65,111152
2022-03-24,2 wk ahead inc case,2022-04-02,GM05,GM05,quantile,0.7,112590
2022-03-24,2 wk ahead inc case,2022-04-02,GM05,GM05,quantile,0.75,115259
2022-03-24,2 wk ahead inc case,2022-04-02,GM05,GM05,quantile,0.8,118135
2022-03-24,2 wk ahead inc case,2022-04-02,GM05,GM05,quantile,0.85,118681
2022-03-24,2 wk ahead inc case,2022-04-02,GM05,GM05,quantile,0.9,119188
2022-03-24,2 wk ahead inc case,2022-04-02,GM05,GM05,quantile,0.95,119638
2022-03-24,2 wk ahead inc case,2022-04-02,GM05,GM05,quantile,0.975,121652
2022-03-24,2 wk ahead inc case,2022-04-02,GM05,GM05,quantile,0.99,124287
2022-03-24,2 wk ahead cum case,2022-04-02,GM05,GM05,point,NA,1480075
2022-03-24,2 wk ahead cum case,2022-04-02,GM05,GM05,quantile,0.01,1376310
2022-03-24,2 wk ahead cum case,2022-04-02,GM05,GM05,quantile,0.025,1376310
2022-03-24,2 wk ahead cum case,2022-04-02,GM05,GM05,quantile,0.05,1376310
2022-03-24,2 wk ahead cum case,2022-04-02,GM05,GM05,quantile,0.1,1376310
2022-03-24,2 wk ahead cum case,2022-04-02,GM05,GM05,quantile,0.15,1391722
2022-03-24,2 wk ahead cum case,2022-04-02,GM05,GM05,quantile,0.2,1423082
2022-03-24,2 wk ahead cum case,2022-04-02,GM05,GM05,quantile,0.25,1441556
2022-03-24,2 wk ahead cum case,2022-04-02,GM05,GM05,quantile,0.3,1455464
2022-03-24,2 wk ahead cum case,2022-04-02,GM05,GM05,quantile,0.35,1459969
2022-03-24,2 wk ahead cum case,2022-04-02,GM05,GM05,quantile,0.4,1463741
2022-03-24,2 wk ahead cum case,2022-04-02,GM05,GM05,quantile,0.45,1472337
2022-03-24,2 wk ahead cum case,2022-04-02,GM05,GM05,quantile,0.5,1480075
2022-03-24,2 wk ahead cum case,2022-04-02,GM05,GM05,quantile,0.55,1484788
2022-03-24,2 wk ahead cum case,2022-04-02,GM05,GM05,quantile,0.6,1486774
2022-03-24,2 wk ahead cum case,2022-04-02,GM05,GM05,quantile,0.65,1487462
2022-03-24,2 wk ahead cum case,2022-04-02,GM05,GM05,quantile,0.7,1488900
2022-03-24,2 wk ahead cum case,2022-04-02,GM05,GM05,quantile,0.75,1491569
2022-03-24,2 wk ahead cum case,2022-04-02,GM05,GM05,quantile,0.8,1494445
2022-03-24,2 wk ahead cum case,2022-04-02,GM05,GM05,quantile,0.85,1494991
2022-03-24,2 wk ahead cum case,2022-04-02,GM05,GM05,quantile,0.9,1495498
2022-03-24,2 wk ahead cum case,2022-04-02,GM05,GM05,quantile,0.95,1495948
2022-03-24,2 wk ahead cum case,2022-04-02,GM05,GM05,quantile,0.975,1497962
2022-03-24,2 wk ahead cum case,2022-04-02,GM05,GM05,quantile,0.99,1500597
2022-03-24,3 wk ahead inc case,2022-04-09,GM05,GM05,point,NA,105781
2022-03-24,3 wk ahead inc case,2022-04-09,GM05,GM05,quantile,0.01,0
2022-03-24,3 wk ahead inc case,2022-04-09,GM05,GM05,quantile,0.025,0
2022-03-24,3 wk ahead inc case,2022-04-09,GM05,GM05,quantile,0.05,0
2022-03-24,3 wk ahead inc case,2022-04-09,GM05,GM05,quantile,0.1,0
2022-03-24,3 wk ahead inc case,2022-04-09,GM05,GM05,quantile,0.15,13217
2022-03-24,3 wk ahead inc case,2022-04-09,GM05,GM05,quantile,0.2,57985
2022-03-24,3 wk ahead inc case,2022-04-09,GM05,GM05,quantile,0.25,73787
2022-03-24,3 wk ahead inc case,2022-04-09,GM05,GM05,quantile,0.3,84988
2022-03-24,3 wk ahead inc case,2022-04-09,GM05,GM05,quantile,0.35,100404
2022-03-24,3 wk ahead inc case,2022-04-09,GM05,GM05,quantile,0.4,104225
2022-03-24,3 wk ahead inc case,2022-04-09,GM05,GM05,quantile,0.45,104396
2022-03-24,3 wk ahead inc case,2022-04-09,GM05,GM05,quantile,0.5,105781
2022-03-24,3 wk ahead inc case,2022-04-09,GM05,GM05,quantile,0.55,109582
2022-03-24,3 wk ahead inc case,2022-04-09,GM05,GM05,quantile,0.6,113150
2022-03-24,3 wk ahead inc case,2022-04-09,GM05,GM05,quantile,0.65,116858
2022-03-24,3 wk ahead inc case,2022-04-09,GM05,GM05,quantile,0.7,121314
2022-03-24,3 wk ahead inc case,2022-04-09,GM05,GM05,quantile,0.75,127347
2022-03-24,3 wk ahead inc case,2022-04-09,GM05,GM05,quantile,0.8,128140
2022-03-24,3 wk ahead inc case,2022-04-09,GM05,GM05,quantile,0.85,134523
2022-03-24,3 wk ahead inc case,2022-04-09,GM05,GM05,quantile,0.9,137055
2022-03-24,3 wk ahead inc case,2022-04-09,GM05,GM05,quantile,0.95,146291
2022-03-24,3 wk ahead inc case,2022-04-09,GM05,GM05,quantile,0.975,149095
2022-03-24,3 wk ahead inc case,2022-04-09,GM05,GM05,quantile,0.99,154463
2022-03-24,3 wk ahead cum case,2022-04-09,GM05,GM05,point,NA,1585856
2022-03-24,3 wk ahead cum case,2022-04-09,GM05,GM05,quantile,0.01,1480075
2022-03-24,3 wk ahead cum case,2022-04-09,GM05,GM05,quantile,0.025,1480075
2022-03-24,3 wk ahead cum case,2022-04-09,GM05,GM05,quantile,0.05,1480075
2022-03-24,3 wk ahead cum case,2022-04-09,GM05,GM05,quantile,0.1,1480075
2022-03-24,3 wk ahead cum case,2022-04-09,GM05,GM05,quantile,0.15,1493292
2022-03-24,3 wk ahead cum case,2022-04-09,GM05,GM05,quantile,0.2,1538060
2022-03-24,3 wk ahead cum case,2022-04-09,GM05,GM05,quantile,0.25,1553862
2022-03-24,3 wk ahead cum case,2022-04-09,GM05,GM05,quantile,0.3,1565063
2022-03-24,3 wk ahead cum case,2022-04-09,GM05,GM05,quantile,0.35,1580479
2022-03-24,3 wk ahead cum case,2022-04-09,GM05,GM05,quantile,0.4,1584300
2022-03-24,3 wk ahead cum case,2022-04-09,GM05,GM05,quantile,0.45,1584471
2022-03-24,3 wk ahead cum case,2022-04-09,GM05,GM05,quantile,0.5,1585856
2022-03-24,3 wk ahead cum case,2022-04-09,GM05,GM05,quantile,0.55,1589657
2022-03-24,3 wk ahead cum case,2022-04-09,GM05,GM05,quantile,0.6,1593225
2022-03-24,3 wk ahead cum case,2022-04-09,GM05,GM05,quantile,0.65,1596933
2022-03-24,3 wk ahead cum case,2022-04-09,GM05,GM05,quantile,0.7,1601389
2022-03-24,3 wk ahead cum case,2022-04-09,GM05,GM05,quantile,0.75,1607422
2022-03-24,3 wk ahead cum case,2022-04-09,GM05,GM05,quantile,0.8,1608215
2022-03-24,3 wk ahead cum case,2022-04-09,GM05,GM05,quantile,0.85,1614598
2022-03-24,3 wk ahead cum case,2022-04-09,GM05,GM05,quantile,0.9,1617130
2022-03-24,3 wk ahead cum case,2022-04-09,GM05,GM05,quantile,0.95,1626366
2022-03-24,3 wk ahead cum case,2022-04-09,GM05,GM05,quantile,0.975,1629170
2022-03-24,3 wk ahead cum case,2022-04-09,GM05,GM05,quantile,0.99,1634538
2022-03-24,4 wk ahead inc case,2022-04-16,GM05,GM05,point,NA,103726
2022-03-24,4 wk ahead inc case,2022-04-16,GM05,GM05,quantile,0.01,0
2022-03-24,4 wk ahead inc case,2022-04-16,GM05,GM05,quantile,0.025,0
2022-03-24,4 wk ahead inc case,2022-04-16,GM05,GM05,quantile,0.05,0
2022-03-24,4 wk ahead inc case,2022-04-16,GM05,GM05,quantile,0.1,0
2022-03-24,4 wk ahead inc case,2022-04-16,GM05,GM05,quantile,0.15,26657
2022-03-24,4 wk ahead inc case,2022-04-16,GM05,GM05,quantile,0.2,50064
2022-03-24,4 wk ahead inc case,2022-04-16,GM05,GM05,quantile,0.25,64609
2022-03-24,4 wk ahead inc case,2022-04-16,GM05,GM05,quantile,0.3,77363
2022-03-24,4 wk ahead inc case,2022-04-16,GM05,GM05,quantile,0.35,91301
2022-03-24,4 wk ahead inc case,2022-04-16,GM05,GM05,quantile,0.4,93420
2022-03-24,4 wk ahead inc case,2022-04-16,GM05,GM05,quantile,0.45,100125
2022-03-24,4 wk ahead inc case,2022-04-16,GM05,GM05,quantile,0.5,103726
2022-03-24,4 wk ahead inc case,2022-04-16,GM05,GM05,quantile,0.55,110496
2022-03-24,4 wk ahead inc case,2022-04-16,GM05,GM05,quantile,0.6,114374
2022-03-24,4 wk ahead inc case,2022-04-16,GM05,GM05,quantile,0.65,115021
2022-03-24,4 wk ahead inc case,2022-04-16,GM05,GM05,quantile,0.7,118190
2022-03-24,4 wk ahead inc case,2022-04-16,GM05,GM05,quantile,0.75,121652
2022-03-24,4 wk ahead inc case,2022-04-16,GM05,GM05,quantile,0.8,122397
2022-03-24,4 wk ahead inc case,2022-04-16,GM05,GM05,quantile,0.85,126103
2022-03-24,4 wk ahead inc case,2022-04-16,GM05,GM05,quantile,0.9,135159
2022-03-24,4 wk ahead inc case,2022-04-16,GM05,GM05,quantile,0.95,138409
2022-03-24,4 wk ahead inc case,2022-04-16,GM05,GM05,quantile,0.975,144686
2022-03-24,4 wk ahead inc case,2022-04-16,GM05,GM05,quantile,0.99,153139
2022-03-24,4 wk ahead cum case,2022-04-16,GM05,GM05,point,NA,1689582
2022-03-24,4 wk ahead cum case,2022-04-16,GM05,GM05,quantile,0.01,1585856
2022-03-24,4 wk ahead cum case,2022-04-16,GM05,GM05,quantile,0.025,1585856
2022-03-24,4 wk ahead cum case,2022-04-16,GM05,GM05,quantile,0.05,1585856
2022-03-24,4 wk ahead cum case,2022-04-16,GM05,GM05,quantile,0.1,1585856
2022-03-24,4 wk ahead cum case,2022-04-16,GM05,GM05,quantile,0.15,1612513
2022-03-24,4 wk ahead cum case,2022-04-16,GM05,GM05,quantile,0.2,1635920
2022-03-24,4 wk ahead cum case,2022-04-16,GM05,GM05,quantile,0.25,1650465
2022-03-24,4 wk ahead cum case,2022-04-16,GM05,GM05,quantile,0.3,1663219
2022-03-24,4 wk ahead cum case,2022-04-16,GM05,GM05,quantile,0.35,1677157
2022-03-24,4 wk ahead cum case,2022-04-16,GM05,GM05,quantile,0.4,1679276
2022-03-24,4 wk ahead cum case,2022-04-16,GM05,GM05,quantile,0.45,1685981
2022-03-24,4 wk ahead cum case,2022-04-16,GM05,GM05,quantile,0.5,1689582
2022-03-24,4 wk ahead cum case,2022-04-16,GM05,GM05,quantile,0.55,1696352
2022-03-24,4 wk ahead cum case,2022-04-16,GM05,GM05,quantile,0.6,1700230
2022-03-24,4 wk ahead cum case,2022-04-16,GM05,GM05,quantile,0.65,1700877
2022-03-24,4 wk ahead cum case,2022-04-16,GM05,GM05,quantile,0.7,1704046
2022-03-24,4 wk ahead cum case,2022-04-16,GM05,GM05,quantile,0.75,1707508
2022-03-24,4 wk ahead cum case,2022-04-16,GM05,GM05,quantile,0.8,1708253
2022-03-24,4 wk ahead cum case,2022-04-16,GM05,GM05,quantile,0.85,1711959
2022-03-24,4 wk ahead cum case,2022-04-16,GM05,GM05,quantile,0.9,1721015
2022-03-24,4 wk ahead cum case,2022-04-16,GM05,GM05,quantile,0.95,1724265
2022-03-24,4 wk ahead cum case,2022-04-16,GM05,GM05,quantile,0.975,1730542
2022-03-24,4 wk ahead cum case,2022-04-16,GM05,GM05,quantile,0.99,1738995
2022-03-24,1 wk ahead inc case,2022-03-26,GM06,GM06,point,NA,196653
2022-03-24,1 wk ahead inc case,2022-03-26,GM06,GM06,quantile,0.01,0
2022-03-24,1 wk ahead inc case,2022-03-26,GM06,GM06,quantile,0.025,0
2022-03-24,1 wk ahead inc case,2022-03-26,GM06,GM06,quantile,0.05,114872
2022-03-24,1 wk ahead inc case,2022-03-26,GM06,GM06,quantile,0.1,153932
2022-03-24,1 wk ahead inc case,2022-03-26,GM06,GM06,quantile,0.15,157254
2022-03-24,1 wk ahead inc case,2022-03-26,GM06,GM06,quantile,0.2,158720
2022-03-24,1 wk ahead inc case,2022-03-26,GM06,GM06,quantile,0.25,168920
2022-03-24,1 wk ahead inc case,2022-03-26,GM06,GM06,quantile,0.3,179474
2022-03-24,1 wk ahead inc case,2022-03-26,GM06,GM06,quantile,0.35,182394
2022-03-24,1 wk ahead inc case,2022-03-26,GM06,GM06,quantile,0.4,189629
2022-03-24,1 wk ahead inc case,2022-03-26,GM06,GM06,quantile,0.45,194706
2022-03-24,1 wk ahead inc case,2022-03-26,GM06,GM06,quantile,0.5,196653
2022-03-24,1 wk ahead inc case,2022-03-26,GM06,GM06,quantile,0.55,197848
2022-03-24,1 wk ahead inc case,2022-03-26,GM06,GM06,quantile,0.6,200204
2022-03-24,1 wk ahead inc case,2022-03-26,GM06,GM06,quantile,0.65,203436
2022-03-24,1 wk ahead inc case,2022-03-26,GM06,GM06,quantile,0.7,208095
2022-03-24,1 wk ahead inc case,2022-03-26,GM06,GM06,quantile,0.75,214428
2022-03-24,1 wk ahead inc case,2022-03-26,GM06,GM06,quantile,0.8,221557
2022-03-24,1 wk ahead inc case,2022-03-26,GM06,GM06,quantile,0.85,225587
2022-03-24,1 wk ahead inc case,2022-03-26,GM06,GM06,quantile,0.9,227340
2022-03-24,1 wk ahead inc case,2022-03-26,GM06,GM06,quantile,0.95,230998
2022-03-24,1 wk ahead inc case,2022-03-26,GM06,GM06,quantile,0.975,236633
2022-03-24,1 wk ahead inc case,2022-03-26,GM06,GM06,quantile,0.99,245262
2022-03-24,1 wk ahead cum case,2022-03-26,GM06,GM06,point,NA,1598645
2022-03-24,1 wk ahead cum case,2022-03-26,GM06,GM06,quantile,0.01,1401992
2022-03-24,1 wk ahead cum case,2022-03-26,GM06,GM06,quantile,0.025,1401992
2022-03-24,1 wk ahead cum case,2022-03-26,GM06,GM06,quantile,0.05,1516864
2022-03-24,1 wk ahead cum case,2022-03-26,GM06,GM06,quantile,0.1,1555924
2022-03-24,1 wk ahead cum case,2022-03-26,GM06,GM06,quantile,0.15,1559246
2022-03-24,1 wk ahead cum case,2022-03-26,GM06,GM06,quantile,0.2,1560712
2022-03-24,1 wk ahead cum case,2022-03-26,GM06,GM06,quantile,0.25,1570912
2022-03-24,1 wk ahead cum case,2022-03-26,GM06,GM06,quantile,0.3,1581466
2022-03-24,1 wk ahead cum case,2022-03-26,GM06,GM06,quantile,0.35,1584386
2022-03-24,1 wk ahead cum case,2022-03-26,GM06,GM06,quantile,0.4,1591621
2022-03-24,1 wk ahead cum case,2022-03-26,GM06,GM06,quantile,0.45,1596698
2022-03-24,1 wk ahead cum case,2022-03-26,GM06,GM06,quantile,0.5,1598645
2022-03-24,1 wk ahead cum case,2022-03-26,GM06,GM06,quantile,0.55,1599840
2022-03-24,1 wk ahead cum case,2022-03-26,GM06,GM06,quantile,0.6,1602196
2022-03-24,1 wk ahead cum case,2022-03-26,GM06,GM06,quantile,0.65,1605428
2022-03-24,1 wk ahead cum case,2022-03-26,GM06,GM06,quantile,0.7,1610087
2022-03-24,1 wk ahead cum case,2022-03-26,GM06,GM06,quantile,0.75,1616420
2022-03-24,1 wk ahead cum case,2022-03-26,GM06,GM06,quantile,0.8,1623549
2022-03-24,1 wk ahead cum case,2022-03-26,GM06,GM06,quantile,0.85,1627579
2022-03-24,1 wk ahead cum case,2022-03-26,GM06,GM06,quantile,0.9,1629332
2022-03-24,1 wk ahead cum case,2022-03-26,GM06,GM06,quantile,0.95,1632990
2022-03-24,1 wk ahead cum case,2022-03-26,GM06,GM06,quantile,0.975,1638625
2022-03-24,1 wk ahead cum case,2022-03-26,GM06,GM06,quantile,0.99,1647254
2022-03-24,2 wk ahead inc case,2022-04-02,GM06,GM06,point,NA,198054
2022-03-24,2 wk ahead inc case,2022-04-02,GM06,GM06,quantile,0.01,0
2022-03-24,2 wk ahead inc case,2022-04-02,GM06,GM06,quantile,0.025,15528
2022-03-24,2 wk ahead inc case,2022-04-02,GM06,GM06,quantile,0.05,149694
2022-03-24,2 wk ahead inc case,2022-04-02,GM06,GM06,quantile,0.1,156848
2022-03-24,2 wk ahead inc case,2022-04-02,GM06,GM06,quantile,0.15,162325
2022-03-24,2 wk ahead inc case,2022-04-02,GM06,GM06,quantile,0.2,167354
2022-03-24,2 wk ahead inc case,2022-04-02,GM06,GM06,quantile,0.25,172637
2022-03-24,2 wk ahead inc case,2022-04-02,GM06,GM06,quantile,0.3,178800
2022-03-24,2 wk ahead inc case,2022-04-02,GM06,GM06,quantile,0.35,183842
2022-03-24,2 wk ahead inc case,2022-04-02,GM06,GM06,quantile,0.4,188579
2022-03-24,2 wk ahead inc case,2022-04-02,GM06,GM06,quantile,0.45,194874
2022-03-24,2 wk ahead inc case,2022-04-02,GM06,GM06,quantile,0.5,198054
2022-03-24,2 wk ahead inc case,2022-04-02,GM06,GM06,quantile,0.55,208188
2022-03-24,2 wk ahead inc case,2022-04-02,GM06,GM06,quantile,0.6,218228
2022-03-24,2 wk ahead inc case,2022-04-02,GM06,GM06,quantile,0.65,221060
2022-03-24,2 wk ahead inc case,2022-04-02,GM06,GM06,quantile,0.7,225992
2022-03-24,2 wk ahead inc case,2022-04-02,GM06,GM06,quantile,0.75,226759
2022-03-24,2 wk ahead inc case,2022-04-02,GM06,GM06,quantile,0.8,232033
2022-03-24,2 wk ahead inc case,2022-04-02,GM06,GM06,quantile,0.85,235555
2022-03-24,2 wk ahead inc case,2022-04-02,GM06,GM06,quantile,0.9,239726
2022-03-24,2 wk ahead inc case,2022-04-02,GM06,GM06,quantile,0.95,252728
2022-03-24,2 wk ahead inc case,2022-04-02,GM06,GM06,quantile,0.975,259077
2022-03-24,2 wk ahead inc case,2022-04-02,GM06,GM06,quantile,0.99,260638
2022-03-24,2 wk ahead cum case,2022-04-02,GM06,GM06,point,NA,1796699
2022-03-24,2 wk ahead cum case,2022-04-02,GM06,GM06,quantile,0.01,1598645
2022-03-24,2 wk ahead cum case,2022-04-02,GM06,GM06,quantile,0.025,1614173
2022-03-24,2 wk ahead cum case,2022-04-02,GM06,GM06,quantile,0.05,1748339
2022-03-24,2 wk ahead cum case,2022-04-02,GM06,GM06,quantile,0.1,1755493
2022-03-24,2 wk ahead cum case,2022-04-02,GM06,GM06,quantile,0.15,1760970
2022-03-24,2 wk ahead cum case,2022-04-02,GM06,GM06,quantile,0.2,1765999
2022-03-24,2 wk ahead cum case,2022-04-02,GM06,GM06,quantile,0.25,1771282
2022-03-24,2 wk ahead cum case,2022-04-02,GM06,GM06,quantile,0.3,1777445
2022-03-24,2 wk ahead cum case,2022-04-02,GM06,GM06,quantile,0.35,1782487
2022-03-24,2 wk ahead cum case,2022-04-02,GM06,GM06,quantile,0.4,1787224
2022-03-24,2 wk ahead cum case,2022-04-02,GM06,GM06,quantile,0.45,1793519
2022-03-24,2 wk ahead cum case,2022-04-02,GM06,GM06,quantile,0.5,1796699
2022-03-24,2 wk ahead cum case,2022-04-02,GM06,GM06,quantile,0.55,1806833
2022-03-24,2 wk ahead cum case,2022-04-02,GM06,GM06,quantile,0.6,1816873
2022-03-24,2 wk ahead cum case,2022-04-02,GM06,GM06,quantile,0.65,1819705
2022-03-24,2 wk ahead cum case,2022-04-02,GM06,GM06,quantile,0.7,1824637
2022-03-24,2 wk ahead cum case,2022-04-02,GM06,GM06,quantile,0.75,1825404
2022-03-24,2 wk ahead cum case,2022-04-02,GM06,GM06,quantile,0.8,1830678
2022-03-24,2 wk ahead cum case,2022-04-02,GM06,GM06,quantile,0.85,1834200
2022-03-24,2 wk ahead cum case,2022-04-02,GM06,GM06,quantile,0.9,1838371
2022-03-24,2 wk ahead cum case,2022-04-02,GM06,GM06,quantile,0.95,1851373
2022-03-24,2 wk ahead cum case,2022-04-02,GM06,GM06,quantile,0.975,1857722
2022-03-24,2 wk ahead cum case,2022-04-02,GM06,GM06,quantile,0.99,1859283
2022-03-24,3 wk ahead inc case,2022-04-09,GM06,GM06,point,NA,203661
2022-03-24,3 wk ahead inc case,2022-04-09,GM06,GM06,quantile,0.01,0
2022-03-24,3 wk ahead inc case,2022-04-09,GM06,GM06,quantile,0.025,20648
2022-03-24,3 wk ahead inc case,2022-04-09,GM06,GM06,quantile,0.05,136364
2022-03-24,3 wk ahead inc case,2022-04-09,GM06,GM06,quantile,0.1,143310
2022-03-24,3 wk ahead inc case,2022-04-09,GM06,GM06,quantile,0.15,150932
2022-03-24,3 wk ahead inc case,2022-04-09,GM06,GM06,quantile,0.2,160195
2022-03-24,3 wk ahead inc case,2022-04-09,GM06,GM06,quantile,0.25,166733
2022-03-24,3 wk ahead inc case,2022-04-09,GM06,GM06,quantile,0.3,173059
2022-03-24,3 wk ahead inc case,2022-04-09,GM06,GM06,quantile,0.35,185554
2022-03-24,3 wk ahead inc case,2022-04-09,GM06,GM06,quantile,0.4,196749
2022-03-24,3 wk ahead inc case,2022-04-09,GM06,GM06,quantile,0.45,202540
2022-03-24,3 wk ahead inc case,2022-04-09,GM06,GM06,quantile,0.5,203661
2022-03-24,3 wk ahead inc case,2022-04-09,GM06,GM06,quantile,0.55,207666
2022-03-24,3 wk ahead inc case,2022-04-09,GM06,GM06,quantile,0.6,214358
2022-03-24,3 wk ahead inc case,2022-04-09,GM06,GM06,quantile,0.65,221589
2022-03-24,3 wk ahead inc case,2022-04-09,GM06,GM06,quantile,0.7,227165
2022-03-24,3 wk ahead inc case,2022-04-09,GM06,GM06,quantile,0.75,229900
2022-03-24,3 wk ahead inc case,2022-04-09,GM06,GM06,quantile,0.8,235740
2022-03-24,3 wk ahead inc case,2022-04-09,GM06,GM06,quantile,0.85,244817
2022-03-24,3 wk ahead inc case,2022-04-09,GM06,GM06,quantile,0.9,251723
2022-03-24,3 wk ahead inc case,2022-04-09,GM06,GM06,quantile,0.95,256316
2022-03-24,3 wk ahead inc case,2022-04-09,GM06,GM06,quantile,0.975,258384
2022-03-24,3 wk ahead inc case,2022-04-09,GM06,GM06,quantile,0.99,262716
2022-03-24,3 wk ahead cum case,2022-04-09,GM06,GM06,point,NA,2000360
2022-03-24,3 wk ahead cum case,2022-04-09,GM06,GM06,quantile,0.01,1796699
2022-03-24,3 wk ahead cum case,2022-04-09,GM06,GM06,quantile,0.025,1817347
2022-03-24,3 wk ahead cum case,2022-04-09,GM06,GM06,quantile,0.05,1933063
2022-03-24,3 wk ahead cum case,2022-04-09,GM06,GM06,quantile,0.1,1940009
2022-03-24,3 wk ahead cum case,2022-04-09,GM06,GM06,quantile,0.15,1947631
2022-03-24,3 wk ahead cum case,2022-04-09,GM06,GM06,quantile,0.2,1956894
2022-03-24,3 wk ahead cum case,2022-04-09,GM06,GM06,quantile,0.25,1963432
2022-03-24,3 wk ahead cum case,2022-04-09,GM06,GM06,quantile,0.3,1969758
2022-03-24,3 wk ahead cum case,2022-04-09,GM06,GM06,quantile,0.35,1982253
2022-03-24,3 wk ahead cum case,2022-04-09,GM06,GM06,quantile,0.4,1993448
2022-03-24,3 wk ahead cum case,2022-04-09,GM06,GM06,quantile,0.45,1999239
2022-03-24,3 wk ahead cum case,2022-04-09,GM06,GM06,quantile,0.5,2000360
2022-03-24,3 wk ahead cum case,2022-04-09,GM06,GM06,quantile,0.55,2004365
2022-03-24,3 wk ahead cum case,2022-04-09,GM06,GM06,quantile,0.6,2011057
2022-03-24,3 wk ahead cum case,2022-04-09,GM06,GM06,quantile,0.65,2018288
2022-03-24,3 wk ahead cum case,2022-04-09,GM06,GM06,quantile,0.7,2023864
2022-03-24,3 wk ahead cum case,2022-04-09,GM06,GM06,quantile,0.75,2026599
2022-03-24,3 wk ahead cum case,2022-04-09,GM06,GM06,quantile,0.8,2032439
2022-03-24,3 wk ahead cum case,2022-04-09,GM06,GM06,quantile,0.85,2041516
2022-03-24,3 wk ahead cum case,2022-04-09,GM06,GM06,quantile,0.9,2048422
2022-03-24,3 wk ahead cum case,2022-04-09,GM06,GM06,quantile,0.95,2053015
2022-03-24,3 wk ahead cum case,2022-04-09,GM06,GM06,quantile,0.975,2055083
2022-03-24,3 wk ahead cum case,2022-04-09,GM06,GM06,quantile,0.99,2059415
2022-03-24,4 wk ahead inc case,2022-04-16,GM06,GM06,point,NA,197548
2022-03-24,4 wk ahead inc case,2022-04-16,GM06,GM06,quantile,0.01,0
2022-03-24,4 wk ahead inc case,2022-04-16,GM06,GM06,quantile,0.025,1152
2022-03-24,4 wk ahead inc case,2022-04-16,GM06,GM06,quantile,0.05,128690
2022-03-24,4 wk ahead inc case,2022-04-16,GM06,GM06,quantile,0.1,135855
2022-03-24,4 wk ahead inc case,2022-04-16,GM06,GM06,quantile,0.15,143813
2022-03-24,4 wk ahead inc case,2022-04-16,GM06,GM06,quantile,0.2,152758
2022-03-24,4 wk ahead inc case,2022-04-16,GM06,GM06,quantile,0.25,158417
2022-03-24,4 wk ahead inc case,2022-04-16,GM06,GM06,quantile,0.3,168334
2022-03-24,4 wk ahead inc case,2022-04-16,GM06,GM06,quantile,0.35,180330
2022-03-24,4 wk ahead inc case,2022-04-16,GM06,GM06,quantile,0.4,190068
2022-03-24,4 wk ahead inc case,2022-04-16,GM06,GM06,quantile,0.45,196102
2022-03-24,4 wk ahead inc case,2022-04-16,GM06,GM06,quantile,0.5,197548
2022-03-24,4 wk ahead inc case,2022-04-16,GM06,GM06,quantile,0.55,201411
2022-03-24,4 wk ahead inc case,2022-04-16,GM06,GM06,quantile,0.6,207292
2022-03-24,4 wk ahead inc case,2022-04-16,GM06,GM06,quantile,0.65,212525
2022-03-24,4 wk ahead inc case,2022-04-16,GM06,GM06,quantile,0.7,220649
2022-03-24,4 wk ahead inc case,2022-04-16,GM06,GM06,quantile,0.75,223361
2022-03-24,4 wk ahead inc case,2022-04-16,GM06,GM06,quantile,0.8,227598
2022-03-24,4 wk ahead inc case,2022-04-16,GM06,GM06,quantile,0.85,234885
2022-03-24,4 wk ahead inc case,2022-04-16,GM06,GM06,quantile,0.9,242507
2022-03-24,4 wk ahead inc case,2022-04-16,GM06,GM06,quantile,0.95,248823
2022-03-24,4 wk ahead inc case,2022-04-16,GM06,GM06,quantile,0.975,256191
2022-03-24,4 wk ahead inc case,2022-04-16,GM06,GM06,quantile,0.99,263613
2022-03-24,4 wk ahead cum case,2022-04-16,GM06,GM06,point,NA,2197908
2022-03-24,4 wk ahead cum case,2022-04-16,GM06,GM06,quantile,0.01,2000360
2022-03-24,4 wk ahead cum case,2022-04-16,GM06,GM06,quantile,0.025,2001512
2022-03-24,4 wk ahead cum case,2022-04-16,GM06,GM06,quantile,0.05,2129050
2022-03-24,4 wk ahead cum case,2022-04-16,GM06,GM06,quantile,0.1,2136215
2022-03-24,4 wk ahead cum case,2022-04-16,GM06,GM06,quantile,0.15,2144173
2022-03-24,4 wk ahead cum case,2022-04-16,GM06,GM06,quantile,0.2,2153118
2022-03-24,4 wk ahead cum case,2022-04-16,GM06,GM06,quantile,0.25,2158777
2022-03-24,4 wk ahead cum case,2022-04-16,GM06,GM06,quantile,0.3,2168694
2022-03-24,4 wk ahead cum case,2022-04-16,GM06,GM06,quantile,0.35,2180690
2022-03-24,4 wk ahead cum case,2022-04-16,GM06,GM06,quantile,0.4,2190428
2022-03-24,4 wk ahead cum case,2022-04-16,GM06,GM06,quantile,0.45,2196462
2022-03-24,4 wk ahead cum case,2022-04-16,GM06,GM06,quantile,0.5,2197908
2022-03-24,4 wk ahead cum case,2022-04-16,GM06,GM06,quantile,0.55,2201771
2022-03-24,4 wk ahead cum case,2022-04-16,GM06,GM06,quantile,0.6,2207652
2022-03-24,4 wk ahead cum case,2022-04-16,GM06,GM06,quantile,0.65,2212885
2022-03-24,4 wk ahead cum case,2022-04-16,GM06,GM06,quantile,0.7,2221009
2022-03-24,4 wk ahead cum case,2022-04-16,GM06,GM06,quantile,0.75,2223721
2022-03-24,4 wk ahead cum case,2022-04-16,GM06,GM06,quantile,0.8,2227958
2022-03-24,4 wk ahead cum case,2022-04-16,GM06,GM06,quantile,0.85,2235245
2022-03-24,4 wk ahead cum case,2022-04-16,GM06,GM06,quantile,0.9,2242867
2022-03-24,4 wk ahead cum case,2022-04-16,GM06,GM06,quantile,0.95,2249183
2022-03-24,4 wk ahead cum case,2022-04-16,GM06,GM06,quantile,0.975,2256551
2022-03-24,4 wk ahead cum case,2022-04-16,GM06,GM06,quantile,0.99,2263973
2022-03-24,1 wk ahead inc case,2022-03-26,GM07,GM07,point,NA,299976
2022-03-24,1 wk ahead inc case,2022-03-26,GM07,GM07,quantile,0.01,0
2022-03-24,1 wk ahead inc case,2022-03-26,GM07,GM07,quantile,0.025,0
2022-03-24,1 wk ahead inc case,2022-03-26,GM07,GM07,quantile,0.05,0
2022-03-24,1 wk ahead inc case,2022-03-26,GM07,GM07,quantile,0.1,285228
2022-03-24,1 wk ahead inc case,2022-03-26,GM07,GM07,quantile,0.15,289438
2022-03-24,1 wk ahead inc case,2022-03-26,GM07,GM07,quantile,0.2,289469
2022-03-24,1 wk ahead inc case,2022-03-26,GM07,GM07,quantile,0.25,290698
2022-03-24,1 wk ahead inc case,2022-03-26,GM07,GM07,quantile,0.3,296911
2022-03-24,1 wk ahead inc case,2022-03-26,GM07,GM07,quantile,0.35,298989
2022-03-24,1 wk ahead inc case,2022-03-26,GM07,GM07,quantile,0.4,299807
2022-03-24,1 wk ahead inc case,2022-03-26,GM07,GM07,quantile,0.45,299854
2022-03-24,1 wk ahead inc case,2022-03-26,GM07,GM07,quantile,0.5,299976
2022-03-24,1 wk ahead inc case,2022-03-26,GM07,GM07,quantile,0.55,300146
2022-03-24,1 wk ahead inc case,2022-03-26,GM07,GM07,quantile,0.6,301405
2022-03-24,1 wk ahead inc case,2022-03-26,GM07,GM07,quantile,0.65,303439
2022-03-24,1 wk ahead inc case,2022-03-26,GM07,GM07,quantile,0.7,305069
2022-03-24,1 wk ahead inc case,2022-03-26,GM07,GM07,quantile,0.75,309141
2022-03-24,1 wk ahead inc case,2022-03-26,GM07,GM07,quantile,0.8,315976
2022-03-24,1 wk ahead inc case,2022-03-26,GM07,GM07,quantile,0.85,316245
2022-03-24,1 wk ahead inc case,2022-03-26,GM07,GM07,quantile,0.9,317152
2022-03-24,1 wk ahead inc case,2022-03-26,GM07,GM07,quantile,0.95,326259
2022-03-24,1 wk ahead inc case,2022-03-26,GM07,GM07,quantile,0.975,341536
2022-03-24,1 wk ahead inc case,2022-03-26,GM07,GM07,quantile,0.99,374125
2022-03-24,1 wk ahead cum case,2022-03-26,GM07,GM07,point,NA,4072646
2022-03-24,1 wk ahead cum case,2022-03-26,GM07,GM07,quantile,0.01,3772670
2022-03-24,1 wk ahead cum case,2022-03-26,GM07,GM07,quantile,0.025,3772670
2022-03-24,1 wk ahead cum case,2022-03-26,GM07,GM07,quantile,0.05,3772670
2022-03-24,1 wk ahead cum case,2022-03-26,GM07,GM07,quantile,0.1,4057898
2022-03-24,1 wk ahead cum case,2022-03-26,GM07,GM07,quantile,0.15,4062108
2022-03-24,1 wk ahead cum case,2022-03-26,GM07,GM07,quantile,0.2,4062139
2022-03-24,1 wk ahead cum case,2022-03-26,GM07,GM07,quantile,0.25,4063368
2022-03-24,1 wk ahead cum case,2022-03-26,GM07,GM07,quantile,0.3,4069581
2022-03-24,1 wk ahead cum case,2022-03-26,GM07,GM07,quantile,0.35,4071659
2022-03-24,1 wk ahead cum case,2022-03-26,GM07,GM07,quantile,0.4,4072477
2022-03-24,1 wk ahead cum case,2022-03-26,GM07,GM07,quantile,0.45,4072524
2022-03-24,1 wk ahead cum case,2022-03-26,GM07,GM07,quantile,0.5,4072646
2022-03-24,1 wk ahead cum case,2022-03-26,GM07,GM07,quantile,0.55,4072816
2022-03-24,1 wk ahead cum case,2022-03-26,GM07,GM07,quantile,0.6,4074075
2022-03-24,1 wk ahead cum case,2022-03-26,GM07,GM07,quantile,0.65,4076109
2022-03-24,1 wk ahead cum case,2022-03-26,GM07,GM07,quantile,0.7,4077739
2022-03-24,1 wk ahead cum case,2022-03-26,GM07,GM07,quantile,0.75,4081811
2022-03-24,1 wk ahead cum case,2022-03-26,GM07,GM07,quantile,0.8,4088646
2022-03-24,1 wk ahead cum case,2022-03-26,GM07,GM07,quantile,0.85,4088915
2022-03-24,1 wk ahead cum case,2022-03-26,GM07,GM07,quantile,0.9,4089822
2022-03-24,1 wk ahead cum case,2022-03-26,GM07,GM07,quantile,0.95,4098929
2022-03-24,1 wk ahead cum case,2022-03-26,GM07,GM07,quantile,0.975,4114206
2022-03-24,1 wk ahead cum case,2022-03-26,GM07,GM07,quantile,0.99,4146795
2022-03-24,2 wk ahead inc case,2022-04-02,GM07,GM07,point,NA,270611
2022-03-24,2 wk ahead inc case,2022-04-02,GM07,GM07,quantile,0.01,241390
2022-03-24,2 wk ahead inc case,2022-04-02,GM07,GM07,quantile,0.025,241396
2022-03-24,2 wk ahead inc case,2022-04-02,GM07,GM07,quantile,0.05,248488
2022-03-24,2 wk ahead inc case,2022-04-02,GM07,GM07,quantile,0.1,250592
2022-03-24,2 wk ahead inc case,2022-04-02,GM07,GM07,quantile,0.15,257724
2022-03-24,2 wk ahead inc case,2022-04-02,GM07,GM07,quantile,0.2,260670
2022-03-24,2 wk ahead inc case,2022-04-02,GM07,GM07,quantile,0.25,260928
2022-03-24,2 wk ahead inc case,2022-04-02,GM07,GM07,quantile,0.3,262497
2022-03-24,2 wk ahead inc case,2022-04-02,GM07,GM07,quantile,0.35,265076
2022-03-24,2 wk ahead inc case,2022-04-02,GM07,GM07,quantile,0.4,267436
2022-03-24,2 wk ahead inc case,2022-04-02,GM07,GM07,quantile,0.45,269904
2022-03-24,2 wk ahead inc case,2022-04-02,GM07,GM07,quantile,0.5,270611
2022-03-24,2 wk ahead inc case,2022-04-02,GM07,GM07,quantile,0.55,274525
2022-03-24,2 wk ahead inc case,2022-04-02,GM07,GM07,quantile,0.6,277220
2022-03-24,2 wk ahead inc case,2022-04-02,GM07,GM07,quantile,0.65,277575
2022-03-24,2 wk ahead inc case,2022-04-02,GM07,GM07,quantile,0.7,278466
2022-03-24,2 wk ahead inc case,2022-04-02,GM07,GM07,quantile,0.75,288889
2022-03-24,2 wk ahead inc case,2022-04-02,GM07,GM07,quantile,0.8,303730
2022-03-24,2 wk ahead inc case,2022-04-02,GM07,GM07,quantile,0.85,317830
2022-03-24,2 wk ahead inc case,2022-04-02,GM07,GM07,quantile,0.9,324992
2022-03-24,2 wk ahead inc case,2022-04-02,GM07,GM07,quantile,0.95,332403
2022-03-24,2 wk ahead inc case,2022-04-02,GM07,GM07,quantile,0.975,348478
2022-03-24,2 wk ahead inc case,2022-04-02,GM07,GM07,quantile,0.99,379937
2022-03-24,2 wk ahead cum case,2022-04-02,GM07,GM07,point,NA,4343257
2022-03-24,2 wk ahead cum case,2022-04-02,GM07,GM07,quantile,0.01,4314036
2022-03-24,2 wk ahead cum case,2022-04-02,GM07,GM07,quantile,0.025,4314042
2022-03-24,2 wk ahead cum case,2022-04-02,GM07,GM07,quantile,0.05,4321134
2022-03-24,2 wk ahead cum case,2022-04-02,GM07,GM07,quantile,0.1,4323238
2022-03-24,2 wk ahead cum case,2022-04-02,GM07,GM07,quantile,0.15,4330370
2022-03-24,2 wk ahead cum case,2022-04-02,GM07,GM07,quantile,0.2,4333316
2022-03-24,2 wk ahead cum case,2022-04-02,GM07,GM07,quantile,0.25,4333574
2022-03-24,2 wk ahead cum case,2022-04-02,GM07,GM07,quantile,0.3,4335143
2022-03-24,2 wk ahead cum case,2022-04-02,GM07,GM07,quantile,0.35,4337722
2022-03-24,2 wk ahead cum case,2022-04-02,GM07,GM07,quantile,0.4,4340082
2022-03-24,2 wk ahead cum case,2022-04-02,GM07,GM07,quantile,0.45,4342550
2022-03-24,2 wk ahead cum case,2022-04-02,GM07,GM07,quantile,0.5,4343257
2022-03-24,2 wk ahead cum case,2022-04-02,GM07,GM07,quantile,0.55,4347171
2022-03-24,2 wk ahead cum case,2022-04-02,GM07,GM07,quantile,0.6,4349866
2022-03-24,2 wk ahead cum case,2022-04-02,GM07,GM07,quantile,0.65,4350221
2022-03-24,2 wk ahead cum case,2022-04-02,GM07,GM07,quantile,0.7,4351112
2022-03-24,2 wk ahead cum case,2022-04-02,GM07,GM07,quantile,0.75,4361535
2022-03-24,2 wk ahead cum case,2022-04-02,GM07,GM07,quantile,0.8,4376376
2022-03-24,2 wk ahead cum case,2022-04-02,GM07,GM07,quantile,0.85,4390476
2022-03-24,2 wk ahead cum case,2022-04-02,GM07,GM07,quantile,0.9,4397638
2022-03-24,2 wk ahead cum case,2022-04-02,GM07,GM07,quantile,0.95,4405049
2022-03-24,2 wk ahead cum case,2022-04-02,GM07,GM07,quantile,0.975,4421124
2022-03-24,2 wk ahead cum case,2022-04-02,GM07,GM07,quantile,0.99,4452583
2022-03-24,3 wk ahead inc case,2022-04-09,GM07,GM07,point,NA,256507
2022-03-24,3 wk ahead inc case,2022-04-09,GM07,GM07,quantile,0.01,220643
2022-03-24,3 wk ahead inc case,2022-04-09,GM07,GM07,quantile,0.025,220647
2022-03-24,3 wk ahead inc case,2022-04-09,GM07,GM07,quantile,0.05,225907
2022-03-24,3 wk ahead inc case,2022-04-09,GM07,GM07,quantile,0.1,229696
2022-03-24,3 wk ahead inc case,2022-04-09,GM07,GM07,quantile,0.15,235258
2022-03-24,3 wk ahead inc case,2022-04-09,GM07,GM07,quantile,0.2,239565
2022-03-24,3 wk ahead inc case,2022-04-09,GM07,GM07,quantile,0.25,241294
2022-03-24,3 wk ahead inc case,2022-04-09,GM07,GM07,quantile,0.3,244687
2022-03-24,3 wk ahead inc case,2022-04-09,GM07,GM07,quantile,0.35,248743
2022-03-24,3 wk ahead inc case,2022-04-09,GM07,GM07,quantile,0.4,249902
2022-03-24,3 wk ahead inc case,2022-04-09,GM07,GM07,quantile,0.45,254312
2022-03-24,3 wk ahead inc case,2022-04-09,GM07,GM07,quantile,0.5,256507
2022-03-24,3 wk ahead inc case,2022-04-09,GM07,GM07,quantile,0.55,257251
2022-03-24,3 wk ahead inc case,2022-04-09,GM07,GM07,quantile,0.6,268196
2022-03-24,3 wk ahead inc case,2022-04-09,GM07,GM07,quantile,0.65,274166
2022-03-24,3 wk ahead inc case,2022-04-09,GM07,GM07,quantile,0.7,294406
2022-03-24,3 wk ahead inc case,2022-04-09,GM07,GM07,quantile,0.75,302879
2022-03-24,3 wk ahead inc case,2022-04-09,GM07,GM07,quantile,0.8,322171
2022-03-24,3 wk ahead inc case,2022-04-09,GM07,GM07,quantile,0.85,337387
2022-03-24,3 wk ahead inc case,2022-04-09,GM07,GM07,quantile,0.9,361651
2022-03-24,3 wk ahead inc case,2022-04-09,GM07,GM07,quantile,0.95,374742
2022-03-24,3 wk ahead inc case,2022-04-09,GM07,GM07,quantile,0.975,378037
2022-03-24,3 wk ahead inc case,2022-04-09,GM07,GM07,quantile,0.99,387890
2022-03-24,3 wk ahead cum case,2022-04-09,GM07,GM07,point,NA,4599764
2022-03-24,3 wk ahead cum case,2022-04-09,GM07,GM07,quantile,0.01,4563900
2022-03-24,3 wk ahead cum case,2022-04-09,GM07,GM07,quantile,0.025,4563904
2022-03-24,3 wk ahead cum case,2022-04-09,GM07,GM07,quantile,0.05,4569164
2022-03-24,3 wk ahead cum case,2022-04-09,GM07,GM07,quantile,0.1,4572953
2022-03-24,3 wk ahead cum case,2022-04-09,GM07,GM07,quantile,0.15,4578515
2022-03-24,3 wk ahead cum case,2022-04-09,GM07,GM07,quantile,0.2,4582822
2022-03-24,3 wk ahead cum case,2022-04-09,GM07,GM07,quantile,0.25,4584551
2022-03-24,3 wk ahead cum case,2022-04-09,GM07,GM07,quantile,0.3,4587944
2022-03-24,3 wk ahead cum case,2022-04-09,GM07,GM07,quantile,0.35,4592000
2022-03-24,3 wk ahead cum case,2022-04-09,GM07,GM07,quantile,0.4,4593159
2022-03-24,3 wk ahead cum case,2022-04-09,GM07,GM07,quantile,0.45,4597569
2022-03-24,3 wk ahead cum case,2022-04-09,GM07,GM07,quantile,0.5,4599764
2022-03-24,3 wk ahead cum case,2022-04-09,GM07,GM07,quantile,0.55,4600508
2022-03-24,3 wk ahead cum case,2022-04-09,GM07,GM07,quantile,0.6,4611453
2022-03-24,3 wk ahead cum case,2022-04-09,GM07,GM07,quantile,0.65,4617423
2022-03-24,3 wk ahead cum case,2022-04-09,GM07,GM07,quantile,0.7,4637663
2022-03-24,3 wk ahead cum case,2022-04-09,GM07,GM07,quantile,0.75,4646136
2022-03-24,3 wk ahead cum case,2022-04-09,GM07,GM07,quantile,0.8,4665428
2022-03-24,3 wk ahead cum case,2022-04-09,GM07,GM07,quantile,0.85,4680644
2022-03-24,3 wk ahead cum case,2022-04-09,GM07,GM07,quantile,0.9,4704908
2022-03-24,3 wk ahead cum case,2022-04-09,GM07,GM07,quantile,0.95,4717999
2022-03-24,3 wk ahead cum case,2022-04-09,GM07,GM07,quantile,0.975,4721294
2022-03-24,3 wk ahead cum case,2022-04-09,GM07,GM07,quantile,0.99,4731147
2022-03-24,4 wk ahead inc case,2022-04-16,GM07,GM07,point,NA,237178
2022-03-24,4 wk ahead inc case,2022-04-16,GM07,GM07,quantile,0.01,201325
2022-03-24,4 wk ahead inc case,2022-04-16,GM07,GM07,quantile,0.025,201328
2022-03-24,4 wk ahead inc case,2022-04-16,GM07,GM07,quantile,0.05,204751
2022-03-24,4 wk ahead inc case,2022-04-16,GM07,GM07,quantile,0.1,210375
2022-03-24,4 wk ahead inc case,2022-04-16,GM07,GM07,quantile,0.15,213467
2022-03-24,4 wk ahead inc case,2022-04-16,GM07,GM07,quantile,0.2,219980
2022-03-24,4 wk ahead inc case,2022-04-16,GM07,GM07,quantile,0.25,221010
2022-03-24,4 wk ahead inc case,2022-04-16,GM07,GM07,quantile,0.3,224859
2022-03-24,4 wk ahead inc case,2022-04-16,GM07,GM07,quantile,0.35,229321
2022-03-24,4 wk ahead inc case,2022-04-16,GM07,GM07,quantile,0.4,230584
2022-03-24,4 wk ahead inc case,2022-04-16,GM07,GM07,quantile,0.45,234665
2022-03-24,4 wk ahead inc case,2022-04-16,GM07,GM07,quantile,0.5,237178
2022-03-24,4 wk ahead inc case,2022-04-16,GM07,GM07,quantile,0.55,237780
2022-03-24,4 wk ahead inc case,2022-04-16,GM07,GM07,quantile,0.6,240893
2022-03-24,4 wk ahead inc case,2022-04-16,GM07,GM07,quantile,0.65,256405
2022-03-24,4 wk ahead inc case,2022-04-16,GM07,GM07,quantile,0.7,278616
2022-03-24,4 wk ahead inc case,2022-04-16,GM07,GM07,quantile,0.75,289117
2022-03-24,4 wk ahead inc case,2022-04-16,GM07,GM07,quantile,0.8,312550
2022-03-24,4 wk ahead inc case,2022-04-16,GM07,GM07,quantile,0.85,341504
2022-03-24,4 wk ahead inc case,2022-04-16,GM07,GM07,quantile,0.9,346680
2022-03-24,4 wk ahead inc case,2022-04-16,GM07,GM07,quantile,0.95,364039
2022-03-24,4 wk ahead inc case,2022-04-16,GM07,GM07,quantile,0.975,370347
2022-03-24,4 wk ahead inc case,2022-04-16,GM07,GM07,quantile,0.99,372781
2022-03-24,4 wk ahead cum case,2022-04-16,GM07,GM07,point,NA,4836942
2022-03-24,4 wk ahead cum case,2022-04-16,GM07,GM07,quantile,0.01,4801089
2022-03-24,4 wk ahead cum case,2022-04-16,GM07,GM07,quantile,0.025,4801092
2022-03-24,4 wk ahead cum case,2022-04-16,GM07,GM07,quantile,0.05,4804515
2022-03-24,4 wk ahead cum case,2022-04-16,GM07,GM07,quantile,0.1,4810139
2022-03-24,4 wk ahead cum case,2022-04-16,GM07,GM07,quantile,0.15,4813231
2022-03-24,4 wk ahead cum case,2022-04-16,GM07,GM07,quantile,0.2,4819744
2022-03-24,4 wk ahead cum case,2022-04-16,GM07,GM07,quantile,0.25,4820774
2022-03-24,4 wk ahead cum case,2022-04-16,GM07,GM07,quantile,0.3,4824623
2022-03-24,4 wk ahead cum case,2022-04-16,GM07,GM07,quantile,0.35,4829085
2022-03-24,4 wk ahead cum case,2022-04-16,GM07,GM07,quantile,0.4,4830348
2022-03-24,4 wk ahead cum case,2022-04-16,GM07,GM07,quantile,0.45,4834429
2022-03-24,4 wk ahead cum case,2022-04-16,GM07,GM07,quantile,0.5,4836942
2022-03-24,4 wk ahead cum case,2022-04-16,GM07,GM07,quantile,0.55,4837544
2022-03-24,4 wk ahead cum case,2022-04-16,GM07,GM07,quantile,0.6,4840657
2022-03-24,4 wk ahead cum case,2022-04-16,GM07,GM07,quantile,0.65,4856169
2022-03-24,4 wk ahead cum case,2022-04-16,GM07,GM07,quantile,0.7,4878380
2022-03-24,4 wk ahead cum case,2022-04-16,GM07,GM07,quantile,0.75,4888881
2022-03-24,4 wk ahead cum case,2022-04-16,GM07,GM07,quantile,0.8,4912314
2022-03-24,4 wk ahead cum case,2022-04-16,GM07,GM07,quantile,0.85,4941268
2022-03-24,4 wk ahead cum case,2022-04-16,GM07,GM07,quantile,0.9,4946444
2022-03-24,4 wk ahead cum case,2022-04-16,GM07,GM07,quantile,0.95,4963803
2022-03-24,4 wk ahead cum case,2022-04-16,GM07,GM07,quantile,0.975,4970111
2022-03-24,4 wk ahead cum case,2022-04-16,GM07,GM07,quantile,0.99,4972545
2022-03-24,1 wk ahead inc case,2022-03-26,GM08,GM08,point,NA,77346
2022-03-24,1 wk ahead inc case,2022-03-26,GM08,GM08,quantile,0.01,63242
2022-03-24,1 wk ahead inc case,2022-03-26,GM08,GM08,quantile,0.025,64982
2022-03-24,1 wk ahead inc case,2022-03-26,GM08,GM08,quantile,0.05,66955
2022-03-24,1 wk ahead inc case,2022-03-26,GM08,GM08,quantile,0.1,72619
2022-03-24,1 wk ahead inc case,2022-03-26,GM08,GM08,quantile,0.15,73537
2022-03-24,1 wk ahead inc case,2022-03-26,GM08,GM08,quantile,0.2,74701
2022-03-24,1 wk ahead inc case,2022-03-26,GM08,GM08,quantile,0.25,76837
2022-03-24,1 wk ahead inc case,2022-03-26,GM08,GM08,quantile,0.3,77007
2022-03-24,1 wk ahead inc case,2022-03-26,GM08,GM08,quantile,0.35,77250
2022-03-24,1 wk ahead inc case,2022-03-26,GM08,GM08,quantile,0.4,77266
2022-03-24,1 wk ahead inc case,2022-03-26,GM08,GM08,quantile,0.45,77280
2022-03-24,1 wk ahead inc case,2022-03-26,GM08,GM08,quantile,0.5,77346
2022-03-24,1 wk ahead inc case,2022-03-26,GM08,GM08,quantile,0.55,77485
2022-03-24,1 wk ahead inc case,2022-03-26,GM08,GM08,quantile,0.6,78475
2022-03-24,1 wk ahead inc case,2022-03-26,GM08,GM08,quantile,0.65,80342
2022-03-24,1 wk ahead inc case,2022-03-26,GM08,GM08,quantile,0.7,80941
2022-03-24,1 wk ahead inc case,2022-03-26,GM08,GM08,quantile,0.75,82909
2022-03-24,1 wk ahead inc case,2022-03-26,GM08,GM08,quantile,0.8,85209
2022-03-24,1 wk ahead inc case,2022-03-26,GM08,GM08,quantile,0.85,92020
2022-03-24,1 wk ahead inc case,2022-03-26,GM08,GM08,quantile,0.9,95214
2022-03-24,1 wk ahead inc case,2022-03-26,GM08,GM08,quantile,0.95,96884
2022-03-24,1 wk ahead inc case,2022-03-26,GM08,GM08,quantile,0.975,99282
2022-03-24,1 wk ahead inc case,2022-03-26,GM08,GM08,quantile,0.99,104983
2022-03-24,1 wk ahead cum case,2022-03-26,GM08,GM08,point,NA,831561
2022-03-24,1 wk ahead cum case,2022-03-26,GM08,GM08,quantile,0.01,817457
2022-03-24,1 wk ahead cum case,2022-03-26,GM08,GM08,quantile,0.025,819197
2022-03-24,1 wk ahead cum case,2022-03-26,GM08,GM08,quantile,0.05,821170
2022-03-24,1 wk ahead cum case,2022-03-26,GM08,GM08,quantile,0.1,826834
2022-03-24,1 wk ahead cum case,2022-03-26,GM08,GM08,quantile,0.15,827752
2022-03-24,1 wk ahead cum case,2022-03-26,GM08,GM08,quantile,0.2,828916
2022-03-24,1 wk ahead cum case,2022-03-26,GM08,GM08,quantile,0.25,831052
2022-03-24,1 wk ahead cum case,2022-03-26,GM08,GM08,quantile,0.3,831222
2022-03-24,1 wk ahead cum case,2022-03-26,GM08,GM08,quantile,0.35,831465
2022-03-24,1 wk ahead cum case,2022-03-26,GM08,GM08,quantile,0.4,831481
2022-03-24,1 wk ahead cum case,2022-03-26,GM08,GM08,quantile,0.45,831495
2022-03-24,1 wk ahead cum case,2022-03-26,GM08,GM08,quantile,0.5,831561
2022-03-24,1 wk ahead cum case,2022-03-26,GM08,GM08,quantile,0.55,831700
2022-03-24,1 wk ahead cum case,2022-03-26,GM08,GM08,quantile,0.6,832690
2022-03-24,1 wk ahead cum case,2022-03-26,GM08,GM08,quantile,0.65,834557
2022-03-24,1 wk ahead cum case,2022-03-26,GM08,GM08,quantile,0.7,835156
2022-03-24,1 wk ahead cum case,2022-03-26,GM08,GM08,quantile,0.75,837124
2022-03-24,1 wk ahead cum case,2022-03-26,GM08,GM08,quantile,0.8,839424
2022-03-24,1 wk ahead cum case,2022-03-26,GM08,GM08,quantile,0.85,846235
2022-03-24,1 wk ahead cum case,2022-03-26,GM08,GM08,quantile,0.9,849429
2022-03-24,1 wk ahead cum case,2022-03-26,GM08,GM08,quantile,0.95,851099
2022-03-24,1 wk ahead cum case,2022-03-26,GM08,GM08,quantile,0.975,853497
2022-03-24,1 wk ahead cum case,2022-03-26,GM08,GM08,quantile,0.99,859198
2022-03-24,2 wk ahead inc case,2022-04-02,GM08,GM08,point,NA,74869
2022-03-24,2 wk ahead inc case,2022-04-02,GM08,GM08,quantile,0.01,0
2022-03-24,2 wk ahead inc case,2022-04-02,GM08,GM08,quantile,0.025,46578
2022-03-24,2 wk ahead inc case,2022-04-02,GM08,GM08,quantile,0.05,56558
2022-03-24,2 wk ahead inc case,2022-04-02,GM08,GM08,quantile,0.1,59579
2022-03-24,2 wk ahead inc case,2022-04-02,GM08,GM08,quantile,0.15,59864
2022-03-24,2 wk ahead inc case,2022-04-02,GM08,GM08,quantile,0.2,60392
2022-03-24,2 wk ahead inc case,2022-04-02,GM08,GM08,quantile,0.25,61709
2022-03-24,2 wk ahead inc case,2022-04-02,GM08,GM08,quantile,0.3,63468
2022-03-24,2 wk ahead inc case,2022-04-02,GM08,GM08,quantile,0.35,64434
2022-03-24,2 wk ahead inc case,2022-04-02,GM08,GM08,quantile,0.4,67711
2022-03-24,2 wk ahead inc case,2022-04-02,GM08,GM08,quantile,0.45,72173
2022-03-24,2 wk ahead inc case,2022-04-02,GM08,GM08,quantile,0.5,74869
2022-03-24,2 wk ahead inc case,2022-04-02,GM08,GM08,quantile,0.55,76385
2022-03-24,2 wk ahead inc case,2022-04-02,GM08,GM08,quantile,0.6,78957
2022-03-24,2 wk ahead inc case,2022-04-02,GM08,GM08,quantile,0.65,83698
2022-03-24,2 wk ahead inc case,2022-04-02,GM08,GM08,quantile,0.7,90432
2022-03-24,2 wk ahead inc case,2022-04-02,GM08,GM08,quantile,0.75,93030
2022-03-24,2 wk ahead inc case,2022-04-02,GM08,GM08,quantile,0.8,96906
2022-03-24,2 wk ahead inc case,2022-04-02,GM08,GM08,quantile,0.85,98459
2022-03-24,2 wk ahead inc case,2022-04-02,GM08,GM08,quantile,0.9,99421
2022-03-24,2 wk ahead inc case,2022-04-02,GM08,GM08,quantile,0.95,100021
2022-03-24,2 wk ahead inc case,2022-04-02,GM08,GM08,quantile,0.975,102212
2022-03-24,2 wk ahead inc case,2022-04-02,GM08,GM08,quantile,0.99,108298
2022-03-24,2 wk ahead cum case,2022-04-02,GM08,GM08,point,NA,906430
2022-03-24,2 wk ahead cum case,2022-04-02,GM08,GM08,quantile,0.01,831561
2022-03-24,2 wk ahead cum case,2022-04-02,GM08,GM08,quantile,0.025,878139
2022-03-24,2 wk ahead cum case,2022-04-02,GM08,GM08,quantile,0.05,888119
2022-03-24,2 wk ahead cum case,2022-04-02,GM08,GM08,quantile,0.1,891140
2022-03-24,2 wk ahead cum case,2022-04-02,GM08,GM08,quantile,0.15,891425
2022-03-24,2 wk ahead cum case,2022-04-02,GM08,GM08,quantile,0.2,891953
2022-03-24,2 wk ahead cum case,2022-04-02,GM08,GM08,quantile,0.25,893270
2022-03-24,2 wk ahead cum case,2022-04-02,GM08,GM08,quantile,0.3,895029
2022-03-24,2 wk ahead cum case,2022-04-02,GM08,GM08,quantile,0.35,895995
2022-03-24,2 wk ahead cum case,2022-04-02,GM08,GM08,quantile,0.4,899272
2022-03-24,2 wk ahead cum case,2022-04-02,GM08,GM08,quantile,0.45,903734
2022-03-24,2 wk ahead cum case,2022-04-02,GM08,GM08,quantile,0.5,906430
2022-03-24,2 wk ahead cum case,2022-04-02,GM08,GM08,quantile,0.55,907946
2022-03-24,2 wk ahead cum case,2022-04-02,GM08,GM08,quantile,0.6,910518
2022-03-24,2 wk ahead cum case,2022-04-02,GM08,GM08,quantile,0.65,915259
2022-03-24,2 wk ahead cum case,2022-04-02,GM08,GM08,quantile,0.7,921993
2022-03-24,2 wk ahead cum case,2022-04-02,GM08,GM08,quantile,0.75,924591
2022-03-24,2 wk ahead cum case,2022-04-02,GM08,GM08,quantile,0.8,928467
2022-03-24,2 wk ahead cum case,2022-04-02,GM08,GM08,quantile,0.85,930020
2022-03-24,2 wk ahead cum case,2022-04-02,GM08,GM08,quantile,0.9,930982
2022-03-24,2 wk ahead cum case,2022-04-02,GM08,GM08,quantile,0.95,931582
2022-03-24,2 wk ahead cum case,2022-04-02,GM08,GM08,quantile,0.975,933773
2022-03-24,2 wk ahead cum case,2022-04-02,GM08,GM08,quantile,0.99,939859
2022-03-24,3 wk ahead inc case,2022-04-09,GM08,GM08,point,NA,72674
2022-03-24,3 wk ahead inc case,2022-04-09,GM08,GM08,quantile,0.01,0
2022-03-24,3 wk ahead inc case,2022-04-09,GM08,GM08,quantile,0.025,35215
2022-03-24,3 wk ahead inc case,2022-04-09,GM08,GM08,quantile,0.05,37043
2022-03-24,3 wk ahead inc case,2022-04-09,GM08,GM08,quantile,0.1,40064
2022-03-24,3 wk ahead inc case,2022-04-09,GM08,GM08,quantile,0.15,42256
2022-03-24,3 wk ahead inc case,2022-04-09,GM08,GM08,quantile,0.2,52338
2022-03-24,3 wk ahead inc case,2022-04-09,GM08,GM08,quantile,0.25,58471
2022-03-24,3 wk ahead inc case,2022-04-09,GM08,GM08,quantile,0.3,62570
2022-03-24,3 wk ahead inc case,2022-04-09,GM08,GM08,quantile,0.35,64872
2022-03-24,3 wk ahead inc case,2022-04-09,GM08,GM08,quantile,0.4,66530
2022-03-24,3 wk ahead inc case,2022-04-09,GM08,GM08,quantile,0.45,67248
2022-03-24,3 wk ahead inc case,2022-04-09,GM08,GM08,quantile,0.5,72674
2022-03-24,3 wk ahead inc case,2022-04-09,GM08,GM08,quantile,0.55,73614
2022-03-24,3 wk ahead inc case,2022-04-09,GM08,GM08,quantile,0.6,76948
2022-03-24,3 wk ahead inc case,2022-04-09,GM08,GM08,quantile,0.65,80266
2022-03-24,3 wk ahead inc case,2022-04-09,GM08,GM08,quantile,0.7,82468
2022-03-24,3 wk ahead inc case,2022-04-09,GM08,GM08,quantile,0.75,88556
2022-03-24,3 wk ahead inc case,2022-04-09,GM08,GM08,quantile,0.8,90384
2022-03-24,3 wk ahead inc case,2022-04-09,GM08,GM08,quantile,0.85,92306
2022-03-24,3 wk ahead inc case,2022-04-09,GM08,GM08,quantile,0.9,97649
2022-03-24,3 wk ahead inc case,2022-04-09,GM08,GM08,quantile,0.95,118608
2022-03-24,3 wk ahead inc case,2022-04-09,GM08,GM08,quantile,0.975,127061
2022-03-24,3 wk ahead inc case,2022-04-09,GM08,GM08,quantile,0.99,136857
2022-03-24,3 wk ahead cum case,2022-04-09,GM08,GM08,point,NA,979104
2022-03-24,3 wk ahead cum case,2022-04-09,GM08,GM08,quantile,0.01,906430
2022-03-24,3 wk ahead cum case,2022-04-09,GM08,GM08,quantile,0.025,941645
2022-03-24,3 wk ahead cum case,2022-04-09,GM08,GM08,quantile,0.05,943473
2022-03-24,3 wk ahead cum case,2022-04-09,GM08,GM08,quantile,0.1,946494
2022-03-24,3 wk ahead cum case,2022-04-09,GM08,GM08,quantile,0.15,948686
2022-03-24,3 wk ahead cum case,2022-04-09,GM08,GM08,quantile,0.2,958768
2022-03-24,3 wk ahead cum case,2022-04-09,GM08,GM08,quantile,0.25,964901
2022-03-24,3 wk ahead cum case,2022-04-09,GM08,GM08,quantile,0.3,969000
2022-03-24,3 wk ahead cum case,2022-04-09,GM08,GM08,quantile,0.35,971302
2022-03-24,3 wk ahead cum case,2022-04-09,GM08,GM08,quantile,0.4,972960
2022-03-24,3 wk ahead cum case,2022-04-09,GM08,GM08,quantile,0.45,973678
2022-03-24,3 wk ahead cum case,2022-04-09,GM08,GM08,quantile,0.5,979104
2022-03-24,3 wk ahead cum case,2022-04-09,GM08,GM08,quantile,0.55,980044
2022-03-24,3 wk ahead cum case,2022-04-09,GM08,GM08,quantile,0.6,983378
2022-03-24,3 wk ahead cum case,2022-04-09,GM08,GM08,quantile,0.65,986696
2022-03-24,3 wk ahead cum case,2022-04-09,GM08,GM08,quantile,0.7,988898
2022-03-24,3 wk ahead cum case,2022-04-09,GM08,GM08,quantile,0.75,994986
2022-03-24,3 wk ahead cum case,2022-04-09,GM08,GM08,quantile,0.8,996814
2022-03-24,3 wk ahead cum case,2022-04-09,GM08,GM08,quantile,0.85,998736
2022-03-24,3 wk ahead cum case,2022-04-09,GM08,GM08,quantile,0.9,1004079
2022-03-24,3 wk ahead cum case,2022-04-09,GM08,GM08,quantile,0.95,1025038
2022-03-24,3 wk ahead cum case,2022-04-09,GM08,GM08,quantile,0.975,1033491
2022-03-24,3 wk ahead cum case,2022-04-09,GM08,GM08,quantile,0.99,1043287
2022-03-24,4 wk ahead inc case,2022-04-16,GM08,GM08,point,NA,67808
2022-03-24,4 wk ahead inc case,2022-04-16,GM08,GM08,quantile,0.01,22191
2022-03-24,4 wk ahead inc case,2022-04-16,GM08,GM08,quantile,0.025,25658
2022-03-24,4 wk ahead inc case,2022-04-16,GM08,GM08,quantile,0.05,28537
2022-03-24,4 wk ahead inc case,2022-04-16,GM08,GM08,quantile,0.1,29944
2022-03-24,4 wk ahead inc case,2022-04-16,GM08,GM08,quantile,0.15,34980
2022-03-24,4 wk ahead inc case,2022-04-16,GM08,GM08,quantile,0.2,37527
2022-03-24,4 wk ahead inc case,2022-04-16,GM08,GM08,quantile,0.25,44524
2022-03-24,4 wk ahead inc case,2022-04-16,GM08,GM08,quantile,0.3,47910
2022-03-24,4 wk ahead inc case,2022-04-16,GM08,GM08,quantile,0.35,52349
2022-03-24,4 wk ahead inc case,2022-04-16,GM08,GM08,quantile,0.4,57690
2022-03-24,4 wk ahead inc case,2022-04-16,GM08,GM08,quantile,0.45,62632
2022-03-24,4 wk ahead inc case,2022-04-16,GM08,GM08,quantile,0.5,67808
2022-03-24,4 wk ahead inc case,2022-04-16,GM08,GM08,quantile,0.55,71230
2022-03-24,4 wk ahead inc case,2022-04-16,GM08,GM08,quantile,0.6,74391
2022-03-24,4 wk ahead inc case,2022-04-16,GM08,GM08,quantile,0.65,82684
2022-03-24,4 wk ahead inc case,2022-04-16,GM08,GM08,quantile,0.7,85122
2022-03-24,4 wk ahead inc case,2022-04-16,GM08,GM08,quantile,0.75,88004
2022-03-24,4 wk ahead inc case,2022-04-16,GM08,GM08,quantile,0.8,89896
2022-03-24,4 wk ahead inc case,2022-04-16,GM08,GM08,quantile,0.85,90226
2022-03-24,4 wk ahead inc case,2022-04-16,GM08,GM08,quantile,0.9,93481
2022-03-24,4 wk ahead inc case,2022-04-16,GM08,GM08,quantile,0.95,106671
2022-03-24,4 wk ahead inc case,2022-04-16,GM08,GM08,quantile,0.975,112817
2022-03-24,4 wk ahead inc case,2022-04-16,GM08,GM08,quantile,0.99,120138
2022-03-24,4 wk ahead cum case,2022-04-16,GM08,GM08,point,NA,1046912
2022-03-24,4 wk ahead cum case,2022-04-16,GM08,GM08,quantile,0.01,1001295
2022-03-24,4 wk ahead cum case,2022-04-16,GM08,GM08,quantile,0.025,1004762
2022-03-24,4 wk ahead cum case,2022-04-16,GM08,GM08,quantile,0.05,1007641
2022-03-24,4 wk ahead cum case,2022-04-16,GM08,GM08,quantile,0.1,1009048
2022-03-24,4 wk ahead cum case,2022-04-16,GM08,GM08,quantile,0.15,1014084
2022-03-24,4 wk ahead cum case,2022-04-16,GM08,GM08,quantile,0.2,1016631
2022-03-24,4 wk ahead cum case,2022-04-16,GM08,GM08,quantile,0.25,1023628
2022-03-24,4 wk ahead cum case,2022-04-16,GM08,GM08,quantile,0.3,1027014
2022-03-24,4 wk ahead cum case,2022-04-16,GM08,GM08,quantile,0.35,1031453
2022-03-24,4 wk ahead cum case,2022-04-16,GM08,GM08,quantile,0.4,1036794
2022-03-24,4 wk ahead cum case,2022-04-16,GM08,GM08,quantile,0.45,1041736
2022-03-24,4 wk ahead cum case,2022-04-16,GM08,GM08,quantile,0.5,1046912
2022-03-24,4 wk ahead cum case,2022-04-16,GM08,GM08,quantile,0.55,1050334
2022-03-24,4 wk ahead cum case,2022-04-16,GM08,GM08,quantile,0.6,1053495
2022-03-24,4 wk ahead cum case,2022-04-16,GM08,GM08,quantile,0.65,1061788
2022-03-24,4 wk ahead cum case,2022-04-16,GM08,GM08,quantile,0.7,1064226
2022-03-24,4 wk ahead cum case,2022-04-16,GM08,GM08,quantile,0.75,1067108
2022-03-24,4 wk ahead cum case,2022-04-16,GM08,GM08,quantile,0.8,1069000
2022-03-24,4 wk ahead cum case,2022-04-16,GM08,GM08,quantile,0.85,1069330
2022-03-24,4 wk ahead cum case,2022-04-16,GM08,GM08,quantile,0.9,1072585
2022-03-24,4 wk ahead cum case,2022-04-16,GM08,GM08,quantile,0.95,1085775
2022-03-24,4 wk ahead cum case,2022-04-16,GM08,GM08,quantile,0.975,1091921
2022-03-24,4 wk ahead cum case,2022-04-16,GM08,GM08,quantile,0.99,1099242
2022-03-24,1 wk ahead inc case,2022-03-26,GM09,GM09,point,NA,23692
2022-03-24,1 wk ahead inc case,2022-03-26,GM09,GM09,quantile,0.01,0
2022-03-24,1 wk ahead inc case,2022-03-26,GM09,GM09,quantile,0.025,0
2022-03-24,1 wk ahead inc case,2022-03-26,GM09,GM09,quantile,0.05,17727
2022-03-24,1 wk ahead inc case,2022-03-26,GM09,GM09,quantile,0.1,20793
2022-03-24,1 wk ahead inc case,2022-03-26,GM09,GM09,quantile,0.15,21571
2022-03-24,1 wk ahead inc case,2022-03-26,GM09,GM09,quantile,0.2,22416
2022-03-24,1 wk ahead inc case,2022-03-26,GM09,GM09,quantile,0.25,22939
2022-03-24,1 wk ahead inc case,2022-03-26,GM09,GM09,quantile,0.3,23051
2022-03-24,1 wk ahead inc case,2022-03-26,GM09,GM09,quantile,0.35,23134
2022-03-24,1 wk ahead inc case,2022-03-26,GM09,GM09,quantile,0.4,23270
2022-03-24,1 wk ahead inc case,2022-03-26,GM09,GM09,quantile,0.45,23400
2022-03-24,1 wk ahead inc case,2022-03-26,GM09,GM09,quantile,0.5,23692
2022-03-24,1 wk ahead inc case,2022-03-26,GM09,GM09,quantile,0.55,23953
2022-03-24,1 wk ahead inc case,2022-03-26,GM09,GM09,quantile,0.6,24313
2022-03-24,1 wk ahead inc case,2022-03-26,GM09,GM09,quantile,0.65,24510
2022-03-24,1 wk ahead inc case,2022-03-26,GM09,GM09,quantile,0.7,24771
2022-03-24,1 wk ahead inc case,2022-03-26,GM09,GM09,quantile,0.75,24903
2022-03-24,1 wk ahead inc case,2022-03-26,GM09,GM09,quantile,0.8,24984
2022-03-24,1 wk ahead inc case,2022-03-26,GM09,GM09,quantile,0.85,25361
2022-03-24,1 wk ahead inc case,2022-03-26,GM09,GM09,quantile,0.9,27370
2022-03-24,1 wk ahead inc case,2022-03-26,GM09,GM09,quantile,0.95,29110
2022-03-24,1 wk ahead inc case,2022-03-26,GM09,GM09,quantile,0.975,29813
2022-03-24,1 wk ahead inc case,2022-03-26,GM09,GM09,quantile,0.99,29975
2022-03-24,1 wk ahead cum case,2022-03-26,GM09,GM09,point,NA,233088
2022-03-24,1 wk ahead cum case,2022-03-26,GM09,GM09,quantile,0.01,209396
2022-03-24,1 wk ahead cum case,2022-03-26,GM09,GM09,quantile,0.025,209396
2022-03-24,1 wk ahead cum case,2022-03-26,GM09,GM09,quantile,0.05,227123
2022-03-24,1 wk ahead cum case,2022-03-26,GM09,GM09,quantile,0.1,230189
2022-03-24,1 wk ahead cum case,2022-03-26,GM09,GM09,quantile,0.15,230967
2022-03-24,1 wk ahead cum case,2022-03-26,GM09,GM09,quantile,0.2,231812
2022-03-24,1 wk ahead cum case,2022-03-26,GM09,GM09,quantile,0.25,232335
2022-03-24,1 wk ahead cum case,2022-03-26,GM09,GM09,quantile,0.3,232447
2022-03-24,1 wk ahead cum case,2022-03-26,GM09,GM09,quantile,0.35,232530
2022-03-24,1 wk ahead cum case,2022-03-26,GM09,GM09,quantile,0.4,232666
2022-03-24,1 wk ahead cum case,2022-03-26,GM09,GM09,quantile,0.45,232796
2022-03-24,1 wk ahead cum case,2022-03-26,GM09,GM09,quantile,0.5,233088
2022-03-24,1 wk ahead cum case,2022-03-26,GM09,GM09,quantile,0.55,233349
2022-03-24,1 wk ahead cum case,2022-03-26,GM09,GM09,quantile,0.6,233709
2022-03-24,1 wk ahead cum case,2022-03-26,GM09,GM09,quantile,0.65,233906
2022-03-24,1 wk ahead cum case,2022-03-26,GM09,GM09,quantile,0.7,234167
2022-03-24,1 wk ahead cum case,2022-03-26,GM09,GM09,quantile,0.75,234299
2022-03-24,1 wk ahead cum case,2022-03-26,GM09,GM09,quantile,0.8,234380
2022-03-24,1 wk ahead cum case,2022-03-26,GM09,GM09,quantile,0.85,234757
2022-03-24,1 wk ahead cum case,2022-03-26,GM09,GM09,quantile,0.9,236766
2022-03-24,1 wk ahead cum case,2022-03-26,GM09,GM09,quantile,0.95,238506
2022-03-24,1 wk ahead cum case,2022-03-26,GM09,GM09,quantile,0.975,239209
2022-03-24,1 wk ahead cum case,2022-03-26,GM09,GM09,quantile,0.99,239371
2022-03-24,2 wk ahead inc case,2022-04-02,GM09,GM09,point,NA,19719
2022-03-24,2 wk ahead inc case,2022-04-02,GM09,GM09,quantile,0.01,9775
2022-03-24,2 wk ahead inc case,2022-04-02,GM09,GM09,quantile,0.025,11428
2022-03-24,2 wk ahead inc case,2022-04-02,GM09,GM09,quantile,0.05,12111
2022-03-24,2 wk ahead inc case,2022-04-02,GM09,GM09,quantile,0.1,13954
2022-03-24,2 wk ahead inc case,2022-04-02,GM09,GM09,quantile,0.15,15571
2022-03-24,2 wk ahead inc case,2022-04-02,GM09,GM09,quantile,0.2,15986
2022-03-24,2 wk ahead inc case,2022-04-02,GM09,GM09,quantile,0.25,16635
2022-03-24,2 wk ahead inc case,2022-04-02,GM09,GM09,quantile,0.3,17802
2022-03-24,2 wk ahead inc case,2022-04-02,GM09,GM09,quantile,0.35,18690
2022-03-24,2 wk ahead inc case,2022-04-02,GM09,GM09,quantile,0.4,19219
2022-03-24,2 wk ahead inc case,2022-04-02,GM09,GM09,quantile,0.45,19325
2022-03-24,2 wk ahead inc case,2022-04-02,GM09,GM09,quantile,0.5,19719
2022-03-24,2 wk ahead inc case,2022-04-02,GM09,GM09,quantile,0.55,20508
2022-03-24,2 wk ahead inc case,2022-04-02,GM09,GM09,quantile,0.6,20587
2022-03-24,2 wk ahead inc case,2022-04-02,GM09,GM09,quantile,0.65,20799
2022-03-24,2 wk ahead inc case,2022-04-02,GM09,GM09,quantile,0.7,20972
2022-03-24,2 wk ahead inc case,2022-04-02,GM09,GM09,quantile,0.75,21084
2022-03-24,2 wk ahead inc case,2022-04-02,GM09,GM09,quantile,0.8,21277
2022-03-24,2 wk ahead inc case,2022-04-02,GM09,GM09,quantile,0.85,25068
2022-03-24,2 wk ahead inc case,2022-04-02,GM09,GM09,quantile,0.9,31510
2022-03-24,2 wk ahead inc case,2022-04-02,GM09,GM09,quantile,0.95,34404
2022-03-24,2 wk ahead inc case,2022-04-02,GM09,GM09,quantile,0.975,35281
2022-03-24,2 wk ahead inc case,2022-04-02,GM09,GM09,quantile,0.99,35396
2022-03-24,2 wk ahead cum case,2022-04-02,GM09,GM09,point,NA,252807
2022-03-24,2 wk ahead cum case,2022-04-02,GM09,GM09,quantile,0.01,242863
2022-03-24,2 wk ahead cum case,2022-04-02,GM09,GM09,quantile,0.025,244516
2022-03-24,2 wk ahead cum case,2022-04-02,GM09,GM09,quantile,0.05,245199
2022-03-24,2 wk ahead cum case,2022-04-02,GM09,GM09,quantile,0.1,247042
2022-03-24,2 wk ahead cum case,2022-04-02,GM09,GM09,quantile,0.15,248659
2022-03-24,2 wk ahead cum case,2022-04-02,GM09,GM09,quantile,0.2,249074
2022-03-24,2 wk ahead cum case,2022-04-02,GM09,GM09,quantile,0.25,249723
2022-03-24,2 wk ahead cum case,2022-04-02,GM09,GM09,quantile,0.3,250890
2022-03-24,2 wk ahead cum case,2022-04-02,GM09,GM09,quantile,0.35,251778
2022-03-24,2 wk ahead cum case,2022-04-02,GM09,GM09,quantile,0.4,252307
2022-03-24,2 wk ahead cum case,2022-04-02,GM09,GM09,quantile,0.45,252413
2022-03-24,2 wk ahead cum case,2022-04-02,GM09,GM09,quantile,0.5,252807
2022-03-24,2 wk ahead cum case,2022-04-02,GM09,GM09,quantile,0.55,253596
2022-03-24,2 wk ahead cum case,2022-04-02,GM09,GM09,quantile,0.6,253675
2022-03-24,2 wk ahead cum case,2022-04-02,GM09,GM09,quantile,0.65,253887
2022-03-24,2 wk ahead cum case,2022-04-02,GM09,GM09,quantile,0.7,254060
2022-03-24,2 wk ahead cum case,2022-04-02,GM09,GM09,quantile,0.75,254172
2022-03-24,2 wk ahead cum case,2022-04-02,GM09,GM09,quantile,0.8,254365
2022-03-24,2 wk ahead cum case,2022-04-02,GM09,GM09,quantile,0.85,258156
2022-03-24,2 wk ahead cum case,2022-04-02,GM09,GM09,quantile,0.9,264598
2022-03-24,2 wk ahead cum case,2022-04-02,GM09,GM09,quantile,0.95,267492
2022-03-24,2 wk ahead cum case,2022-04-02,GM09,GM09,quantile,0.975,268369
2022-03-24,2 wk ahead cum case,2022-04-02,GM09,GM09,quantile,0.99,268484
2022-03-24,3 wk ahead inc case,2022-04-09,GM09,GM09,point,NA,17262
2022-03-24,3 wk ahead inc case,2022-04-09,GM09,GM09,quantile,0.01,0
2022-03-24,3 wk ahead inc case,2022-04-09,GM09,GM09,quantile,0.025,0
2022-03-24,3 wk ahead inc case,2022-04-09,GM09,GM09,quantile,0.05,35
2022-03-24,3 wk ahead inc case,2022-04-09,GM09,GM09,quantile,0.1,1319
2022-03-24,3 wk ahead inc case,2022-04-09,GM09,GM09,quantile,0.15,2268
2022-03-24,3 wk ahead inc case,2022-04-09,GM09,GM09,quantile,0.2,5497
2022-03-24,3 wk ahead inc case,2022-04-09,GM09,GM09,quantile,0.25,6216
2022-03-24,3 wk ahead inc case,2022-04-09,GM09,GM09,quantile,0.3,7486
2022-03-24,3 wk ahead inc case,2022-04-09,GM09,GM09,quantile,0.35,10438
2022-03-24,3 wk ahead inc case,2022-04-09,GM09,GM09,quantile,0.4,15649
2022-03-24,3 wk ahead inc case,2022-04-09,GM09,GM09,quantile,0.45,16655
2022-03-24,3 wk ahead inc case,2022-04-09,GM09,GM09,quantile,0.5,17262
2022-03-24,3 wk ahead inc case,2022-04-09,GM09,GM09,quantile,0.55,18313
2022-03-24,3 wk ahead inc case,2022-04-09,GM09,GM09,quantile,0.6,19367
2022-03-24,3 wk ahead inc case,2022-04-09,GM09,GM09,quantile,0.65,19892
2022-03-24,3 wk ahead inc case,2022-04-09,GM09,GM09,quantile,0.7,21380
2022-03-24,3 wk ahead inc case,2022-04-09,GM09,GM09,quantile,0.75,21995
2022-03-24,3 wk ahead inc case,2022-04-09,GM09,GM09,quantile,0.8,22566
2022-03-24,3 wk ahead inc case,2022-04-09,GM09,GM09,quantile,0.85,23298
2022-03-24,3 wk ahead inc case,2022-04-09,GM09,GM09,quantile,0.9,23890
2022-03-24,3 wk ahead inc case,2022-04-09,GM09,GM09,quantile,0.95,24513
2022-03-24,3 wk ahead inc case,2022-04-09,GM09,GM09,quantile,0.975,25147
2022-03-24,3 wk ahead inc case,2022-04-09,GM09,GM09,quantile,0.99,25323
2022-03-24,3 wk ahead cum case,2022-04-09,GM09,GM09,point,NA,270069
2022-03-24,3 wk ahead cum case,2022-04-09,GM09,GM09,quantile,0.01,252807
2022-03-24,3 wk ahead cum case,2022-04-09,GM09,GM09,quantile,0.025,252807
2022-03-24,3 wk ahead cum case,2022-04-09,GM09,GM09,quantile,0.05,252842
2022-03-24,3 wk ahead cum case,2022-04-09,GM09,GM09,quantile,0.1,254126
2022-03-24,3 wk ahead cum case,2022-04-09,GM09,GM09,quantile,0.15,255075
2022-03-24,3 wk ahead cum case,2022-04-09,GM09,GM09,quantile,0.2,258304
2022-03-24,3 wk ahead cum case,2022-04-09,GM09,GM09,quantile,0.25,259023
2022-03-24,3 wk ahead cum case,2022-04-09,GM09,GM09,quantile,0.3,260293
2022-03-24,3 wk ahead cum case,2022-04-09,GM09,GM09,quantile,0.35,263245
2022-03-24,3 wk ahead cum case,2022-04-09,GM09,GM09,quantile,0.4,268456
2022-03-24,3 wk ahead cum case,2022-04-09,GM09,GM09,quantile,0.45,269462
2022-03-24,3 wk ahead cum case,2022-04-09,GM09,GM09,quantile,0.5,270069
2022-03-24,3 wk ahead cum case,2022-04-09,GM09,GM09,quantile,0.55,271120
2022-03-24,3 wk ahead cum case,2022-04-09,GM09,GM09,quantile,0.6,272174
2022-03-24,3 wk ahead cum case,2022-04-09,GM09,GM09,quantile,0.65,272699
2022-03-24,3 wk ahead cum case,2022-04-09,GM09,GM09,quantile,0.7,274187
2022-03-24,3 wk ahead cum case,2022-04-09,GM09,GM09,quantile,0.75,274802
2022-03-24,3 wk ahead cum case,2022-04-09,GM09,GM09,quantile,0.8,275373
2022-03-24,3 wk ahead cum case,2022-04-09,GM09,GM09,quantile,0.85,276105
2022-03-24,3 wk ahead cum case,2022-04-09,GM09,GM09,quantile,0.9,276697
2022-03-24,3 wk ahead cum case,2022-04-09,GM09,GM09,quantile,0.95,277320
2022-03-24,3 wk ahead cum case,2022-04-09,GM09,GM09,quantile,0.975,277954
2022-03-24,3 wk ahead cum case,2022-04-09,GM09,GM09,quantile,0.99,278130
2022-03-24,4 wk ahead inc case,2022-04-16,GM09,GM09,point,NA,14532
2022-03-24,4 wk ahead inc case,2022-04-16,GM09,GM09,quantile,0.01,0
2022-03-24,4 wk ahead inc case,2022-04-16,GM09,GM09,quantile,0.025,0
2022-03-24,4 wk ahead inc case,2022-04-16,GM09,GM09,quantile,0.05,0
2022-03-24,4 wk ahead inc case,2022-04-16,GM09,GM09,quantile,0.1,0
2022-03-24,4 wk ahead inc case,2022-04-16,GM09,GM09,quantile,0.15,553
2022-03-24,4 wk ahead inc case,2022-04-16,GM09,GM09,quantile,0.2,1808
2022-03-24,4 wk ahead inc case,2022-04-16,GM09,GM09,quantile,0.25,5113
2022-03-24,4 wk ahead inc case,2022-04-16,GM09,GM09,quantile,0.3,6107
2022-03-24,4 wk ahead inc case,2022-04-16,GM09,GM09,quantile,0.35,7931
2022-03-24,4 wk ahead inc case,2022-04-16,GM09,GM09,quantile,0.4,9387
2022-03-24,4 wk ahead inc case,2022-04-16,GM09,GM09,quantile,0.45,11064
2022-03-24,4 wk ahead inc case,2022-04-16,GM09,GM09,quantile,0.5,14532
2022-03-24,4 wk ahead inc case,2022-04-16,GM09,GM09,quantile,0.55,15521
2022-03-24,4 wk ahead inc case,2022-04-16,GM09,GM09,quantile,0.6,16475
2022-03-24,4 wk ahead inc case,2022-04-16,GM09,GM09,quantile,0.65,17355
2022-03-24,4 wk ahead inc case,2022-04-16,GM09,GM09,quantile,0.7,18480
2022-03-24,4 wk ahead inc case,2022-04-16,GM09,GM09,quantile,0.75,20956
2022-03-24,4 wk ahead inc case,2022-04-16,GM09,GM09,quantile,0.8,22120
2022-03-24,4 wk ahead inc case,2022-04-16,GM09,GM09,quantile,0.85,22754
2022-03-24,4 wk ahead inc case,2022-04-16,GM09,GM09,quantile,0.9,23206
2022-03-24,4 wk ahead inc case,2022-04-16,GM09,GM09,quantile,0.95,26320
2022-03-24,4 wk ahead inc case,2022-04-16,GM09,GM09,quantile,0.975,28495
2022-03-24,4 wk ahead inc case,2022-04-16,GM09,GM09,quantile,0.99,28744
2022-03-24,4 wk ahead cum case,2022-04-16,GM09,GM09,point,NA,284601
2022-03-24,4 wk ahead cum case,2022-04-16,GM09,GM09,quantile,0.01,270069
2022-03-24,4 wk ahead cum case,2022-04-16,GM09,GM09,quantile,0.025,270069
2022-03-24,4 wk ahead cum case,2022-04-16,GM09,GM09,quantile,0.05,270069
2022-03-24,4 wk ahead cum case,2022-04-16,GM09,GM09,quantile,0.1,270069
2022-03-24,4 wk ahead cum case,2022-04-16,GM09,GM09,quantile,0.15,270622
2022-03-24,4 wk ahead cum case,2022-04-16,GM09,GM09,quantile,0.2,271877
2022-03-24,4 wk ahead cum case,2022-04-16,GM09,GM09,quantile,0.25,275182
2022-03-24,4 wk ahead cum case,2022-04-16,GM09,GM09,quantile,0.3,276176
2022-03-24,4 wk ahead cum case,2022-04-16,GM09,GM09,quantile,0.35,278000
2022-03-24,4 wk ahead cum case,2022-04-16,GM09,GM09,quantile,0.4,279456
2022-03-24,4 wk ahead cum case,2022-04-16,GM09,GM09,quantile,0.45,281133
2022-03-24,4 wk ahead cum case,2022-04-16,GM09,GM09,quantile,0.5,284601
2022-03-24,4 wk ahead cum case,2022-04-16,GM09,GM09,quantile,0.55,285590
2022-03-24,4 wk ahead cum case,2022-04-16,GM09,GM09,quantile,0.6,286544
2022-03-24,4 wk ahead cum case,2022-04-16,GM09,GM09,quantile,0.65,287424
2022-03-24,4 wk ahead cum case,2022-04-16,GM09,GM09,quantile,0.7,288549
2022-03-24,4 wk ahead cum case,2022-04-16,GM09,GM09,quantile,0.75,291025
2022-03-24,4 wk ahead cum case,2022-04-16,GM09,GM09,quantile,0.8,292189
2022-03-24,4 wk ahead cum case,2022-04-16,GM09,GM09,quantile,0.85,292823
2022-03-24,4 wk ahead cum case,2022-04-16,GM09,GM09,quantile,0.9,293275
2022-03-24,4 wk ahead cum case,2022-04-16,GM09,GM09,quantile,0.95,296389
2022-03-24,4 wk ahead cum case,2022-04-16,GM09,GM09,quantile,0.975,298564
2022-03-24,4 wk ahead cum case,2022-04-16,GM09,GM09,quantile,0.99,298813
2022-03-24,1 wk ahead inc case,2022-03-26,GM10,GM10,point,NA,52034
2022-03-24,1 wk ahead inc case,2022-03-26,GM10,GM10,quantile,0.01,41899
2022-03-24,1 wk ahead inc case,2022-03-26,GM10,GM10,quantile,0.025,42706
2022-03-24,1 wk ahead inc case,2022-03-26,GM10,GM10,quantile,0.05,44242
2022-03-24,1 wk ahead inc case,2022-03-26,GM10,GM10,quantile,0.1,48292
2022-03-24,1 wk ahead inc case,2022-03-26,GM10,GM10,quantile,0.15,48733
2022-03-24,1 wk ahead inc case,2022-03-26,GM10,GM10,quantile,0.2,49793
2022-03-24,1 wk ahead inc case,2022-03-26,GM10,GM10,quantile,0.25,50938
2022-03-24,1 wk ahead inc case,2022-03-26,GM10,GM10,quantile,0.3,51144
2022-03-24,1 wk ahead inc case,2022-03-26,GM10,GM10,quantile,0.35,51267
2022-03-24,1 wk ahead inc case,2022-03-26,GM10,GM10,quantile,0.4,51466
2022-03-24,1 wk ahead inc case,2022-03-26,GM10,GM10,quantile,0.45,51764
2022-03-24,1 wk ahead inc case,2022-03-26,GM10,GM10,quantile,0.5,52034
2022-03-24,1 wk ahead inc case,2022-03-26,GM10,GM10,quantile,0.55,52992
2022-03-24,1 wk ahead inc case,2022-03-26,GM10,GM10,quantile,0.6,54296
2022-03-24,1 wk ahead inc case,2022-03-26,GM10,GM10,quantile,0.65,55489
2022-03-24,1 wk ahead inc case,2022-03-26,GM10,GM10,quantile,0.7,57941
2022-03-24,1 wk ahead inc case,2022-03-26,GM10,GM10,quantile,0.75,59668
2022-03-24,1 wk ahead inc case,2022-03-26,GM10,GM10,quantile,0.8,64791
2022-03-24,1 wk ahead inc case,2022-03-26,GM10,GM10,quantile,0.85,64799
2022-03-24,1 wk ahead inc case,2022-03-26,GM10,GM10,quantile,0.9,64866
2022-03-24,1 wk ahead inc case,2022-03-26,GM10,GM10,quantile,0.95,72290
2022-03-24,1 wk ahead inc case,2022-03-26,GM10,GM10,quantile,0.975,72636
2022-03-24,1 wk ahead inc case,2022-03-26,GM10,GM10,quantile,0.99,73119
2022-03-24,1 wk ahead cum case,2022-03-26,GM10,GM10,point,NA,478550
2022-03-24,1 wk ahead cum case,2022-03-26,GM10,GM10,quantile,0.01,468415
2022-03-24,1 wk ahead cum case,2022-03-26,GM10,GM10,quantile,0.025,469222
2022-03-24,1 wk ahead cum case,2022-03-26,GM10,GM10,quantile,0.05,470758
2022-03-24,1 wk ahead cum case,2022-03-26,GM10,GM10,quantile,0.1,474808
2022-03-24,1 wk ahead cum case,2022-03-26,GM10,GM10,quantile,0.15,475249
2022-03-24,1 wk ahead cum case,2022-03-26,GM10,GM10,quantile,0.2,476309
2022-03-24,1 wk ahead cum case,2022-03-26,GM10,GM10,quantile,0.25,477454
2022-03-24,1 wk ahead cum case,2022-03-26,GM10,GM10,quantile,0.3,477660
2022-03-24,1 wk ahead cum case,2022-03-26,GM10,GM10,quantile,0.35,477783
2022-03-24,1 wk ahead cum case,2022-03-26,GM10,GM10,quantile,0.4,477982
2022-03-24,1 wk ahead cum case,2022-03-26,GM10,GM10,quantile,0.45,478280
2022-03-24,1 wk ahead cum case,2022-03-26,GM10,GM10,quantile,0.5,478550
2022-03-24,1 wk ahead cum case,2022-03-26,GM10,GM10,quantile,0.55,479508
2022-03-24,1 wk ahead cum case,2022-03-26,GM10,GM10,quantile,0.6,480812
2022-03-24,1 wk ahead cum case,2022-03-26,GM10,GM10,quantile,0.65,482005
2022-03-24,1 wk ahead cum case,2022-03-26,GM10,GM10,quantile,0.7,484457
2022-03-24,1 wk ahead cum case,2022-03-26,GM10,GM10,quantile,0.75,486184
2022-03-24,1 wk ahead cum case,2022-03-26,GM10,GM10,quantile,0.8,491307
2022-03-24,1 wk ahead cum case,2022-03-26,GM10,GM10,quantile,0.85,491315
2022-03-24,1 wk ahead cum case,2022-03-26,GM10,GM10,quantile,0.9,491382
2022-03-24,1 wk ahead cum case,2022-03-26,GM10,GM10,quantile,0.95,498806
2022-03-24,1 wk ahead cum case,2022-03-26,GM10,GM10,quantile,0.975,499152
2022-03-24,1 wk ahead cum case,2022-03-26,GM10,GM10,quantile,0.99,499635
2022-03-24,2 wk ahead inc case,2022-04-02,GM10,GM10,point,NA,47703
2022-03-24,2 wk ahead inc case,2022-04-02,GM10,GM10,quantile,0.01,37579
2022-03-24,2 wk ahead inc case,2022-04-02,GM10,GM10,quantile,0.025,40147
2022-03-24,2 wk ahead inc case,2022-04-02,GM10,GM10,quantile,0.05,43232
2022-03-24,2 wk ahead inc case,2022-04-02,GM10,GM10,quantile,0.1,44413
2022-03-24,2 wk ahead inc case,2022-04-02,GM10,GM10,quantile,0.15,46154
2022-03-24,2 wk ahead inc case,2022-04-02,GM10,GM10,quantile,0.2,46611
2022-03-24,2 wk ahead inc case,2022-04-02,GM10,GM10,quantile,0.25,46843
2022-03-24,2 wk ahead inc case,2022-04-02,GM10,GM10,quantile,0.3,47041
2022-03-24,2 wk ahead inc case,2022-04-02,GM10,GM10,quantile,0.35,47141
2022-03-24,2 wk ahead inc case,2022-04-02,GM10,GM10,quantile,0.4,47187
2022-03-24,2 wk ahead inc case,2022-04-02,GM10,GM10,quantile,0.45,47335
2022-03-24,2 wk ahead inc case,2022-04-02,GM10,GM10,quantile,0.5,47703
2022-03-24,2 wk ahead inc case,2022-04-02,GM10,GM10,quantile,0.55,48710
2022-03-24,2 wk ahead inc case,2022-04-02,GM10,GM10,quantile,0.6,48825
2022-03-24,2 wk ahead inc case,2022-04-02,GM10,GM10,quantile,0.65,48852
2022-03-24,2 wk ahead inc case,2022-04-02,GM10,GM10,quantile,0.7,48912
2022-03-24,2 wk ahead inc case,2022-04-02,GM10,GM10,quantile,0.75,49926
2022-03-24,2 wk ahead inc case,2022-04-02,GM10,GM10,quantile,0.8,50155
2022-03-24,2 wk ahead inc case,2022-04-02,GM10,GM10,quantile,0.85,51043
2022-03-24,2 wk ahead inc case,2022-04-02,GM10,GM10,quantile,0.9,54236
2022-03-24,2 wk ahead inc case,2022-04-02,GM10,GM10,quantile,0.95,61005
2022-03-24,2 wk ahead inc case,2022-04-02,GM10,GM10,quantile,0.975,68022
2022-03-24,2 wk ahead inc case,2022-04-02,GM10,GM10,quantile,0.99,68572
2022-03-24,2 wk ahead cum case,2022-04-02,GM10,GM10,point,NA,526253
2022-03-24,2 wk ahead cum case,2022-04-02,GM10,GM10,quantile,0.01,516129
2022-03-24,2 wk ahead cum case,2022-04-02,GM10,GM10,quantile,0.025,518697
2022-03-24,2 wk ahead cum case,2022-04-02,GM10,GM10,quantile,0.05,521782
2022-03-24,2 wk ahead cum case,2022-04-02,GM10,GM10,quantile,0.1,522963
2022-03-24,2 wk ahead cum case,2022-04-02,GM10,GM10,quantile,0.15,524704
2022-03-24,2 wk ahead cum case,2022-04-02,GM10,GM10,quantile,0.2,525161
2022-03-24,2 wk ahead cum case,2022-04-02,GM10,GM10,quantile,0.25,525393
2022-03-24,2 wk ahead cum case,2022-04-02,GM10,GM10,quantile,0.3,525591
2022-03-24,2 wk ahead cum case,2022-04-02,GM10,GM10,quantile,0.35,525691
2022-03-24,2 wk ahead cum case,2022-04-02,GM10,GM10,quantile,0.4,525737
2022-03-24,2 wk ahead cum case,2022-04-02,GM10,GM10,quantile,0.45,525885
2022-03-24,2 wk ahead cum case,2022-04-02,GM10,GM10,quantile,0.5,526253
2022-03-24,2 wk ahead cum case,2022-04-02,GM10,GM10,quantile,0.55,527260
2022-03-24,2 wk ahead cum case,2022-04-02,GM10,GM10,quantile,0.6,527375
2022-03-24,2 wk ahead cum case,2022-04-02,GM10,GM10,quantile,0.65,527402
2022-03-24,2 wk ahead cum case,2022-04-02,GM10,GM10,quantile,0.7,527462
2022-03-24,2 wk ahead cum case,2022-04-02,GM10,GM10,quantile,0.75,528476
2022-03-24,2 wk ahead cum case,2022-04-02,GM10,GM10,quantile,0.8,528705
2022-03-24,2 wk ahead cum case,2022-04-02,GM10,GM10,quantile,0.85,529593
2022-03-24,2 wk ahead cum case,2022-04-02,GM10,GM10,quantile,0.9,532786
2022-03-24,2 wk ahead cum case,2022-04-02,GM10,GM10,quantile,0.95,539555
2022-03-24,2 wk ahead cum case,2022-04-02,GM10,GM10,quantile,0.975,546572
2022-03-24,2 wk ahead cum case,2022-04-02,GM10,GM10,quantile,0.99,547122
2022-03-24,3 wk ahead inc case,2022-04-09,GM10,GM10,point,NA,46176
2022-03-24,3 wk ahead inc case,2022-04-09,GM10,GM10,quantile,0.01,38673
2022-03-24,3 wk ahead inc case,2022-04-09,GM10,GM10,quantile,0.025,40585
2022-03-24,3 wk ahead inc case,2022-04-09,GM10,GM10,quantile,0.05,40759
2022-03-24,3 wk ahead inc case,2022-04-09,GM10,GM10,quantile,0.1,43014
2022-03-24,3 wk ahead inc case,2022-04-09,GM10,GM10,quantile,0.15,43352
2022-03-24,3 wk ahead inc case,2022-04-09,GM10,GM10,quantile,0.2,44642
2022-03-24,3 wk ahead inc case,2022-04-09,GM10,GM10,quantile,0.25,45016
2022-03-24,3 wk ahead inc case,2022-04-09,GM10,GM10,quantile,0.3,45028
2022-03-24,3 wk ahead inc case,2022-04-09,GM10,GM10,quantile,0.35,45110
2022-03-24,3 wk ahead inc case,2022-04-09,GM10,GM10,quantile,0.4,45565
2022-03-24,3 wk ahead inc case,2022-04-09,GM10,GM10,quantile,0.45,46019
2022-03-24,3 wk ahead inc case,2022-04-09,GM10,GM10,quantile,0.5,46176
2022-03-24,3 wk ahead inc case,2022-04-09,GM10,GM10,quantile,0.55,46349
2022-03-24,3 wk ahead inc case,2022-04-09,GM10,GM10,quantile,0.6,46677
2022-03-24,3 wk ahead inc case,2022-04-09,GM10,GM10,quantile,0.65,47042
2022-03-24,3 wk ahead inc case,2022-04-09,GM10,GM10,quantile,0.7,47106
2022-03-24,3 wk ahead inc case,2022-04-09,GM10,GM10,quantile,0.75,48027
2022-03-24,3 wk ahead inc case,2022-04-09,GM10,GM10,quantile,0.8,49993
2022-03-24,3 wk ahead inc case,2022-04-09,GM10,GM10,quantile,0.85,50326
2022-03-24,3 wk ahead inc case,2022-04-09,GM10,GM10,quantile,0.9,51717
2022-03-24,3 wk ahead inc case,2022-04-09,GM10,GM10,quantile,0.95,60796
2022-03-24,3 wk ahead inc case,2022-04-09,GM10,GM10,quantile,0.975,64173
2022-03-24,3 wk ahead inc case,2022-04-09,GM10,GM10,quantile,0.99,65073
2022-03-24,3 wk ahead cum case,2022-04-09,GM10,GM10,point,NA,572429
2022-03-24,3 wk ahead cum case,2022-04-09,GM10,GM10,quantile,0.01,564926
2022-03-24,3 wk ahead cum case,2022-04-09,GM10,GM10,quantile,0.025,566838
2022-03-24,3 wk ahead cum case,2022-04-09,GM10,GM10,quantile,0.05,567012
2022-03-24,3 wk ahead cum case,2022-04-09,GM10,GM10,quantile,0.1,569267
2022-03-24,3 wk ahead cum case,2022-04-09,GM10,GM10,quantile,0.15,569605
2022-03-24,3 wk ahead cum case,2022-04-09,GM10,GM10,quantile,0.2,570895
2022-03-24,3 wk ahead cum case,2022-04-09,GM10,GM10,quantile,0.25,571269
2022-03-24,3 wk ahead cum case,2022-04-09,GM10,GM10,quantile,0.3,571281
2022-03-24,3 wk ahead cum case,2022-04-09,GM10,GM10,quantile,0.35,571363
2022-03-24,3 wk ahead cum case,2022-04-09,GM10,GM10,quantile,0.4,571818
2022-03-24,3 wk ahead cum case,2022-04-09,GM10,GM10,quantile,0.45,572272
2022-03-24,3 wk ahead cum case,2022-04-09,GM10,GM10,quantile,0.5,572429
2022-03-24,3 wk ahead cum case,2022-04-09,GM10,GM10,quantile,0.55,572602
2022-03-24,3 wk ahead cum case,2022-04-09,GM10,GM10,quantile,0.6,572930
2022-03-24,3 wk ahead cum case,2022-04-09,GM10,GM10,quantile,0.65,573295
2022-03-24,3 wk ahead cum case,2022-04-09,GM10,GM10,quantile,0.7,573359
2022-03-24,3 wk ahead cum case,2022-04-09,GM10,GM10,quantile,0.75,574280
2022-03-24,3 wk ahead cum case,2022-04-09,GM10,GM10,quantile,0.8,576246
2022-03-24,3 wk ahead cum case,2022-04-09,GM10,GM10,quantile,0.85,576579
2022-03-24,3 wk ahead cum case,2022-04-09,GM10,GM10,quantile,0.9,577970
2022-03-24,3 wk ahead cum case,2022-04-09,GM10,GM10,quantile,0.95,587049
2022-03-24,3 wk ahead cum case,2022-04-09,GM10,GM10,quantile,0.975,590426
2022-03-24,3 wk ahead cum case,2022-04-09,GM10,GM10,quantile,0.99,591326
2022-03-24,4 wk ahead inc case,2022-04-16,GM10,GM10,point,NA,43221
2022-03-24,4 wk ahead inc case,2022-04-16,GM10,GM10,quantile,0.01,34684
2022-03-24,4 wk ahead inc case,2022-04-16,GM10,GM10,quantile,0.025,36597
2022-03-24,4 wk ahead inc case,2022-04-16,GM10,GM10,quantile,0.05,36733
2022-03-24,4 wk ahead inc case,2022-04-16,GM10,GM10,quantile,0.1,38920
2022-03-24,4 wk ahead inc case,2022-04-16,GM10,GM10,quantile,0.15,39464
2022-03-24,4 wk ahead inc case,2022-04-16,GM10,GM10,quantile,0.2,40904
2022-03-24,4 wk ahead inc case,2022-04-16,GM10,GM10,quantile,0.25,41166
2022-03-24,4 wk ahead inc case,2022-04-16,GM10,GM10,quantile,0.3,41358
2022-03-24,4 wk ahead inc case,2022-04-16,GM10,GM10,quantile,0.35,42119
2022-03-24,4 wk ahead inc case,2022-04-16,GM10,GM10,quantile,0.4,42512
2022-03-24,4 wk ahead inc case,2022-04-16,GM10,GM10,quantile,0.45,42854
2022-03-24,4 wk ahead inc case,2022-04-16,GM10,GM10,quantile,0.5,43221
2022-03-24,4 wk ahead inc case,2022-04-16,GM10,GM10,quantile,0.55,44862
2022-03-24,4 wk ahead inc case,2022-04-16,GM10,GM10,quantile,0.6,45982
2022-03-24,4 wk ahead inc case,2022-04-16,GM10,GM10,quantile,0.65,46158
2022-03-24,4 wk ahead inc case,2022-04-16,GM10,GM10,quantile,0.7,46626
2022-03-24,4 wk ahead inc case,2022-04-16,GM10,GM10,quantile,0.75,47584
2022-03-24,4 wk ahead inc case,2022-04-16,GM10,GM10,quantile,0.8,48708
2022-03-24,4 wk ahead inc case,2022-04-16,GM10,GM10,quantile,0.85,48875
2022-03-24,4 wk ahead inc case,2022-04-16,GM10,GM10,quantile,0.9,52525
2022-03-24,4 wk ahead inc case,2022-04-16,GM10,GM10,quantile,0.95,60165
2022-03-24,4 wk ahead inc case,2022-04-16,GM10,GM10,quantile,0.975,61720
2022-03-24,4 wk ahead inc case,2022-04-16,GM10,GM10,quantile,0.99,63881
2022-03-24,4 wk ahead cum case,2022-04-16,GM10,GM10,point,NA,615650
2022-03-24,4 wk ahead cum case,2022-04-16,GM10,GM10,quantile,0.01,607113
2022-03-24,4 wk ahead cum case,2022-04-16,GM10,GM10,quantile,0.025,609026
2022-03-24,4 wk ahead cum case,2022-04-16,GM10,GM10,quantile,0.05,609162
2022-03-24,4 wk ahead cum case,2022-04-16,GM10,GM10,quantile,0.1,611349
2022-03-24,4 wk ahead cum case,2022-04-16,GM10,GM10,quantile,0.15,611893
2022-03-24,4 wk ahead cum case,2022-04-16,GM10,GM10,quantile,0.2,613333
2022-03-24,4 wk ahead cum case,2022-04-16,GM10,GM10,quantile,0.25,613595
2022-03-24,4 wk ahead cum case,2022-04-16,GM10,GM10,quantile,0.3,613787
2022-03-24,4 wk ahead cum case,2022-04-16,GM10,GM10,quantile,0.35,614548
2022-03-24,4 wk ahead cum case,2022-04-16,GM10,GM10,quantile,0.4,614941
2022-03-24,4 wk ahead cum case,2022-04-16,GM10,GM10,quantile,0.45,615283
2022-03-24,4 wk ahead cum case,2022-04-16,GM10,GM10,quantile,0.5,615650
2022-03-24,4 wk ahead cum case,2022-04-16,GM10,GM10,quantile,0.55,617291
2022-03-24,4 wk ahead cum case,2022-04-16,GM10,GM10,quantile,0.6,618411
2022-03-24,4 wk ahead cum case,2022-04-16,GM10,GM10,quantile,0.65,618587
2022-03-24,4 wk ahead cum case,2022-04-16,GM10,GM10,quantile,0.7,619055
2022-03-24,4 wk ahead cum case,2022-04-16,GM10,GM10,quantile,0.75,620013
2022-03-24,4 wk ahead cum case,2022-04-16,GM10,GM10,quantile,0.8,621137
2022-03-24,4 wk ahead cum case,2022-04-16,GM10,GM10,quantile,0.85,621304
2022-03-24,4 wk ahead cum case,2022-04-16,GM10,GM10,quantile,0.9,624954
2022-03-24,4 wk ahead cum case,2022-04-16,GM10,GM10,quantile,0.95,632594
2022-03-24,4 wk ahead cum case,2022-04-16,GM10,GM10,quantile,0.975,634149
2022-03-24,4 wk ahead cum case,2022-04-16,GM10,GM10,quantile,0.99,636310
2022-03-24,1 wk ahead inc case,2022-03-26,GM11,GM11,point,NA,39626
2022-03-24,1 wk ahead inc case,2022-03-26,GM11,GM11,quantile,0.01,25394
2022-03-24,1 wk ahead inc case,2022-03-26,GM11,GM11,quantile,0.025,28799
2022-03-24,1 wk ahead inc case,2022-03-26,GM11,GM11,quantile,0.05,31587
2022-03-24,1 wk ahead inc case,2022-03-26,GM11,GM11,quantile,0.1,33602
2022-03-24,1 wk ahead inc case,2022-03-26,GM11,GM11,quantile,0.15,34182
2022-03-24,1 wk ahead inc case,2022-03-26,GM11,GM11,quantile,0.2,36702
2022-03-24,1 wk ahead inc case,2022-03-26,GM11,GM11,quantile,0.25,38079
2022-03-24,1 wk ahead inc case,2022-03-26,GM11,GM11,quantile,0.3,38450
2022-03-24,1 wk ahead inc case,2022-03-26,GM11,GM11,quantile,0.35,38488
2022-03-24,1 wk ahead inc case,2022-03-26,GM11,GM11,quantile,0.4,38777
2022-03-24,1 wk ahead inc case,2022-03-26,GM11,GM11,quantile,0.45,39079
2022-03-24,1 wk ahead inc case,2022-03-26,GM11,GM11,quantile,0.5,39626
2022-03-24,1 wk ahead inc case,2022-03-26,GM11,GM11,quantile,0.55,43918
2022-03-24,1 wk ahead inc case,2022-03-26,GM11,GM11,quantile,0.6,43991
2022-03-24,1 wk ahead inc case,2022-03-26,GM11,GM11,quantile,0.65,44185
2022-03-24,1 wk ahead inc case,2022-03-26,GM11,GM11,quantile,0.7,45957
2022-03-24,1 wk ahead inc case,2022-03-26,GM11,GM11,quantile,0.75,46412
2022-03-24,1 wk ahead inc case,2022-03-26,GM11,GM11,quantile,0.8,46674
2022-03-24,1 wk ahead inc case,2022-03-26,GM11,GM11,quantile,0.85,46986
2022-03-24,1 wk ahead inc case,2022-03-26,GM11,GM11,quantile,0.9,50936
2022-03-24,1 wk ahead inc case,2022-03-26,GM11,GM11,quantile,0.95,54886
2022-03-24,1 wk ahead inc case,2022-03-26,GM11,GM11,quantile,0.975,58531
2022-03-24,1 wk ahead inc case,2022-03-26,GM11,GM11,quantile,0.99,59357
2022-03-24,1 wk ahead cum case,2022-03-26,GM11,GM11,point,NA,667695
2022-03-24,1 wk ahead cum case,2022-03-26,GM11,GM11,quantile,0.01,653463
2022-03-24,1 wk ahead cum case,2022-03-26,GM11,GM11,quantile,0.025,656868
2022-03-24,1 wk ahead cum case,2022-03-26,GM11,GM11,quantile,0.05,659656
2022-03-24,1 wk ahead cum case,2022-03-26,GM11,GM11,quantile,0.1,661671
2022-03-24,1 wk ahead cum case,2022-03-26,GM11,GM11,quantile,0.15,662251
2022-03-24,1 wk ahead cum case,2022-03-26,GM11,GM11,quantile,0.2,664771
2022-03-24,1 wk ahead cum case,2022-03-26,GM11,GM11,quantile,0.25,666148
2022-03-24,1 wk ahead cum case,2022-03-26,GM11,GM11,quantile,0.3,666519
2022-03-24,1 wk ahead cum case,2022-03-26,GM11,GM11,quantile,0.35,666557
2022-03-24,1 wk ahead cum case,2022-03-26,GM11,GM11,quantile,0.4,666846
2022-03-24,1 wk ahead cum case,2022-03-26,GM11,GM11,quantile,0.45,667148
2022-03-24,1 wk ahead cum case,2022-03-26,GM11,GM11,quantile,0.5,667695
2022-03-24,1 wk ahead cum case,2022-03-26,GM11,GM11,quantile,0.55,671987
2022-03-24,1 wk ahead cum case,2022-03-26,GM11,GM11,quantile,0.6,672060
2022-03-24,1 wk ahead cum case,2022-03-26,GM11,GM11,quantile,0.65,672254
2022-03-24,1 wk ahead cum case,2022-03-26,GM11,GM11,quantile,0.7,674026
2022-03-24,1 wk ahead cum case,2022-03-26,GM11,GM11,quantile,0.75,674481
2022-03-24,1 wk ahead cum case,2022-03-26,GM11,GM11,quantile,0.8,674743
2022-03-24,1 wk ahead cum case,2022-03-26,GM11,GM11,quantile,0.85,675055
2022-03-24,1 wk ahead cum case,2022-03-26,GM11,GM11,quantile,0.9,679005
2022-03-24,1 wk ahead cum case,2022-03-26,GM11,GM11,quantile,0.95,682955
2022-03-24,1 wk ahead cum case,2022-03-26,GM11,GM11,quantile,0.975,686600
2022-03-24,1 wk ahead cum case,2022-03-26,GM11,GM11,quantile,0.99,687426
2022-03-24,2 wk ahead inc case,2022-04-02,GM11,GM11,point,NA,34803
2022-03-24,2 wk ahead inc case,2022-04-02,GM11,GM11,quantile,0.01,19717
2022-03-24,2 wk ahead inc case,2022-04-02,GM11,GM11,quantile,0.025,19889
2022-03-24,2 wk ahead inc case,2022-04-02,GM11,GM11,quantile,0.05,25666
2022-03-24,2 wk ahead inc case,2022-04-02,GM11,GM11,quantile,0.1,28228
2022-03-24,2 wk ahead inc case,2022-04-02,GM11,GM11,quantile,0.15,30993
2022-03-24,2 wk ahead inc case,2022-04-02,GM11,GM11,quantile,0.2,31906
2022-03-24,2 wk ahead inc case,2022-04-02,GM11,GM11,quantile,0.25,32040
2022-03-24,2 wk ahead inc case,2022-04-02,GM11,GM11,quantile,0.3,32332
2022-03-24,2 wk ahead inc case,2022-04-02,GM11,GM11,quantile,0.35,32874
2022-03-24,2 wk ahead inc case,2022-04-02,GM11,GM11,quantile,0.4,33275
2022-03-24,2 wk ahead inc case,2022-04-02,GM11,GM11,quantile,0.45,33716
2022-03-24,2 wk ahead inc case,2022-04-02,GM11,GM11,quantile,0.5,34803
2022-03-24,2 wk ahead inc case,2022-04-02,GM11,GM11,quantile,0.55,35689
2022-03-24,2 wk ahead inc case,2022-04-02,GM11,GM11,quantile,0.6,37138
2022-03-24,2 wk ahead inc case,2022-04-02,GM11,GM11,quantile,0.65,38105
2022-03-24,2 wk ahead inc case,2022-04-02,GM11,GM11,quantile,0.7,38303
2022-03-24,2 wk ahead inc case,2022-04-02,GM11,GM11,quantile,0.75,38345
2022-03-24,2 wk ahead inc case,2022-04-02,GM11,GM11,quantile,0.8,38728
2022-03-24,2 wk ahead inc case,2022-04-02,GM11,GM11,quantile,0.85,39425
2022-03-24,2 wk ahead inc case,2022-04-02,GM11,GM11,quantile,0.9,45790
2022-03-24,2 wk ahead inc case,2022-04-02,GM11,GM11,quantile,0.95,53120
2022-03-24,2 wk ahead inc case,2022-04-02,GM11,GM11,quantile,0.975,56914
2022-03-24,2 wk ahead inc case,2022-04-02,GM11,GM11,quantile,0.99,68768
2022-03-24,2 wk ahead cum case,2022-04-02,GM11,GM11,point,NA,702498
2022-03-24,2 wk ahead cum case,2022-04-02,GM11,GM11,quantile,0.01,687412
2022-03-24,2 wk ahead cum case,2022-04-02,GM11,GM11,quantile,0.025,687584
2022-03-24,2 wk ahead cum case,2022-04-02,GM11,GM11,quantile,0.05,693361
2022-03-24,2 wk ahead cum case,2022-04-02,GM11,GM11,quantile,0.1,695923
2022-03-24,2 wk ahead cum case,2022-04-02,GM11,GM11,quantile,0.15,698688
2022-03-24,2 wk ahead cum case,2022-04-02,GM11,GM11,quantile,0.2,699601
2022-03-24,2 wk ahead cum case,2022-04-02,GM11,GM11,quantile,0.25,699735
2022-03-24,2 wk ahead cum case,2022-04-02,GM11,GM11,quantile,0.3,700027
2022-03-24,2 wk ahead cum case,2022-04-02,GM11,GM11,quantile,0.35,700569
2022-03-24,2 wk ahead cum case,2022-04-02,GM11,GM11,quantile,0.4,700970
2022-03-24,2 wk ahead cum case,2022-04-02,GM11,GM11,quantile,0.45,701411
2022-03-24,2 wk ahead cum case,2022-04-02,GM11,GM11,quantile,0.5,702498
2022-03-24,2 wk ahead cum case,2022-04-02,GM11,GM11,quantile,0.55,703384
2022-03-24,2 wk ahead cum case,2022-04-02,GM11,GM11,quantile,0.6,704833
2022-03-24,2 wk ahead cum case,2022-04-02,GM11,GM11,quantile,0.65,705800
2022-03-24,2 wk ahead cum case,2022-04-02,GM11,GM11,quantile,0.7,705998
2022-03-24,2 wk ahead cum case,2022-04-02,GM11,GM11,quantile,0.75,706040
2022-03-24,2 wk ahead cum case,2022-04-02,GM11,GM11,quantile,0.8,706423
2022-03-24,2 wk ahead cum case,2022-04-02,GM11,GM11,quantile,0.85,707120
2022-03-24,2 wk ahead cum case,2022-04-02,GM11,GM11,quantile,0.9,713485
2022-03-24,2 wk ahead cum case,2022-04-02,GM11,GM11,quantile,0.95,720815
2022-03-24,2 wk ahead cum case,2022-04-02,GM11,GM11,quantile,0.975,724609
2022-03-24,2 wk ahead cum case,2022-04-02,GM11,GM11,quantile,0.99,736463
2022-03-24,3 wk ahead inc case,2022-04-09,GM11,GM11,point,NA,31573
2022-03-24,3 wk ahead inc case,2022-04-09,GM11,GM11,quantile,0.01,6863
2022-03-24,3 wk ahead inc case,2022-04-09,GM11,GM11,quantile,0.025,7115
2022-03-24,3 wk ahead inc case,2022-04-09,GM11,GM11,quantile,0.05,18288
2022-03-24,3 wk ahead inc case,2022-04-09,GM11,GM11,quantile,0.1,22045
2022-03-24,3 wk ahead inc case,2022-04-09,GM11,GM11,quantile,0.15,25717
2022-03-24,3 wk ahead inc case,2022-04-09,GM11,GM11,quantile,0.2,26905
2022-03-24,3 wk ahead inc case,2022-04-09,GM11,GM11,quantile,0.25,28241
2022-03-24,3 wk ahead inc case,2022-04-09,GM11,GM11,quantile,0.3,28651
2022-03-24,3 wk ahead inc case,2022-04-09,GM11,GM11,quantile,0.35,29209
2022-03-24,3 wk ahead inc case,2022-04-09,GM11,GM11,quantile,0.4,29521
2022-03-24,3 wk ahead inc case,2022-04-09,GM11,GM11,quantile,0.45,30346
2022-03-24,3 wk ahead inc case,2022-04-09,GM11,GM11,quantile,0.5,31573
2022-03-24,3 wk ahead inc case,2022-04-09,GM11,GM11,quantile,0.55,32074
2022-03-24,3 wk ahead inc case,2022-04-09,GM11,GM11,quantile,0.6,32183
2022-03-24,3 wk ahead inc case,2022-04-09,GM11,GM11,quantile,0.65,32274
2022-03-24,3 wk ahead inc case,2022-04-09,GM11,GM11,quantile,0.7,32932
2022-03-24,3 wk ahead inc case,2022-04-09,GM11,GM11,quantile,0.75,33521
2022-03-24,3 wk ahead inc case,2022-04-09,GM11,GM11,quantile,0.8,33701
2022-03-24,3 wk ahead inc case,2022-04-09,GM11,GM11,quantile,0.85,34051
2022-03-24,3 wk ahead inc case,2022-04-09,GM11,GM11,quantile,0.9,34970
2022-03-24,3 wk ahead inc case,2022-04-09,GM11,GM11,quantile,0.95,38320
2022-03-24,3 wk ahead inc case,2022-04-09,GM11,GM11,quantile,0.975,40000
2022-03-24,3 wk ahead inc case,2022-04-09,GM11,GM11,quantile,0.99,40826
2022-03-24,3 wk ahead cum case,2022-04-09,GM11,GM11,point,NA,734071
2022-03-24,3 wk ahead cum case,2022-04-09,GM11,GM11,quantile,0.01,709361
2022-03-24,3 wk ahead cum case,2022-04-09,GM11,GM11,quantile,0.025,709613
2022-03-24,3 wk ahead cum case,2022-04-09,GM11,GM11,quantile,0.05,720786
2022-03-24,3 wk ahead cum case,2022-04-09,GM11,GM11,quantile,0.1,724543
2022-03-24,3 wk ahead cum case,2022-04-09,GM11,GM11,quantile,0.15,728215
2022-03-24,3 wk ahead cum case,2022-04-09,GM11,GM11,quantile,0.2,729403
2022-03-24,3 wk ahead cum case,2022-04-09,GM11,GM11,quantile,0.25,730739
2022-03-24,3 wk ahead cum case,2022-04-09,GM11,GM11,quantile,0.3,731149
2022-03-24,3 wk ahead cum case,2022-04-09,GM11,GM11,quantile,0.35,731707
2022-03-24,3 wk ahead cum case,2022-04-09,GM11,GM11,quantile,0.4,732019
2022-03-24,3 wk ahead cum case,2022-04-09,GM11,GM11,quantile,0.45,732844
2022-03-24,3 wk ahead cum case,2022-04-09,GM11,GM11,quantile,0.5,734071
2022-03-24,3 wk ahead cum case,2022-04-09,GM11,GM11,quantile,0.55,734572
2022-03-24,3 wk ahead cum case,2022-04-09,GM11,GM11,quantile,0.6,734681
2022-03-24,3 wk ahead cum case,2022-04-09,GM11,GM11,quantile,0.65,734772
2022-03-24,3 wk ahead cum case,2022-04-09,GM11,GM11,quantile,0.7,735430
2022-03-24,3 wk ahead cum case,2022-04-09,GM11,GM11,quantile,0.75,736019
2022-03-24,3 wk ahead cum case,2022-04-09,GM11,GM11,quantile,0.8,736199
2022-03-24,3 wk ahead cum case,2022-04-09,GM11,GM11,quantile,0.85,736549
2022-03-24,3 wk ahead cum case,2022-04-09,GM11,GM11,quantile,0.9,737468
2022-03-24,3 wk ahead cum case,2022-04-09,GM11,GM11,quantile,0.95,740818
2022-03-24,3 wk ahead cum case,2022-04-09,GM11,GM11,quantile,0.975,742498
2022-03-24,3 wk ahead cum case,2022-04-09,GM11,GM11,quantile,0.99,743324
2022-03-24,4 wk ahead inc case,2022-04-16,GM11,GM11,point,NA,28177
2022-03-24,4 wk ahead inc case,2022-04-16,GM11,GM11,quantile,0.01,2660
2022-03-24,4 wk ahead inc case,2022-04-16,GM11,GM11,quantile,0.025,2912
2022-03-24,4 wk ahead inc case,2022-04-16,GM11,GM11,quantile,0.05,13112
2022-03-24,4 wk ahead inc case,2022-04-16,GM11,GM11,quantile,0.1,19664
2022-03-24,4 wk ahead inc case,2022-04-16,GM11,GM11,quantile,0.15,21573
2022-03-24,4 wk ahead inc case,2022-04-16,GM11,GM11,quantile,0.2,23313
2022-03-24,4 wk ahead inc case,2022-04-16,GM11,GM11,quantile,0.25,24211
2022-03-24,4 wk ahead inc case,2022-04-16,GM11,GM11,quantile,0.3,25073
2022-03-24,4 wk ahead inc case,2022-04-16,GM11,GM11,quantile,0.35,25935
2022-03-24,4 wk ahead inc case,2022-04-16,GM11,GM11,quantile,0.4,27683
2022-03-24,4 wk ahead inc case,2022-04-16,GM11,GM11,quantile,0.45,27990
2022-03-24,4 wk ahead inc case,2022-04-16,GM11,GM11,quantile,0.5,28177
2022-03-24,4 wk ahead inc case,2022-04-16,GM11,GM11,quantile,0.55,28954
2022-03-24,4 wk ahead inc case,2022-04-16,GM11,GM11,quantile,0.6,29280
2022-03-24,4 wk ahead inc case,2022-04-16,GM11,GM11,quantile,0.65,29451
2022-03-24,4 wk ahead inc case,2022-04-16,GM11,GM11,quantile,0.7,29566
2022-03-24,4 wk ahead inc case,2022-04-16,GM11,GM11,quantile,0.75,30034
2022-03-24,4 wk ahead inc case,2022-04-16,GM11,GM11,quantile,0.8,30766
2022-03-24,4 wk ahead inc case,2022-04-16,GM11,GM11,quantile,0.85,31575
2022-03-24,4 wk ahead inc case,2022-04-16,GM11,GM11,quantile,0.9,32574
2022-03-24,4 wk ahead inc case,2022-04-16,GM11,GM11,quantile,0.95,35567
2022-03-24,4 wk ahead inc case,2022-04-16,GM11,GM11,quantile,0.975,36696
2022-03-24,4 wk ahead inc case,2022-04-16,GM11,GM11,quantile,0.99,44676
2022-03-24,4 wk ahead cum case,2022-04-16,GM11,GM11,point,NA,762248
2022-03-24,4 wk ahead cum case,2022-04-16,GM11,GM11,quantile,0.01,736731
2022-03-24,4 wk ahead cum case,2022-04-16,GM11,GM11,quantile,0.025,736983
2022-03-24,4 wk ahead cum case,2022-04-16,GM11,GM11,quantile,0.05,747183
2022-03-24,4 wk ahead cum case,2022-04-16,GM11,GM11,quantile,0.1,753735
2022-03-24,4 wk ahead cum case,2022-04-16,GM11,GM11,quantile,0.15,755644
2022-03-24,4 wk ahead cum case,2022-04-16,GM11,GM11,quantile,0.2,757384
2022-03-24,4 wk ahead cum case,2022-04-16,GM11,GM11,quantile,0.25,758282
2022-03-24,4 wk ahead cum case,2022-04-16,GM11,GM11,quantile,0.3,759144
2022-03-24,4 wk ahead cum case,2022-04-16,GM11,GM11,quantile,0.35,760006
2022-03-24,4 wk ahead cum case,2022-04-16,GM11,GM11,quantile,0.4,761754
2022-03-24,4 wk ahead cum case,2022-04-16,GM11,GM11,quantile,0.45,762061
2022-03-24,4 wk ahead cum case,2022-04-16,GM11,GM11,quantile,0.5,762248
2022-03-24,4 wk ahead cum case,2022-04-16,GM11,GM11,quantile,0.55,763025
2022-03-24,4 wk ahead cum case,2022-04-16,GM11,GM11,quantile,0.6,763351
2022-03-24,4 wk ahead cum case,2022-04-16,GM11,GM11,quantile,0.65,763522
2022-03-24,4 wk ahead cum case,2022-04-16,GM11,GM11,quantile,0.7,763637
2022-03-24,4 wk ahead cum case,2022-04-16,GM11,GM11,quantile,0.75,764105
2022-03-24,4 wk ahead cum case,2022-04-16,GM11,GM11,quantile,0.8,764837
2022-03-24,4 wk ahead cum case,2022-04-16,GM11,GM11,quantile,0.85,765646
2022-03-24,4 wk ahead cum case,2022-04-16,GM11,GM11,quantile,0.9,766645
2022-03-24,4 wk ahead cum case,2022-04-16,GM11,GM11,quantile,0.95,769638
2022-03-24,4 wk ahead cum case,2022-04-16,GM11,GM11,quantile,0.975,770767
2022-03-24,4 wk ahead cum case,2022-04-16,GM11,GM11,quantile,0.99,778747
2022-03-24,1 wk ahead inc case,2022-03-26,GM12,GM12,point,NA,43550
2022-03-24,1 wk ahead inc case,2022-03-26,GM12,GM12,quantile,0.01,36550
2022-03-24,1 wk ahead inc case,2022-03-26,GM12,GM12,quantile,0.025,36988
2022-03-24,1 wk ahead inc case,2022-03-26,GM12,GM12,quantile,0.05,37898
2022-03-24,1 wk ahead inc case,2022-03-26,GM12,GM12,quantile,0.1,38533
2022-03-24,1 wk ahead inc case,2022-03-26,GM12,GM12,quantile,0.15,39678
2022-03-24,1 wk ahead inc case,2022-03-26,GM12,GM12,quantile,0.2,39837
2022-03-24,1 wk ahead inc case,2022-03-26,GM12,GM12,quantile,0.25,39928
2022-03-24,1 wk ahead inc case,2022-03-26,GM12,GM12,quantile,0.3,40129
2022-03-24,1 wk ahead inc case,2022-03-26,GM12,GM12,quantile,0.35,42496
2022-03-24,1 wk ahead inc case,2022-03-26,GM12,GM12,quantile,0.4,42564
2022-03-24,1 wk ahead inc case,2022-03-26,GM12,GM12,quantile,0.45,42817
2022-03-24,1 wk ahead inc case,2022-03-26,GM12,GM12,quantile,0.5,43550
2022-03-24,1 wk ahead inc case,2022-03-26,GM12,GM12,quantile,0.55,43699
2022-03-24,1 wk ahead inc case,2022-03-26,GM12,GM12,quantile,0.6,44394
2022-03-24,1 wk ahead inc case,2022-03-26,GM12,GM12,quantile,0.65,45033
2022-03-24,1 wk ahead inc case,2022-03-26,GM12,GM12,quantile,0.7,45235
2022-03-24,1 wk ahead inc case,2022-03-26,GM12,GM12,quantile,0.75,45314
2022-03-24,1 wk ahead inc case,2022-03-26,GM12,GM12,quantile,0.8,45597
2022-03-24,1 wk ahead inc case,2022-03-26,GM12,GM12,quantile,0.85,45706
2022-03-24,1 wk ahead inc case,2022-03-26,GM12,GM12,quantile,0.9,46127
2022-03-24,1 wk ahead inc case,2022-03-26,GM12,GM12,quantile,0.95,47792
2022-03-24,1 wk ahead inc case,2022-03-26,GM12,GM12,quantile,0.975,47897
2022-03-24,1 wk ahead inc case,2022-03-26,GM12,GM12,quantile,0.99,48238
2022-03-24,1 wk ahead cum case,2022-03-26,GM12,GM12,point,NA,380096
2022-03-24,1 wk ahead cum case,2022-03-26,GM12,GM12,quantile,0.01,373096
2022-03-24,1 wk ahead cum case,2022-03-26,GM12,GM12,quantile,0.025,373534
2022-03-24,1 wk ahead cum case,2022-03-26,GM12,GM12,quantile,0.05,374444
2022-03-24,1 wk ahead cum case,2022-03-26,GM12,GM12,quantile,0.1,375079
2022-03-24,1 wk ahead cum case,2022-03-26,GM12,GM12,quantile,0.15,376224
2022-03-24,1 wk ahead cum case,2022-03-26,GM12,GM12,quantile,0.2,376383
2022-03-24,1 wk ahead cum case,2022-03-26,GM12,GM12,quantile,0.25,376474
2022-03-24,1 wk ahead cum case,2022-03-26,GM12,GM12,quantile,0.3,376675
2022-03-24,1 wk ahead cum case,2022-03-26,GM12,GM12,quantile,0.35,379042
2022-03-24,1 wk ahead cum case,2022-03-26,GM12,GM12,quantile,0.4,379110
2022-03-24,1 wk ahead cum case,2022-03-26,GM12,GM12,quantile,0.45,379363
2022-03-24,1 wk ahead cum case,2022-03-26,GM12,GM12,quantile,0.5,380096
2022-03-24,1 wk ahead cum case,2022-03-26,GM12,GM12,quantile,0.55,380245
2022-03-24,1 wk ahead cum case,2022-03-26,GM12,GM12,quantile,0.6,380940
2022-03-24,1 wk ahead cum case,2022-03-26,GM12,GM12,quantile,0.65,381579
2022-03-24,1 wk ahead cum case,2022-03-26,GM12,GM12,quantile,0.7,381781
2022-03-24,1 wk ahead cum case,2022-03-26,GM12,GM12,quantile,0.75,381860
2022-03-24,1 wk ahead cum case,2022-03-26,GM12,GM12,quantile,0.8,382143
2022-03-24,1 wk ahead cum case,2022-03-26,GM12,GM12,quantile,0.85,382252
2022-03-24,1 wk ahead cum case,2022-03-26,GM12,GM12,quantile,0.9,382673
2022-03-24,1 wk ahead cum case,2022-03-26,GM12,GM12,quantile,0.95,384338
2022-03-24,1 wk ahead cum case,2022-03-26,GM12,GM12,quantile,0.975,384443
2022-03-24,1 wk ahead cum case,2022-03-26,GM12,GM12,quantile,0.99,384784
2022-03-24,2 wk ahead inc case,2022-04-02,GM12,GM12,point,NA,40257
2022-03-24,2 wk ahead inc case,2022-04-02,GM12,GM12,quantile,0.01,33900
2022-03-24,2 wk ahead inc case,2022-04-02,GM12,GM12,quantile,0.025,34538
2022-03-24,2 wk ahead inc case,2022-04-02,GM12,GM12,quantile,0.05,34890
2022-03-24,2 wk ahead inc case,2022-04-02,GM12,GM12,quantile,0.1,35910
2022-03-24,2 wk ahead inc case,2022-04-02,GM12,GM12,quantile,0.15,37472
2022-03-24,2 wk ahead inc case,2022-04-02,GM12,GM12,quantile,0.2,38048
2022-03-24,2 wk ahead inc case,2022-04-02,GM12,GM12,quantile,0.25,38460
2022-03-24,2 wk ahead inc case,2022-04-02,GM12,GM12,quantile,0.3,38521
2022-03-24,2 wk ahead inc case,2022-04-02,GM12,GM12,quantile,0.35,38628
2022-03-24,2 wk ahead inc case,2022-04-02,GM12,GM12,quantile,0.4,39705
2022-03-24,2 wk ahead inc case,2022-04-02,GM12,GM12,quantile,0.45,40013
2022-03-24,2 wk ahead inc case,2022-04-02,GM12,GM12,quantile,0.5,40257
2022-03-24,2 wk ahead inc case,2022-04-02,GM12,GM12,quantile,0.55,40600
2022-03-24,2 wk ahead inc case,2022-04-02,GM12,GM12,quantile,0.6,41033
2022-03-24,2 wk ahead inc case,2022-04-02,GM12,GM12,quantile,0.65,41445
2022-03-24,2 wk ahead inc case,2022-04-02,GM12,GM12,quantile,0.7,41590
2022-03-24,2 wk ahead inc case,2022-04-02,GM12,GM12,quantile,0.75,41787
2022-03-24,2 wk ahead inc case,2022-04-02,GM12,GM12,quantile,0.8,42279
2022-03-24,2 wk ahead inc case,2022-04-02,GM12,GM12,quantile,0.85,42695
2022-03-24,2 wk ahead inc case,2022-04-02,GM12,GM12,quantile,0.9,43646
2022-03-24,2 wk ahead inc case,2022-04-02,GM12,GM12,quantile,0.95,46726
2022-03-24,2 wk ahead inc case,2022-04-02,GM12,GM12,quantile,0.975,51009
2022-03-24,2 wk ahead inc case,2022-04-02,GM12,GM12,quantile,0.99,53072
2022-03-24,2 wk ahead cum case,2022-04-02,GM12,GM12,point,NA,420353
2022-03-24,2 wk ahead cum case,2022-04-02,GM12,GM12,quantile,0.01,413996
2022-03-24,2 wk ahead cum case,2022-04-02,GM12,GM12,quantile,0.025,414634
2022-03-24,2 wk ahead cum case,2022-04-02,GM12,GM12,quantile,0.05,414986
2022-03-24,2 wk ahead cum case,2022-04-02,GM12,GM12,quantile,0.1,416006
2022-03-24,2 wk ahead cum case,2022-04-02,GM12,GM12,quantile,0.15,417568
2022-03-24,2 wk ahead cum case,2022-04-02,GM12,GM12,quantile,0.2,418144
2022-03-24,2 wk ahead cum case,2022-04-02,GM12,GM12,quantile,0.25,418556
2022-03-24,2 wk ahead cum case,2022-04-02,GM12,GM12,quantile,0.3,418617
2022-03-24,2 wk ahead cum case,2022-04-02,GM12,GM12,quantile,0.35,418724
2022-03-24,2 wk ahead cum case,2022-04-02,GM12,GM12,quantile,0.4,419801
2022-03-24,2 wk ahead cum case,2022-04-02,GM12,GM12,quantile,0.45,420109
2022-03-24,2 wk ahead cum case,2022-04-02,GM12,GM12,quantile,0.5,420353
2022-03-24,2 wk ahead cum case,2022-04-02,GM12,GM12,quantile,0.55,420696
2022-03-24,2 wk ahead cum case,2022-04-02,GM12,GM12,quantile,0.6,421129
2022-03-24,2 wk ahead cum case,2022-04-02,GM12,GM12,quantile,0.65,421541
2022-03-24,2 wk ahead cum case,2022-04-02,GM12,GM12,quantile,0.7,421686
2022-03-24,2 wk ahead cum case,2022-04-02,GM12,GM12,quantile,0.75,421883
2022-03-24,2 wk ahead cum case,2022-04-02,GM12,GM12,quantile,0.8,422375
2022-03-24,2 wk ahead cum case,2022-04-02,GM12,GM12,quantile,0.85,422791
2022-03-24,2 wk ahead cum case,2022-04-02,GM12,GM12,quantile,0.9,423742
2022-03-24,2 wk ahead cum case,2022-04-02,GM12,GM12,quantile,0.95,426822
2022-03-24,2 wk ahead cum case,2022-04-02,GM12,GM12,quantile,0.975,431105
2022-03-24,2 wk ahead cum case,2022-04-02,GM12,GM12,quantile,0.99,433168
2022-03-24,3 wk ahead inc case,2022-04-09,GM12,GM12,point,NA,39021
2022-03-24,3 wk ahead inc case,2022-04-09,GM12,GM12,quantile,0.01,31733
2022-03-24,3 wk ahead inc case,2022-04-09,GM12,GM12,quantile,0.025,32413
2022-03-24,3 wk ahead inc case,2022-04-09,GM12,GM12,quantile,0.05,33313
2022-03-24,3 wk ahead inc case,2022-04-09,GM12,GM12,quantile,0.1,34343
2022-03-24,3 wk ahead inc case,2022-04-09,GM12,GM12,quantile,0.15,35510
2022-03-24,3 wk ahead inc case,2022-04-09,GM12,GM12,quantile,0.2,35818
2022-03-24,3 wk ahead inc case,2022-04-09,GM12,GM12,quantile,0.25,36523
2022-03-24,3 wk ahead inc case,2022-04-09,GM12,GM12,quantile,0.3,36612
2022-03-24,3 wk ahead inc case,2022-04-09,GM12,GM12,quantile,0.35,37771
2022-03-24,3 wk ahead inc case,2022-04-09,GM12,GM12,quantile,0.4,38525
2022-03-24,3 wk ahead inc case,2022-04-09,GM12,GM12,quantile,0.45,38833
2022-03-24,3 wk ahead inc case,2022-04-09,GM12,GM12,quantile,0.5,39021
2022-03-24,3 wk ahead inc case,2022-04-09,GM12,GM12,quantile,0.55,40251
2022-03-24,3 wk ahead inc case,2022-04-09,GM12,GM12,quantile,0.6,41119
2022-03-24,3 wk ahead inc case,2022-04-09,GM12,GM12,quantile,0.65,41537
2022-03-24,3 wk ahead inc case,2022-04-09,GM12,GM12,quantile,0.7,41692
2022-03-24,3 wk ahead inc case,2022-04-09,GM12,GM12,quantile,0.75,43338
2022-03-24,3 wk ahead inc case,2022-04-09,GM12,GM12,quantile,0.8,44198
2022-03-24,3 wk ahead inc case,2022-04-09,GM12,GM12,quantile,0.85,46682
2022-03-24,3 wk ahead inc case,2022-04-09,GM12,GM12,quantile,0.9,52832
2022-03-24,3 wk ahead inc case,2022-04-09,GM12,GM12,quantile,0.95,53818
2022-03-24,3 wk ahead inc case,2022-04-09,GM12,GM12,quantile,0.975,55045
2022-03-24,3 wk ahead inc case,2022-04-09,GM12,GM12,quantile,0.99,56244
2022-03-24,3 wk ahead cum case,2022-04-09,GM12,GM12,point,NA,459374
2022-03-24,3 wk ahead cum case,2022-04-09,GM12,GM12,quantile,0.01,452086
2022-03-24,3 wk ahead cum case,2022-04-09,GM12,GM12,quantile,0.025,452766
2022-03-24,3 wk ahead cum case,2022-04-09,GM12,GM12,quantile,0.05,453666
2022-03-24,3 wk ahead cum case,2022-04-09,GM12,GM12,quantile,0.1,454696
2022-03-24,3 wk ahead cum case,2022-04-09,GM12,GM12,quantile,0.15,455863
2022-03-24,3 wk ahead cum case,2022-04-09,GM12,GM12,quantile,0.2,456171
2022-03-24,3 wk ahead cum case,2022-04-09,GM12,GM12,quantile,0.25,456876
2022-03-24,3 wk ahead cum case,2022-04-09,GM12,GM12,quantile,0.3,456965
2022-03-24,3 wk ahead cum case,2022-04-09,GM12,GM12,quantile,0.35,458124
2022-03-24,3 wk ahead cum case,2022-04-09,GM12,GM12,quantile,0.4,458878
2022-03-24,3 wk ahead cum case,2022-04-09,GM12,GM12,quantile,0.45,459186
2022-03-24,3 wk ahead cum case,2022-04-09,GM12,GM12,quantile,0.5,459374
2022-03-24,3 wk ahead cum case,2022-04-09,GM12,GM12,quantile,0.55,460604
2022-03-24,3 wk ahead cum case,2022-04-09,GM12,GM12,quantile,0.6,461472
2022-03-24,3 wk ahead cum case,2022-04-09,GM12,GM12,quantile,0.65,461890
2022-03-24,3 wk ahead cum case,2022-04-09,GM12,GM12,quantile,0.7,462045
2022-03-24,3 wk ahead cum case,2022-04-09,GM12,GM12,quantile,0.75,463691
2022-03-24,3 wk ahead cum case,2022-04-09,GM12,GM12,quantile,0.8,464551
2022-03-24,3 wk ahead cum case,2022-04-09,GM12,GM12,quantile,0.85,467035
2022-03-24,3 wk ahead cum case,2022-04-09,GM12,GM12,quantile,0.9,473185
2022-03-24,3 wk ahead cum case,2022-04-09,GM12,GM12,quantile,0.95,474171
2022-03-24,3 wk ahead cum case,2022-04-09,GM12,GM12,quantile,0.975,475398
2022-03-24,3 wk ahead cum case,2022-04-09,GM12,GM12,quantile,0.99,476597
2022-03-24,4 wk ahead inc case,2022-04-16,GM12,GM12,point,NA,36727
2022-03-24,4 wk ahead inc case,2022-04-16,GM12,GM12,quantile,0.01,27622
2022-03-24,4 wk ahead inc case,2022-04-16,GM12,GM12,quantile,0.025,28955
2022-03-24,4 wk ahead inc case,2022-04-16,GM12,GM12,quantile,0.05,29656
2022-03-24,4 wk ahead inc case,2022-04-16,GM12,GM12,quantile,0.1,30494
2022-03-24,4 wk ahead inc case,2022-04-16,GM12,GM12,quantile,0.15,31818
2022-03-24,4 wk ahead inc case,2022-04-16,GM12,GM12,quantile,0.2,32539
2022-03-24,4 wk ahead inc case,2022-04-16,GM12,GM12,quantile,0.25,32892
2022-03-24,4 wk ahead inc case,2022-04-16,GM12,GM12,quantile,0.3,33771
2022-03-24,4 wk ahead inc case,2022-04-16,GM12,GM12,quantile,0.35,35281
2022-03-24,4 wk ahead inc case,2022-04-16,GM12,GM12,quantile,0.4,35427
2022-03-24,4 wk ahead inc case,2022-04-16,GM12,GM12,quantile,0.45,35973
2022-03-24,4 wk ahead inc case,2022-04-16,GM12,GM12,quantile,0.5,36727
2022-03-24,4 wk ahead inc case,2022-04-16,GM12,GM12,quantile,0.55,37928
2022-03-24,4 wk ahead inc case,2022-04-16,GM12,GM12,quantile,0.6,38133
2022-03-24,4 wk ahead inc case,2022-04-16,GM12,GM12,quantile,0.65,38802
2022-03-24,4 wk ahead inc case,2022-04-16,GM12,GM12,quantile,0.7,39563
2022-03-24,4 wk ahead inc case,2022-04-16,GM12,GM12,quantile,0.75,40428
2022-03-24,4 wk ahead inc case,2022-04-16,GM12,GM12,quantile,0.8,41086
2022-03-24,4 wk ahead inc case,2022-04-16,GM12,GM12,quantile,0.85,42708
2022-03-24,4 wk ahead inc case,2022-04-16,GM12,GM12,quantile,0.9,47187
2022-03-24,4 wk ahead inc case,2022-04-16,GM12,GM12,quantile,0.95,48541
2022-03-24,4 wk ahead inc case,2022-04-16,GM12,GM12,quantile,0.975,49654
2022-03-24,4 wk ahead inc case,2022-04-16,GM12,GM12,quantile,0.99,51474
2022-03-24,4 wk ahead cum case,2022-04-16,GM12,GM12,point,NA,496101
2022-03-24,4 wk ahead cum case,2022-04-16,GM12,GM12,quantile,0.01,486996
2022-03-24,4 wk ahead cum case,2022-04-16,GM12,GM12,quantile,0.025,488329
2022-03-24,4 wk ahead cum case,2022-04-16,GM12,GM12,quantile,0.05,489030
2022-03-24,4 wk ahead cum case,2022-04-16,GM12,GM12,quantile,0.1,489868
2022-03-24,4 wk ahead cum case,2022-04-16,GM12,GM12,quantile,0.15,491192
2022-03-24,4 wk ahead cum case,2022-04-16,GM12,GM12,quantile,0.2,491913
2022-03-24,4 wk ahead cum case,2022-04-16,GM12,GM12,quantile,0.25,492266
2022-03-24,4 wk ahead cum case,2022-04-16,GM12,GM12,quantile,0.3,493145
2022-03-24,4 wk ahead cum case,2022-04-16,GM12,GM12,quantile,0.35,494655
2022-03-24,4 wk ahead cum case,2022-04-16,GM12,GM12,quantile,0.4,494801
2022-03-24,4 wk ahead cum case,2022-04-16,GM12,GM12,quantile,0.45,495347
2022-03-24,4 wk ahead cum case,2022-04-16,GM12,GM12,quantile,0.5,496101
2022-03-24,4 wk ahead cum case,2022-04-16,GM12,GM12,quantile,0.55,497302
2022-03-24,4 wk ahead cum case,2022-04-16,GM12,GM12,quantile,0.6,497507
2022-03-24,4 wk ahead cum case,2022-04-16,GM12,GM12,quantile,0.65,498176
2022-03-24,4 wk ahead cum case,2022-04-16,GM12,GM12,quantile,0.7,498937
2022-03-24,4 wk ahead cum case,2022-04-16,GM12,GM12,quantile,0.75,499802
2022-03-24,4 wk ahead cum case,2022-04-16,GM12,GM12,quantile,0.8,500460
2022-03-24,4 wk ahead cum case,2022-04-16,GM12,GM12,quantile,0.85,502082
2022-03-24,4 wk ahead cum case,2022-04-16,GM12,GM12,quantile,0.9,506561
2022-03-24,4 wk ahead cum case,2022-04-16,GM12,GM12,quantile,0.95,507915
2022-03-24,4 wk ahead cum case,2022-04-16,GM12,GM12,quantile,0.975,509028
2022-03-24,4 wk ahead cum case,2022-04-16,GM12,GM12,quantile,0.99,510848
2022-03-24,1 wk ahead inc case,2022-03-26,GM13,GM13,point,NA,117165
2022-03-24,1 wk ahead inc case,2022-03-26,GM13,GM13,quantile,0.01,0
2022-03-24,1 wk ahead inc case,2022-03-26,GM13,GM13,quantile,0.025,0
2022-03-24,1 wk ahead inc case,2022-03-26,GM13,GM13,quantile,0.05,50557
2022-03-24,1 wk ahead inc case,2022-03-26,GM13,GM13,quantile,0.1,101676
2022-03-24,1 wk ahead inc case,2022-03-26,GM13,GM13,quantile,0.15,111715
2022-03-24,1 wk ahead inc case,2022-03-26,GM13,GM13,quantile,0.2,112781
2022-03-24,1 wk ahead inc case,2022-03-26,GM13,GM13,quantile,0.25,113926
2022-03-24,1 wk ahead inc case,2022-03-26,GM13,GM13,quantile,0.3,114942
2022-03-24,1 wk ahead inc case,2022-03-26,GM13,GM13,quantile,0.35,116376
2022-03-24,1 wk ahead inc case,2022-03-26,GM13,GM13,quantile,0.4,116564
2022-03-24,1 wk ahead inc case,2022-03-26,GM13,GM13,quantile,0.45,116875
2022-03-24,1 wk ahead inc case,2022-03-26,GM13,GM13,quantile,0.5,117165
2022-03-24,1 wk ahead inc case,2022-03-26,GM13,GM13,quantile,0.55,118717
2022-03-24,1 wk ahead inc case,2022-03-26,GM13,GM13,quantile,0.6,119002
2022-03-24,1 wk ahead inc case,2022-03-26,GM13,GM13,quantile,0.65,119179
2022-03-24,1 wk ahead inc case,2022-03-26,GM13,GM13,quantile,0.7,119459
2022-03-24,1 wk ahead inc case,2022-03-26,GM13,GM13,quantile,0.75,119590
2022-03-24,1 wk ahead inc case,2022-03-26,GM13,GM13,quantile,0.8,120699
2022-03-24,1 wk ahead inc case,2022-03-26,GM13,GM13,quantile,0.85,122510
2022-03-24,1 wk ahead inc case,2022-03-26,GM13,GM13,quantile,0.9,133620
2022-03-24,1 wk ahead inc case,2022-03-26,GM13,GM13,quantile,0.95,142704
2022-03-24,1 wk ahead inc case,2022-03-26,GM13,GM13,quantile,0.975,144536
2022-03-24,1 wk ahead inc case,2022-03-26,GM13,GM13,quantile,0.99,145628
2022-03-24,1 wk ahead cum case,2022-03-26,GM13,GM13,point,NA,1273526
2022-03-24,1 wk ahead cum case,2022-03-26,GM13,GM13,quantile,0.01,1156361
2022-03-24,1 wk ahead cum case,2022-03-26,GM13,GM13,quantile,0.025,1156361
2022-03-24,1 wk ahead cum case,2022-03-26,GM13,GM13,quantile,0.05,1206918
2022-03-24,1 wk ahead cum case,2022-03-26,GM13,GM13,quantile,0.1,1258037
2022-03-24,1 wk ahead cum case,2022-03-26,GM13,GM13,quantile,0.15,1268076
2022-03-24,1 wk ahead cum case,2022-03-26,GM13,GM13,quantile,0.2,1269142
2022-03-24,1 wk ahead cum case,2022-03-26,GM13,GM13,quantile,0.25,1270287
2022-03-24,1 wk ahead cum case,2022-03-26,GM13,GM13,quantile,0.3,1271303
2022-03-24,1 wk ahead cum case,2022-03-26,GM13,GM13,quantile,0.35,1272737
2022-03-24,1 wk ahead cum case,2022-03-26,GM13,GM13,quantile,0.4,1272925
2022-03-24,1 wk ahead cum case,2022-03-26,GM13,GM13,quantile,0.45,1273236
2022-03-24,1 wk ahead cum case,2022-03-26,GM13,GM13,quantile,0.5,1273526
2022-03-24,1 wk ahead cum case,2022-03-26,GM13,GM13,quantile,0.55,1275078
2022-03-24,1 wk ahead cum case,2022-03-26,GM13,GM13,quantile,0.6,1275363
2022-03-24,1 wk ahead cum case,2022-03-26,GM13,GM13,quantile,0.65,1275540
2022-03-24,1 wk ahead cum case,2022-03-26,GM13,GM13,quantile,0.7,1275820
2022-03-24,1 wk ahead cum case,2022-03-26,GM13,GM13,quantile,0.75,1275951
2022-03-24,1 wk ahead cum case,2022-03-26,GM13,GM13,quantile,0.8,1277060
2022-03-24,1 wk ahead cum case,2022-03-26,GM13,GM13,quantile,0.85,1278871
2022-03-24,1 wk ahead cum case,2022-03-26,GM13,GM13,quantile,0.9,1289981
2022-03-24,1 wk ahead cum case,2022-03-26,GM13,GM13,quantile,0.95,1299065
2022-03-24,1 wk ahead cum case,2022-03-26,GM13,GM13,quantile,0.975,1300897
2022-03-24,1 wk ahead cum case,2022-03-26,GM13,GM13,quantile,0.99,1301989
2022-03-24,2 wk ahead inc case,2022-04-02,GM13,GM13,point,NA,134267
2022-03-24,2 wk ahead inc case,2022-04-02,GM13,GM13,quantile,0.01,0
2022-03-24,2 wk ahead inc case,2022-04-02,GM13,GM13,quantile,0.025,0
2022-03-24,2 wk ahead inc case,2022-04-02,GM13,GM13,quantile,0.05,48730
2022-03-24,2 wk ahead inc case,2022-04-02,GM13,GM13,quantile,0.1,101842
2022-03-24,2 wk ahead inc case,2022-04-02,GM13,GM13,quantile,0.15,110529
2022-03-24,2 wk ahead inc case,2022-04-02,GM13,GM13,quantile,0.2,123921
2022-03-24,2 wk ahead inc case,2022-04-02,GM13,GM13,quantile,0.25,127276
2022-03-24,2 wk ahead inc case,2022-04-02,GM13,GM13,quantile,0.3,130418
2022-03-24,2 wk ahead inc case,2022-04-02,GM13,GM13,quantile,0.35,132022
2022-03-24,2 wk ahead inc case,2022-04-02,GM13,GM13,quantile,0.4,133065
2022-03-24,2 wk ahead inc case,2022-04-02,GM13,GM13,quantile,0.45,133858
2022-03-24,2 wk ahead inc case,2022-04-02,GM13,GM13,quantile,0.5,134267
2022-03-24,2 wk ahead inc case,2022-04-02,GM13,GM13,quantile,0.55,135227
2022-03-24,2 wk ahead inc case,2022-04-02,GM13,GM13,quantile,0.6,135813
2022-03-24,2 wk ahead inc case,2022-04-02,GM13,GM13,quantile,0.65,136847
2022-03-24,2 wk ahead inc case,2022-04-02,GM13,GM13,quantile,0.7,139335
2022-03-24,2 wk ahead inc case,2022-04-02,GM13,GM13,quantile,0.75,141432
2022-03-24,2 wk ahead inc case,2022-04-02,GM13,GM13,quantile,0.8,141999
2022-03-24,2 wk ahead inc case,2022-04-02,GM13,GM13,quantile,0.85,142525
2022-03-24,2 wk ahead inc case,2022-04-02,GM13,GM13,quantile,0.9,143909
2022-03-24,2 wk ahead inc case,2022-04-02,GM13,GM13,quantile,0.95,148336
2022-03-24,2 wk ahead inc case,2022-04-02,GM13,GM13,quantile,0.975,157288
2022-03-24,2 wk ahead inc case,2022-04-02,GM13,GM13,quantile,0.99,169591
2022-03-24,2 wk ahead cum case,2022-04-02,GM13,GM13,point,NA,1407793
2022-03-24,2 wk ahead cum case,2022-04-02,GM13,GM13,quantile,0.01,1273526
2022-03-24,2 wk ahead cum case,2022-04-02,GM13,GM13,quantile,0.025,1273526
2022-03-24,2 wk ahead cum case,2022-04-02,GM13,GM13,quantile,0.05,1322256
2022-03-24,2 wk ahead cum case,2022-04-02,GM13,GM13,quantile,0.1,1375368
2022-03-24,2 wk ahead cum case,2022-04-02,GM13,GM13,quantile,0.15,1384055
2022-03-24,2 wk ahead cum case,2022-04-02,GM13,GM13,quantile,0.2,1397447
2022-03-24,2 wk ahead cum case,2022-04-02,GM13,GM13,quantile,0.25,1400802
2022-03-24,2 wk ahead cum case,2022-04-02,GM13,GM13,quantile,0.3,1403944
2022-03-24,2 wk ahead cum case,2022-04-02,GM13,GM13,quantile,0.35,1405548
2022-03-24,2 wk ahead cum case,2022-04-02,GM13,GM13,quantile,0.4,1406591
2022-03-24,2 wk ahead cum case,2022-04-02,GM13,GM13,quantile,0.45,1407384
2022-03-24,2 wk ahead cum case,2022-04-02,GM13,GM13,quantile,0.5,1407793
2022-03-24,2 wk ahead cum case,2022-04-02,GM13,GM13,quantile,0.55,1408753
2022-03-24,2 wk ahead cum case,2022-04-02,GM13,GM13,quantile,0.6,1409339
2022-03-24,2 wk ahead cum case,2022-04-02,GM13,GM13,quantile,0.65,1410373
2022-03-24,2 wk ahead cum case,2022-04-02,GM13,GM13,quantile,0.7,1412861
2022-03-24,2 wk ahead cum case,2022-04-02,GM13,GM13,quantile,0.75,1414958
2022-03-24,2 wk ahead cum case,2022-04-02,GM13,GM13,quantile,0.8,1415525
2022-03-24,2 wk ahead cum case,2022-04-02,GM13,GM13,quantile,0.85,1416051
2022-03-24,2 wk ahead cum case,2022-04-02,GM13,GM13,quantile,0.9,1417435
2022-03-24,2 wk ahead cum case,2022-04-02,GM13,GM13,quantile,0.95,1421862
2022-03-24,2 wk ahead cum case,2022-04-02,GM13,GM13,quantile,0.975,1430814
2022-03-24,2 wk ahead cum case,2022-04-02,GM13,GM13,quantile,0.99,1443117
2022-03-24,3 wk ahead inc case,2022-04-09,GM13,GM13,point,NA,155293
2022-03-24,3 wk ahead inc case,2022-04-09,GM13,GM13,quantile,0.01,0
2022-03-24,3 wk ahead inc case,2022-04-09,GM13,GM13,quantile,0.025,0
2022-03-24,3 wk ahead inc case,2022-04-09,GM13,GM13,quantile,0.05,63062
2022-03-24,3 wk ahead inc case,2022-04-09,GM13,GM13,quantile,0.1,120113
2022-03-24,3 wk ahead inc case,2022-04-09,GM13,GM13,quantile,0.15,131784
2022-03-24,3 wk ahead inc case,2022-04-09,GM13,GM13,quantile,0.2,134860
2022-03-24,3 wk ahead inc case,2022-04-09,GM13,GM13,quantile,0.25,137024
2022-03-24,3 wk ahead inc case,2022-04-09,GM13,GM13,quantile,0.3,140597
2022-03-24,3 wk ahead inc case,2022-04-09,GM13,GM13,quantile,0.35,142134
2022-03-24,3 wk ahead inc case,2022-04-09,GM13,GM13,quantile,0.4,147865
2022-03-24,3 wk ahead inc case,2022-04-09,GM13,GM13,quantile,0.45,151830
2022-03-24,3 wk ahead inc case,2022-04-09,GM13,GM13,quantile,0.5,155293
2022-03-24,3 wk ahead inc case,2022-04-09,GM13,GM13,quantile,0.55,159067
2022-03-24,3 wk ahead inc case,2022-04-09,GM13,GM13,quantile,0.6,159723
2022-03-24,3 wk ahead inc case,2022-04-09,GM13,GM13,quantile,0.65,160448
2022-03-24,3 wk ahead inc case,2022-04-09,GM13,GM13,quantile,0.7,160866
2022-03-24,3 wk ahead inc case,2022-04-09,GM13,GM13,quantile,0.75,161576
2022-03-24,3 wk ahead inc case,2022-04-09,GM13,GM13,quantile,0.8,166086
2022-03-24,3 wk ahead inc case,2022-04-09,GM13,GM13,quantile,0.85,170159
2022-03-24,3 wk ahead inc case,2022-04-09,GM13,GM13,quantile,0.9,183170
2022-03-24,3 wk ahead inc case,2022-04-09,GM13,GM13,quantile,0.95,192986
2022-03-24,3 wk ahead inc case,2022-04-09,GM13,GM13,quantile,0.975,198390
2022-03-24,3 wk ahead inc case,2022-04-09,GM13,GM13,quantile,0.99,201258
2022-03-24,3 wk ahead cum case,2022-04-09,GM13,GM13,point,NA,1563086
2022-03-24,3 wk ahead cum case,2022-04-09,GM13,GM13,quantile,0.01,1407793
2022-03-24,3 wk ahead cum case,2022-04-09,GM13,GM13,quantile,0.025,1407793
2022-03-24,3 wk ahead cum case,2022-04-09,GM13,GM13,quantile,0.05,1470855
2022-03-24,3 wk ahead cum case,2022-04-09,GM13,GM13,quantile,0.1,1527906
2022-03-24,3 wk ahead cum case,2022-04-09,GM13,GM13,quantile,0.15,1539577
2022-03-24,3 wk ahead cum case,2022-04-09,GM13,GM13,quantile,0.2,1542653
2022-03-24,3 wk ahead cum case,2022-04-09,GM13,GM13,quantile,0.25,1544817
2022-03-24,3 wk ahead cum case,2022-04-09,GM13,GM13,quantile,0.3,1548390
2022-03-24,3 wk ahead cum case,2022-04-09,GM13,GM13,quantile,0.35,1549927
2022-03-24,3 wk ahead cum case,2022-04-09,GM13,GM13,quantile,0.4,1555658
2022-03-24,3 wk ahead cum case,2022-04-09,GM13,GM13,quantile,0.45,1559623
2022-03-24,3 wk ahead cum case,2022-04-09,GM13,GM13,quantile,0.5,1563086
2022-03-24,3 wk ahead cum case,2022-04-09,GM13,GM13,quantile,0.55,1566860
2022-03-24,3 wk ahead cum case,2022-04-09,GM13,GM13,quantile,0.6,1567516
2022-03-24,3 wk ahead cum case,2022-04-09,GM13,GM13,quantile,0.65,1568241
2022-03-24,3 wk ahead cum case,2022-04-09,GM13,GM13,quantile,0.7,1568659
2022-03-24,3 wk ahead cum case,2022-04-09,GM13,GM13,quantile,0.75,1569369
2022-03-24,3 wk ahead cum case,2022-04-09,GM13,GM13,quantile,0.8,1573879
2022-03-24,3 wk ahead cum case,2022-04-09,GM13,GM13,quantile,0.85,1577952
2022-03-24,3 wk ahead cum case,2022-04-09,GM13,GM13,quantile,0.9,1590963
2022-03-24,3 wk ahead cum case,2022-04-09,GM13,GM13,quantile,0.95,1600779
2022-03-24,3 wk ahead cum case,2022-04-09,GM13,GM13,quantile,0.975,1606183
2022-03-24,3 wk ahead cum case,2022-04-09,GM13,GM13,quantile,0.99,1609051
2022-03-24,4 wk ahead inc case,2022-04-16,GM13,GM13,point,NA,166039
2022-03-24,4 wk ahead inc case,2022-04-16,GM13,GM13,quantile,0.01,0
2022-03-24,4 wk ahead inc case,2022-04-16,GM13,GM13,quantile,0.025,0
2022-03-24,4 wk ahead inc case,2022-04-16,GM13,GM13,quantile,0.05,56794
2022-03-24,4 wk ahead inc case,2022-04-16,GM13,GM13,quantile,0.1,95918
2022-03-24,4 wk ahead inc case,2022-04-16,GM13,GM13,quantile,0.15,109370
2022-03-24,4 wk ahead inc case,2022-04-16,GM13,GM13,quantile,0.2,123518
2022-03-24,4 wk ahead inc case,2022-04-16,GM13,GM13,quantile,0.25,141857
2022-03-24,4 wk ahead inc case,2022-04-16,GM13,GM13,quantile,0.3,147655
2022-03-24,4 wk ahead inc case,2022-04-16,GM13,GM13,quantile,0.35,157044
2022-03-24,4 wk ahead inc case,2022-04-16,GM13,GM13,quantile,0.4,159742
2022-03-24,4 wk ahead inc case,2022-04-16,GM13,GM13,quantile,0.45,163846
2022-03-24,4 wk ahead inc case,2022-04-16,GM13,GM13,quantile,0.5,166039
2022-03-24,4 wk ahead inc case,2022-04-16,GM13,GM13,quantile,0.55,166414
2022-03-24,4 wk ahead inc case,2022-04-16,GM13,GM13,quantile,0.6,166488
2022-03-24,4 wk ahead inc case,2022-04-16,GM13,GM13,quantile,0.65,167524
2022-03-24,4 wk ahead inc case,2022-04-16,GM13,GM13,quantile,0.7,168472
2022-03-24,4 wk ahead inc case,2022-04-16,GM13,GM13,quantile,0.75,172896
2022-03-24,4 wk ahead inc case,2022-04-16,GM13,GM13,quantile,0.8,179323
2022-03-24,4 wk ahead inc case,2022-04-16,GM13,GM13,quantile,0.85,181827
2022-03-24,4 wk ahead inc case,2022-04-16,GM13,GM13,quantile,0.9,193641
2022-03-24,4 wk ahead inc case,2022-04-16,GM13,GM13,quantile,0.95,202095
2022-03-24,4 wk ahead inc case,2022-04-16,GM13,GM13,quantile,0.975,207454
2022-03-24,4 wk ahead inc case,2022-04-16,GM13,GM13,quantile,0.99,209892
2022-03-24,4 wk ahead cum case,2022-04-16,GM13,GM13,point,NA,1729125
2022-03-24,4 wk ahead cum case,2022-04-16,GM13,GM13,quantile,0.01,1563086
2022-03-24,4 wk ahead cum case,2022-04-16,GM13,GM13,quantile,0.025,1563086
2022-03-24,4 wk ahead cum case,2022-04-16,GM13,GM13,quantile,0.05,1619880
2022-03-24,4 wk ahead cum case,2022-04-16,GM13,GM13,quantile,0.1,1659004
2022-03-24,4 wk ahead cum case,2022-04-16,GM13,GM13,quantile,0.15,1672456
2022-03-24,4 wk ahead cum case,2022-04-16,GM13,GM13,quantile,0.2,1686604
2022-03-24,4 wk ahead cum case,2022-04-16,GM13,GM13,quantile,0.25,1704943
2022-03-24,4 wk ahead cum case,2022-04-16,GM13,GM13,quantile,0.3,1710741
2022-03-24,4 wk ahead cum case,2022-04-16,GM13,GM13,quantile,0.35,1720130
2022-03-24,4 wk ahead cum case,2022-04-16,GM13,GM13,quantile,0.4,1722828
2022-03-24,4 wk ahead cum case,2022-04-16,GM13,GM13,quantile,0.45,1726932
2022-03-24,4 wk ahead cum case,2022-04-16,GM13,GM13,quantile,0.5,1729125
2022-03-24,4 wk ahead cum case,2022-04-16,GM13,GM13,quantile,0.55,1729500
2022-03-24,4 wk ahead cum case,2022-04-16,GM13,GM13,quantile,0.6,1729574
2022-03-24,4 wk ahead cum case,2022-04-16,GM13,GM13,quantile,0.65,1730610
2022-03-24,4 wk ahead cum case,2022-04-16,GM13,GM13,quantile,0.7,1731558
2022-03-24,4 wk ahead cum case,2022-04-16,GM13,GM13,quantile,0.75,1735982
2022-03-24,4 wk ahead cum case,2022-04-16,GM13,GM13,quantile,0.8,1742409
2022-03-24,4 wk ahead cum case,2022-04-16,GM13,GM13,quantile,0.85,1744913
2022-03-24,4 wk ahead cum case,2022-04-16,GM13,GM13,quantile,0.9,1756727
2022-03-24,4 wk ahead cum case,2022-04-16,GM13,GM13,quantile,0.95,1765181
2022-03-24,4 wk ahead cum case,2022-04-16,GM13,GM13,quantile,0.975,1770540
2022-03-24,4 wk ahead cum case,2022-04-16,GM13,GM13,quantile,0.99,1772978
2022-03-24,1 wk ahead inc case,2022-03-26,GM14,GM14,point,NA,51760
2022-03-24,1 wk ahead inc case,2022-03-26,GM14,GM14,quantile,0.01,40332
2022-03-24,1 wk ahead inc case,2022-03-26,GM14,GM14,quantile,0.025,41139
2022-03-24,1 wk ahead inc case,2022-03-26,GM14,GM14,quantile,0.05,42451
2022-03-24,1 wk ahead inc case,2022-03-26,GM14,GM14,quantile,0.1,45938
2022-03-24,1 wk ahead inc case,2022-03-26,GM14,GM14,quantile,0.15,48088
2022-03-24,1 wk ahead inc case,2022-03-26,GM14,GM14,quantile,0.2,49052
2022-03-24,1 wk ahead inc case,2022-03-26,GM14,GM14,quantile,0.25,49585
2022-03-24,1 wk ahead inc case,2022-03-26,GM14,GM14,quantile,0.3,50545
2022-03-24,1 wk ahead inc case,2022-03-26,GM14,GM14,quantile,0.35,51248
2022-03-24,1 wk ahead inc case,2022-03-26,GM14,GM14,quantile,0.4,51418
2022-03-24,1 wk ahead inc case,2022-03-26,GM14,GM14,quantile,0.45,51473
2022-03-24,1 wk ahead inc case,2022-03-26,GM14,GM14,quantile,0.5,51760
2022-03-24,1 wk ahead inc case,2022-03-26,GM14,GM14,quantile,0.55,53354
2022-03-24,1 wk ahead inc case,2022-03-26,GM14,GM14,quantile,0.6,54812
2022-03-24,1 wk ahead inc case,2022-03-26,GM14,GM14,quantile,0.65,56422
2022-03-24,1 wk ahead inc case,2022-03-26,GM14,GM14,quantile,0.7,58086
2022-03-24,1 wk ahead inc case,2022-03-26,GM14,GM14,quantile,0.75,63224
2022-03-24,1 wk ahead inc case,2022-03-26,GM14,GM14,quantile,0.8,63232
2022-03-24,1 wk ahead inc case,2022-03-26,GM14,GM14,quantile,0.85,63293
2022-03-24,1 wk ahead inc case,2022-03-26,GM14,GM14,quantile,0.9,67755
2022-03-24,1 wk ahead inc case,2022-03-26,GM14,GM14,quantile,0.95,70831
2022-03-24,1 wk ahead inc case,2022-03-26,GM14,GM14,quantile,0.975,71197
2022-03-24,1 wk ahead inc case,2022-03-26,GM14,GM14,quantile,0.99,71594
2022-03-24,1 wk ahead cum case,2022-03-26,GM14,GM14,point,NA,580943
2022-03-24,1 wk ahead cum case,2022-03-26,GM14,GM14,quantile,0.01,569515
2022-03-24,1 wk ahead cum case,2022-03-26,GM14,GM14,quantile,0.025,570322
2022-03-24,1 wk ahead cum case,2022-03-26,GM14,GM14,quantile,0.05,571634
2022-03-24,1 wk ahead cum case,2022-03-26,GM14,GM14,quantile,0.1,575121
2022-03-24,1 wk ahead cum case,2022-03-26,GM14,GM14,quantile,0.15,577271
2022-03-24,1 wk ahead cum case,2022-03-26,GM14,GM14,quantile,0.2,578235
2022-03-24,1 wk ahead cum case,2022-03-26,GM14,GM14,quantile,0.25,578768
2022-03-24,1 wk ahead cum case,2022-03-26,GM14,GM14,quantile,0.3,579728
2022-03-24,1 wk ahead cum case,2022-03-26,GM14,GM14,quantile,0.35,580431
2022-03-24,1 wk ahead cum case,2022-03-26,GM14,GM14,quantile,0.4,580601
2022-03-24,1 wk ahead cum case,2022-03-26,GM14,GM14,quantile,0.45,580656
2022-03-24,1 wk ahead cum case,2022-03-26,GM14,GM14,quantile,0.5,580943
2022-03-24,1 wk ahead cum case,2022-03-26,GM14,GM14,quantile,0.55,582537
2022-03-24,1 wk ahead cum case,2022-03-26,GM14,GM14,quantile,0.6,583995
2022-03-24,1 wk ahead cum case,2022-03-26,GM14,GM14,quantile,0.65,585605
2022-03-24,1 wk ahead cum case,2022-03-26,GM14,GM14,quantile,0.7,587269
2022-03-24,1 wk ahead cum case,2022-03-26,GM14,GM14,quantile,0.75,592407
2022-03-24,1 wk ahead cum case,2022-03-26,GM14,GM14,quantile,0.8,592415
2022-03-24,1 wk ahead cum case,2022-03-26,GM14,GM14,quantile,0.85,592476
2022-03-24,1 wk ahead cum case,2022-03-26,GM14,GM14,quantile,0.9,596938
2022-03-24,1 wk ahead cum case,2022-03-26,GM14,GM14,quantile,0.95,600014
2022-03-24,1 wk ahead cum case,2022-03-26,GM14,GM14,quantile,0.975,600380
2022-03-24,1 wk ahead cum case,2022-03-26,GM14,GM14,quantile,0.99,600777
2022-03-24,2 wk ahead inc case,2022-04-02,GM14,GM14,point,NA,48461
2022-03-24,2 wk ahead inc case,2022-04-02,GM14,GM14,quantile,0.01,34658
2022-03-24,2 wk ahead inc case,2022-04-02,GM14,GM14,quantile,0.025,34869
2022-03-24,2 wk ahead inc case,2022-04-02,GM14,GM14,quantile,0.05,37682
2022-03-24,2 wk ahead inc case,2022-04-02,GM14,GM14,quantile,0.1,42016
2022-03-24,2 wk ahead inc case,2022-04-02,GM14,GM14,quantile,0.15,44192
2022-03-24,2 wk ahead inc case,2022-04-02,GM14,GM14,quantile,0.2,46033
2022-03-24,2 wk ahead inc case,2022-04-02,GM14,GM14,quantile,0.25,46519
2022-03-24,2 wk ahead inc case,2022-04-02,GM14,GM14,quantile,0.3,46896
2022-03-24,2 wk ahead inc case,2022-04-02,GM14,GM14,quantile,0.35,47272
2022-03-24,2 wk ahead inc case,2022-04-02,GM14,GM14,quantile,0.4,47949
2022-03-24,2 wk ahead inc case,2022-04-02,GM14,GM14,quantile,0.45,48366
2022-03-24,2 wk ahead inc case,2022-04-02,GM14,GM14,quantile,0.5,48461
2022-03-24,2 wk ahead inc case,2022-04-02,GM14,GM14,quantile,0.55,48534
2022-03-24,2 wk ahead inc case,2022-04-02,GM14,GM14,quantile,0.6,49209
2022-03-24,2 wk ahead inc case,2022-04-02,GM14,GM14,quantile,0.65,49685
2022-03-24,2 wk ahead inc case,2022-04-02,GM14,GM14,quantile,0.7,51683
2022-03-24,2 wk ahead inc case,2022-04-02,GM14,GM14,quantile,0.75,53248
2022-03-24,2 wk ahead inc case,2022-04-02,GM14,GM14,quantile,0.8,53488
2022-03-24,2 wk ahead inc case,2022-04-02,GM14,GM14,quantile,0.85,56622
2022-03-24,2 wk ahead inc case,2022-04-02,GM14,GM14,quantile,0.9,61167
2022-03-24,2 wk ahead inc case,2022-04-02,GM14,GM14,quantile,0.95,67571
2022-03-24,2 wk ahead inc case,2022-04-02,GM14,GM14,quantile,0.975,67903
2022-03-24,2 wk ahead inc case,2022-04-02,GM14,GM14,quantile,0.99,77054
2022-03-24,2 wk ahead cum case,2022-04-02,GM14,GM14,point,NA,629404
2022-03-24,2 wk ahead cum case,2022-04-02,GM14,GM14,quantile,0.01,615601
2022-03-24,2 wk ahead cum case,2022-04-02,GM14,GM14,quantile,0.025,615812
2022-03-24,2 wk ahead cum case,2022-04-02,GM14,GM14,quantile,0.05,618625
2022-03-24,2 wk ahead cum case,2022-04-02,GM14,GM14,quantile,0.1,622959
2022-03-24,2 wk ahead cum case,2022-04-02,GM14,GM14,quantile,0.15,625135
2022-03-24,2 wk ahead cum case,2022-04-02,GM14,GM14,quantile,0.2,626976
2022-03-24,2 wk ahead cum case,2022-04-02,GM14,GM14,quantile,0.25,627462
2022-03-24,2 wk ahead cum case,2022-04-02,GM14,GM14,quantile,0.3,627839
2022-03-24,2 wk ahead cum case,2022-04-02,GM14,GM14,quantile,0.35,628215
2022-03-24,2 wk ahead cum case,2022-04-02,GM14,GM14,quantile,0.4,628892
2022-03-24,2 wk ahead cum case,2022-04-02,GM14,GM14,quantile,0.45,629309
2022-03-24,2 wk ahead cum case,2022-04-02,GM14,GM14,quantile,0.5,629404
2022-03-24,2 wk ahead cum case,2022-04-02,GM14,GM14,quantile,0.55,629477
2022-03-24,2 wk ahead cum case,2022-04-02,GM14,GM14,quantile,0.6,630152
2022-03-24,2 wk ahead cum case,2022-04-02,GM14,GM14,quantile,0.65,630628
2022-03-24,2 wk ahead cum case,2022-04-02,GM14,GM14,quantile,0.7,632626
2022-03-24,2 wk ahead cum case,2022-04-02,GM14,GM14,quantile,0.75,634191
2022-03-24,2 wk ahead cum case,2022-04-02,GM14,GM14,quantile,0.8,634431
2022-03-24,2 wk ahead cum case,2022-04-02,GM14,GM14,quantile,0.85,637565
2022-03-24,2 wk ahead cum case,2022-04-02,GM14,GM14,quantile,0.9,642110
2022-03-24,2 wk ahead cum case,2022-04-02,GM14,GM14,quantile,0.95,648514
2022-03-24,2 wk ahead cum case,2022-04-02,GM14,GM14,quantile,0.975,648846
2022-03-24,2 wk ahead cum case,2022-04-02,GM14,GM14,quantile,0.99,657997
2022-03-24,3 wk ahead inc case,2022-04-09,GM14,GM14,point,NA,47207
2022-03-24,3 wk ahead inc case,2022-04-09,GM14,GM14,quantile,0.01,31952
2022-03-24,3 wk ahead inc case,2022-04-09,GM14,GM14,quantile,0.025,32204
2022-03-24,3 wk ahead inc case,2022-04-09,GM14,GM14,quantile,0.05,39624
2022-03-24,3 wk ahead inc case,2022-04-09,GM14,GM14,quantile,0.1,43451
2022-03-24,3 wk ahead inc case,2022-04-09,GM14,GM14,quantile,0.15,43842
2022-03-24,3 wk ahead inc case,2022-04-09,GM14,GM14,quantile,0.2,44864
2022-03-24,3 wk ahead inc case,2022-04-09,GM14,GM14,quantile,0.25,45761
2022-03-24,3 wk ahead inc case,2022-04-09,GM14,GM14,quantile,0.3,45833
2022-03-24,3 wk ahead inc case,2022-04-09,GM14,GM14,quantile,0.35,46189
2022-03-24,3 wk ahead inc case,2022-04-09,GM14,GM14,quantile,0.4,46747
2022-03-24,3 wk ahead inc case,2022-04-09,GM14,GM14,quantile,0.45,46988
2022-03-24,3 wk ahead inc case,2022-04-09,GM14,GM14,quantile,0.5,47207
2022-03-24,3 wk ahead inc case,2022-04-09,GM14,GM14,quantile,0.55,47717
2022-03-24,3 wk ahead inc case,2022-04-09,GM14,GM14,quantile,0.6,47894
2022-03-24,3 wk ahead inc case,2022-04-09,GM14,GM14,quantile,0.65,50530
2022-03-24,3 wk ahead inc case,2022-04-09,GM14,GM14,quantile,0.7,50710
2022-03-24,3 wk ahead inc case,2022-04-09,GM14,GM14,quantile,0.75,50834
2022-03-24,3 wk ahead inc case,2022-04-09,GM14,GM14,quantile,0.8,51052
2022-03-24,3 wk ahead inc case,2022-04-09,GM14,GM14,quantile,0.85,52420
2022-03-24,3 wk ahead inc case,2022-04-09,GM14,GM14,quantile,0.9,57190
2022-03-24,3 wk ahead inc case,2022-04-09,GM14,GM14,quantile,0.95,64850
2022-03-24,3 wk ahead inc case,2022-04-09,GM14,GM14,quantile,0.975,65059
2022-03-24,3 wk ahead inc case,2022-04-09,GM14,GM14,quantile,0.99,66946
2022-03-24,3 wk ahead cum case,2022-04-09,GM14,GM14,point,NA,676611
2022-03-24,3 wk ahead cum case,2022-04-09,GM14,GM14,quantile,0.01,661356
2022-03-24,3 wk ahead cum case,2022-04-09,GM14,GM14,quantile,0.025,661608
2022-03-24,3 wk ahead cum case,2022-04-09,GM14,GM14,quantile,0.05,669028
2022-03-24,3 wk ahead cum case,2022-04-09,GM14,GM14,quantile,0.1,672855
2022-03-24,3 wk ahead cum case,2022-04-09,GM14,GM14,quantile,0.15,673246
2022-03-24,3 wk ahead cum case,2022-04-09,GM14,GM14,quantile,0.2,674268
2022-03-24,3 wk ahead cum case,2022-04-09,GM14,GM14,quantile,0.25,675165
2022-03-24,3 wk ahead cum case,2022-04-09,GM14,GM14,quantile,0.3,675237
2022-03-24,3 wk ahead cum case,2022-04-09,GM14,GM14,quantile,0.35,675593
2022-03-24,3 wk ahead cum case,2022-04-09,GM14,GM14,quantile,0.4,676151
2022-03-24,3 wk ahead cum case,2022-04-09,GM14,GM14,quantile,0.45,676392
2022-03-24,3 wk ahead cum case,2022-04-09,GM14,GM14,quantile,0.5,676611
2022-03-24,3 wk ahead cum case,2022-04-09,GM14,GM14,quantile,0.55,677121
2022-03-24,3 wk ahead cum case,2022-04-09,GM14,GM14,quantile,0.6,677298
2022-03-24,3 wk ahead cum case,2022-04-09,GM14,GM14,quantile,0.65,679934
2022-03-24,3 wk ahead cum case,2022-04-09,GM14,GM14,quantile,0.7,680114
2022-03-24,3 wk ahead cum case,2022-04-09,GM14,GM14,quantile,0.75,680238
2022-03-24,3 wk ahead cum case,2022-04-09,GM14,GM14,quantile,0.8,680456
2022-03-24,3 wk ahead cum case,2022-04-09,GM14,GM14,quantile,0.85,681824
2022-03-24,3 wk ahead cum case,2022-04-09,GM14,GM14,quantile,0.9,686594
2022-03-24,3 wk ahead cum case,2022-04-09,GM14,GM14,quantile,0.95,694254
2022-03-24,3 wk ahead cum case,2022-04-09,GM14,GM14,quantile,0.975,694463
2022-03-24,3 wk ahead cum case,2022-04-09,GM14,GM14,quantile,0.99,696350
2022-03-24,4 wk ahead inc case,2022-04-16,GM14,GM14,point,NA,44749
2022-03-24,4 wk ahead inc case,2022-04-16,GM14,GM14,quantile,0.01,28929
2022-03-24,4 wk ahead inc case,2022-04-16,GM14,GM14,quantile,0.025,29137
2022-03-24,4 wk ahead inc case,2022-04-16,GM14,GM14,quantile,0.05,36260
2022-03-24,4 wk ahead inc case,2022-04-16,GM14,GM14,quantile,0.1,39930
2022-03-24,4 wk ahead inc case,2022-04-16,GM14,GM14,quantile,0.15,40712
2022-03-24,4 wk ahead inc case,2022-04-16,GM14,GM14,quantile,0.2,41607
2022-03-24,4 wk ahead inc case,2022-04-16,GM14,GM14,quantile,0.25,42665
2022-03-24,4 wk ahead inc case,2022-04-16,GM14,GM14,quantile,0.3,42806
2022-03-24,4 wk ahead inc case,2022-04-16,GM14,GM14,quantile,0.35,43355
2022-03-24,4 wk ahead inc case,2022-04-16,GM14,GM14,quantile,0.4,43944
2022-03-24,4 wk ahead inc case,2022-04-16,GM14,GM14,quantile,0.45,44146
2022-03-24,4 wk ahead inc case,2022-04-16,GM14,GM14,quantile,0.5,44749
2022-03-24,4 wk ahead inc case,2022-04-16,GM14,GM14,quantile,0.55,47535
2022-03-24,4 wk ahead inc case,2022-04-16,GM14,GM14,quantile,0.6,47726
2022-03-24,4 wk ahead inc case,2022-04-16,GM14,GM14,quantile,0.65,47812
2022-03-24,4 wk ahead inc case,2022-04-16,GM14,GM14,quantile,0.7,47902
2022-03-24,4 wk ahead inc case,2022-04-16,GM14,GM14,quantile,0.75,48753
2022-03-24,4 wk ahead inc case,2022-04-16,GM14,GM14,quantile,0.8,50315
2022-03-24,4 wk ahead inc case,2022-04-16,GM14,GM14,quantile,0.85,52909
2022-03-24,4 wk ahead inc case,2022-04-16,GM14,GM14,quantile,0.9,55934
2022-03-24,4 wk ahead inc case,2022-04-16,GM14,GM14,quantile,0.95,61757
2022-03-24,4 wk ahead inc case,2022-04-16,GM14,GM14,quantile,0.975,62022
2022-03-24,4 wk ahead inc case,2022-04-16,GM14,GM14,quantile,0.99,66066
2022-03-24,4 wk ahead cum case,2022-04-16,GM14,GM14,point,NA,721360
2022-03-24,4 wk ahead cum case,2022-04-16,GM14,GM14,quantile,0.01,705540
2022-03-24,4 wk ahead cum case,2022-04-16,GM14,GM14,quantile,0.025,705748
2022-03-24,4 wk ahead cum case,2022-04-16,GM14,GM14,quantile,0.05,712871
2022-03-24,4 wk ahead cum case,2022-04-16,GM14,GM14,quantile,0.1,716541
2022-03-24,4 wk ahead cum case,2022-04-16,GM14,GM14,quantile,0.15,717323
2022-03-24,4 wk ahead cum case,2022-04-16,GM14,GM14,quantile,0.2,718218
2022-03-24,4 wk ahead cum case,2022-04-16,GM14,GM14,quantile,0.25,719276
2022-03-24,4 wk ahead cum case,2022-04-16,GM14,GM14,quantile,0.3,719417
2022-03-24,4 wk ahead cum case,2022-04-16,GM14,GM14,quantile,0.35,719966
2022-03-24,4 wk ahead cum case,2022-04-16,GM14,GM14,quantile,0.4,720555
2022-03-24,4 wk ahead cum case,2022-04-16,GM14,GM14,quantile,0.45,720757
2022-03-24,4 wk ahead cum case,2022-04-16,GM14,GM14,quantile,0.5,721360
2022-03-24,4 wk ahead cum case,2022-04-16,GM14,GM14,quantile,0.55,724146
2022-03-24,4 wk ahead cum case,2022-04-16,GM14,GM14,quantile,0.6,724337
2022-03-24,4 wk ahead cum case,2022-04-16,GM14,GM14,quantile,0.65,724423
2022-03-24,4 wk ahead cum case,2022-04-16,GM14,GM14,quantile,0.7,724513
2022-03-24,4 wk ahead cum case,2022-04-16,GM14,GM14,quantile,0.75,725364
2022-03-24,4 wk ahead cum case,2022-04-16,GM14,GM14,quantile,0.8,726926
2022-03-24,4 wk ahead cum case,2022-04-16,GM14,GM14,quantile,0.85,729520
2022-03-24,4 wk ahead cum case,2022-04-16,GM14,GM14,quantile,0.9,732545
2022-03-24,4 wk ahead cum case,2022-04-16,GM14,GM14,quantile,0.95,738368
2022-03-24,4 wk ahead cum case,2022-04-16,GM14,GM14,quantile,0.975,738633
2022-03-24,4 wk ahead cum case,2022-04-16,GM14,GM14,quantile,0.99,742677
2022-03-24,1 wk ahead inc case,2022-03-26,GM15,GM15,point,NA,51392
2022-03-24,1 wk ahead inc case,2022-03-26,GM15,GM15,quantile,0.01,39622
2022-03-24,1 wk ahead inc case,2022-03-26,GM15,GM15,quantile,0.025,40430
2022-03-24,1 wk ahead inc case,2022-03-26,GM15,GM15,quantile,0.05,41453
2022-03-24,1 wk ahead inc case,2022-03-26,GM15,GM15,quantile,0.1,43303
2022-03-24,1 wk ahead inc case,2022-03-26,GM15,GM15,quantile,0.15,47383
2022-03-24,1 wk ahead inc case,2022-03-26,GM15,GM15,quantile,0.2,48534
2022-03-24,1 wk ahead inc case,2022-03-26,GM15,GM15,quantile,0.25,48886
2022-03-24,1 wk ahead inc case,2022-03-26,GM15,GM15,quantile,0.3,50126
2022-03-24,1 wk ahead inc case,2022-03-26,GM15,GM15,quantile,0.35,50694
2022-03-24,1 wk ahead inc case,2022-03-26,GM15,GM15,quantile,0.4,50721
2022-03-24,1 wk ahead inc case,2022-03-26,GM15,GM15,quantile,0.45,50785
2022-03-24,1 wk ahead inc case,2022-03-26,GM15,GM15,quantile,0.5,51392
2022-03-24,1 wk ahead inc case,2022-03-26,GM15,GM15,quantile,0.55,52652
2022-03-24,1 wk ahead inc case,2022-03-26,GM15,GM15,quantile,0.6,53478
2022-03-24,1 wk ahead inc case,2022-03-26,GM15,GM15,quantile,0.65,55588
2022-03-24,1 wk ahead inc case,2022-03-26,GM15,GM15,quantile,0.7,57165
2022-03-24,1 wk ahead inc case,2022-03-26,GM15,GM15,quantile,0.75,62514
2022-03-24,1 wk ahead inc case,2022-03-26,GM15,GM15,quantile,0.8,62522
2022-03-24,1 wk ahead inc case,2022-03-26,GM15,GM15,quantile,0.85,62583
2022-03-24,1 wk ahead inc case,2022-03-26,GM15,GM15,quantile,0.9,67045
2022-03-24,1 wk ahead inc case,2022-03-26,GM15,GM15,quantile,0.95,70122
2022-03-24,1 wk ahead inc case,2022-03-26,GM15,GM15,quantile,0.975,70487
2022-03-24,1 wk ahead inc case,2022-03-26,GM15,GM15,quantile,0.99,70884
2022-03-24,1 wk ahead cum case,2022-03-26,GM15,GM15,point,NA,573454
2022-03-24,1 wk ahead cum case,2022-03-26,GM15,GM15,quantile,0.01,561684
2022-03-24,1 wk ahead cum case,2022-03-26,GM15,GM15,quantile,0.025,562492
2022-03-24,1 wk ahead cum case,2022-03-26,GM15,GM15,quantile,0.05,563515
2022-03-24,1 wk ahead cum case,2022-03-26,GM15,GM15,quantile,0.1,565365
2022-03-24,1 wk ahead cum case,2022-03-26,GM15,GM15,quantile,0.15,569445
2022-03-24,1 wk ahead cum case,2022-03-26,GM15,GM15,quantile,0.2,570596
2022-03-24,1 wk ahead cum case,2022-03-26,GM15,GM15,quantile,0.25,570948
2022-03-24,1 wk ahead cum case,2022-03-26,GM15,GM15,quantile,0.3,572188
2022-03-24,1 wk ahead cum case,2022-03-26,GM15,GM15,quantile,0.35,572756
2022-03-24,1 wk ahead cum case,2022-03-26,GM15,GM15,quantile,0.4,572783
2022-03-24,1 wk ahead cum case,2022-03-26,GM15,GM15,quantile,0.45,572847
2022-03-24,1 wk ahead cum case,2022-03-26,GM15,GM15,quantile,0.5,573454
2022-03-24,1 wk ahead cum case,2022-03-26,GM15,GM15,quantile,0.55,574714
2022-03-24,1 wk ahead cum case,2022-03-26,GM15,GM15,quantile,0.6,575540
2022-03-24,1 wk ahead cum case,2022-03-26,GM15,GM15,quantile,0.65,577650
2022-03-24,1 wk ahead cum case,2022-03-26,GM15,GM15,quantile,0.7,579227
2022-03-24,1 wk ahead cum case,2022-03-26,GM15,GM15,quantile,0.75,584576
2022-03-24,1 wk ahead cum case,2022-03-26,GM15,GM15,quantile,0.8,584584
2022-03-24,1 wk ahead cum case,2022-03-26,GM15,GM15,quantile,0.85,584645
2022-03-24,1 wk ahead cum case,2022-03-26,GM15,GM15,quantile,0.9,589107
2022-03-24,1 wk ahead cum case,2022-03-26,GM15,GM15,quantile,0.95,592184
2022-03-24,1 wk ahead cum case,2022-03-26,GM15,GM15,quantile,0.975,592549
2022-03-24,1 wk ahead cum case,2022-03-26,GM15,GM15,quantile,0.99,592946
2022-03-24,2 wk ahead inc case,2022-04-02,GM15,GM15,point,NA,41169
2022-03-24,2 wk ahead inc case,2022-04-02,GM15,GM15,quantile,0.01,27461
2022-03-24,2 wk ahead inc case,2022-04-02,GM15,GM15,quantile,0.025,27589
2022-03-24,2 wk ahead inc case,2022-04-02,GM15,GM15,quantile,0.05,29095
2022-03-24,2 wk ahead inc case,2022-04-02,GM15,GM15,quantile,0.1,33704
2022-03-24,2 wk ahead inc case,2022-04-02,GM15,GM15,quantile,0.15,35749
2022-03-24,2 wk ahead inc case,2022-04-02,GM15,GM15,quantile,0.2,37419
2022-03-24,2 wk ahead inc case,2022-04-02,GM15,GM15,quantile,0.25,39096
2022-03-24,2 wk ahead inc case,2022-04-02,GM15,GM15,quantile,0.3,39691
2022-03-24,2 wk ahead inc case,2022-04-02,GM15,GM15,quantile,0.35,40171
2022-03-24,2 wk ahead inc case,2022-04-02,GM15,GM15,quantile,0.4,40631
2022-03-24,2 wk ahead inc case,2022-04-02,GM15,GM15,quantile,0.45,40850
2022-03-24,2 wk ahead inc case,2022-04-02,GM15,GM15,quantile,0.5,41169
2022-03-24,2 wk ahead inc case,2022-04-02,GM15,GM15,quantile,0.55,41302
2022-03-24,2 wk ahead inc case,2022-04-02,GM15,GM15,quantile,0.6,41350
2022-03-24,2 wk ahead inc case,2022-04-02,GM15,GM15,quantile,0.65,42064
2022-03-24,2 wk ahead inc case,2022-04-02,GM15,GM15,quantile,0.7,43037
2022-03-24,2 wk ahead inc case,2022-04-02,GM15,GM15,quantile,0.75,46043
2022-03-24,2 wk ahead inc case,2022-04-02,GM15,GM15,quantile,0.8,46085
2022-03-24,2 wk ahead inc case,2022-04-02,GM15,GM15,quantile,0.85,47399
2022-03-24,2 wk ahead inc case,2022-04-02,GM15,GM15,quantile,0.9,52135
2022-03-24,2 wk ahead inc case,2022-04-02,GM15,GM15,quantile,0.95,56619
2022-03-24,2 wk ahead inc case,2022-04-02,GM15,GM15,quantile,0.975,60374
2022-03-24,2 wk ahead inc case,2022-04-02,GM15,GM15,quantile,0.99,60704
2022-03-24,2 wk ahead cum case,2022-04-02,GM15,GM15,point,NA,614623
2022-03-24,2 wk ahead cum case,2022-04-02,GM15,GM15,quantile,0.01,600915
2022-03-24,2 wk ahead cum case,2022-04-02,GM15,GM15,quantile,0.025,601043
2022-03-24,2 wk ahead cum case,2022-04-02,GM15,GM15,quantile,0.05,602549
2022-03-24,2 wk ahead cum case,2022-04-02,GM15,GM15,quantile,0.1,607158
2022-03-24,2 wk ahead cum case,2022-04-02,GM15,GM15,quantile,0.15,609203
2022-03-24,2 wk ahead cum case,2022-04-02,GM15,GM15,quantile,0.2,610873
2022-03-24,2 wk ahead cum case,2022-04-02,GM15,GM15,quantile,0.25,612550
2022-03-24,2 wk ahead cum case,2022-04-02,GM15,GM15,quantile,0.3,613145
2022-03-24,2 wk ahead cum case,2022-04-02,GM15,GM15,quantile,0.35,613625
2022-03-24,2 wk ahead cum case,2022-04-02,GM15,GM15,quantile,0.4,614085
2022-03-24,2 wk ahead cum case,2022-04-02,GM15,GM15,quantile,0.45,614304
2022-03-24,2 wk ahead cum case,2022-04-02,GM15,GM15,quantile,0.5,614623
2022-03-24,2 wk ahead cum case,2022-04-02,GM15,GM15,quantile,0.55,614756
2022-03-24,2 wk ahead cum case,2022-04-02,GM15,GM15,quantile,0.6,614804
2022-03-24,2 wk ahead cum case,2022-04-02,GM15,GM15,quantile,0.65,615518
2022-03-24,2 wk ahead cum case,2022-04-02,GM15,GM15,quantile,0.7,616491
2022-03-24,2 wk ahead cum case,2022-04-02,GM15,GM15,quantile,0.75,619497
2022-03-24,2 wk ahead cum case,2022-04-02,GM15,GM15,quantile,0.8,619539
2022-03-24,2 wk ahead cum case,2022-04-02,GM15,GM15,quantile,0.85,620853
2022-03-24,2 wk ahead cum case,2022-04-02,GM15,GM15,quantile,0.9,625589
2022-03-24,2 wk ahead cum case,2022-04-02,GM15,GM15,quantile,0.95,630073
2022-03-24,2 wk ahead cum case,2022-04-02,GM15,GM15,quantile,0.975,633828
2022-03-24,2 wk ahead cum case,2022-04-02,GM15,GM15,quantile,0.99,634158
2022-03-24,3 wk ahead inc case,2022-04-09,GM15,GM15,point,NA,34697
2022-03-24,3 wk ahead inc case,2022-04-09,GM15,GM15,quantile,0.01,14739
2022-03-24,3 wk ahead inc case,2022-04-09,GM15,GM15,quantile,0.025,14991
2022-03-24,3 wk ahead inc case,2022-04-09,GM15,GM15,quantile,0.05,23092
2022-03-24,3 wk ahead inc case,2022-04-09,GM15,GM15,quantile,0.1,24319
2022-03-24,3 wk ahead inc case,2022-04-09,GM15,GM15,quantile,0.15,26824
2022-03-24,3 wk ahead inc case,2022-04-09,GM15,GM15,quantile,0.2,28626
2022-03-24,3 wk ahead inc case,2022-04-09,GM15,GM15,quantile,0.25,30574
2022-03-24,3 wk ahead inc case,2022-04-09,GM15,GM15,quantile,0.3,33344
2022-03-24,3 wk ahead inc case,2022-04-09,GM15,GM15,quantile,0.35,33615
2022-03-24,3 wk ahead inc case,2022-04-09,GM15,GM15,quantile,0.4,33694
2022-03-24,3 wk ahead inc case,2022-04-09,GM15,GM15,quantile,0.45,34302
2022-03-24,3 wk ahead inc case,2022-04-09,GM15,GM15,quantile,0.5,34697
2022-03-24,3 wk ahead inc case,2022-04-09,GM15,GM15,quantile,0.55,35322
2022-03-24,3 wk ahead inc case,2022-04-09,GM15,GM15,quantile,0.6,36210
2022-03-24,3 wk ahead inc case,2022-04-09,GM15,GM15,quantile,0.65,36526
2022-03-24,3 wk ahead inc case,2022-04-09,GM15,GM15,quantile,0.7,37241
2022-03-24,3 wk ahead inc case,2022-04-09,GM15,GM15,quantile,0.75,39094
2022-03-24,3 wk ahead inc case,2022-04-09,GM15,GM15,quantile,0.8,41366
2022-03-24,3 wk ahead inc case,2022-04-09,GM15,GM15,quantile,0.85,41633
2022-03-24,3 wk ahead inc case,2022-04-09,GM15,GM15,quantile,0.9,42093
2022-03-24,3 wk ahead inc case,2022-04-09,GM15,GM15,quantile,0.95,43997
2022-03-24,3 wk ahead inc case,2022-04-09,GM15,GM15,quantile,0.975,45930
2022-03-24,3 wk ahead inc case,2022-04-09,GM15,GM15,quantile,0.99,47854
2022-03-24,3 wk ahead cum case,2022-04-09,GM15,GM15,point,NA,649320
2022-03-24,3 wk ahead cum case,2022-04-09,GM15,GM15,quantile,0.01,629362
2022-03-24,3 wk ahead cum case,2022-04-09,GM15,GM15,quantile,0.025,629614
2022-03-24,3 wk ahead cum case,2022-04-09,GM15,GM15,quantile,0.05,637715
2022-03-24,3 wk ahead cum case,2022-04-09,GM15,GM15,quantile,0.1,638942
2022-03-24,3 wk ahead cum case,2022-04-09,GM15,GM15,quantile,0.15,641447
2022-03-24,3 wk ahead cum case,2022-04-09,GM15,GM15,quantile,0.2,643249
2022-03-24,3 wk ahead cum case,2022-04-09,GM15,GM15,quantile,0.25,645197
2022-03-24,3 wk ahead cum case,2022-04-09,GM15,GM15,quantile,0.3,647967
2022-03-24,3 wk ahead cum case,2022-04-09,GM15,GM15,quantile,0.35,648238
2022-03-24,3 wk ahead cum case,2022-04-09,GM15,GM15,quantile,0.4,648317
2022-03-24,3 wk ahead cum case,2022-04-09,GM15,GM15,quantile,0.45,648925
2022-03-24,3 wk ahead cum case,2022-04-09,GM15,GM15,quantile,0.5,649320
2022-03-24,3 wk ahead cum case,2022-04-09,GM15,GM15,quantile,0.55,649945
2022-03-24,3 wk ahead cum case,2022-04-09,GM15,GM15,quantile,0.6,650833
2022-03-24,3 wk ahead cum case,2022-04-09,GM15,GM15,quantile,0.65,651149
2022-03-24,3 wk ahead cum case,2022-04-09,GM15,GM15,quantile,0.7,651864
2022-03-24,3 wk ahead cum case,2022-04-09,GM15,GM15,quantile,0.75,653717
2022-03-24,3 wk ahead cum case,2022-04-09,GM15,GM15,quantile,0.8,655989
2022-03-24,3 wk ahead cum case,2022-04-09,GM15,GM15,quantile,0.85,656256
2022-03-24,3 wk ahead cum case,2022-04-09,GM15,GM15,quantile,0.9,656716
2022-03-24,3 wk ahead cum case,2022-04-09,GM15,GM15,quantile,0.95,658620
2022-03-24,3 wk ahead cum case,2022-04-09,GM15,GM15,quantile,0.975,660553
2022-03-24,3 wk ahead cum case,2022-04-09,GM15,GM15,quantile,0.99,662477
2022-03-24,4 wk ahead inc case,2022-04-16,GM15,GM15,point,NA,28178
2022-03-24,4 wk ahead inc case,2022-04-16,GM15,GM15,quantile,0.01,1772
2022-03-24,4 wk ahead inc case,2022-04-16,GM15,GM15,quantile,0.025,2024
2022-03-24,4 wk ahead inc case,2022-04-16,GM15,GM15,quantile,0.05,17898
2022-03-24,4 wk ahead inc case,2022-04-16,GM15,GM15,quantile,0.1,21294
2022-03-24,4 wk ahead inc case,2022-04-16,GM15,GM15,quantile,0.15,22875
2022-03-24,4 wk ahead inc case,2022-04-16,GM15,GM15,quantile,0.2,23395
2022-03-24,4 wk ahead inc case,2022-04-16,GM15,GM15,quantile,0.25,24082
2022-03-24,4 wk ahead inc case,2022-04-16,GM15,GM15,quantile,0.3,24662
2022-03-24,4 wk ahead inc case,2022-04-16,GM15,GM15,quantile,0.35,26839
2022-03-24,4 wk ahead inc case,2022-04-16,GM15,GM15,quantile,0.4,27277
2022-03-24,4 wk ahead inc case,2022-04-16,GM15,GM15,quantile,0.45,27820
2022-03-24,4 wk ahead inc case,2022-04-16,GM15,GM15,quantile,0.5,28178
2022-03-24,4 wk ahead inc case,2022-04-16,GM15,GM15,quantile,0.55,28461
2022-03-24,4 wk ahead inc case,2022-04-16,GM15,GM15,quantile,0.6,28653
2022-03-24,4 wk ahead inc case,2022-04-16,GM15,GM15,quantile,0.65,29128
2022-03-24,4 wk ahead inc case,2022-04-16,GM15,GM15,quantile,0.7,29182
2022-03-24,4 wk ahead inc case,2022-04-16,GM15,GM15,quantile,0.75,29879
2022-03-24,4 wk ahead inc case,2022-04-16,GM15,GM15,quantile,0.8,30402
2022-03-24,4 wk ahead inc case,2022-04-16,GM15,GM15,quantile,0.85,31082
2022-03-24,4 wk ahead inc case,2022-04-16,GM15,GM15,quantile,0.9,31425
2022-03-24,4 wk ahead inc case,2022-04-16,GM15,GM15,quantile,0.95,33023
2022-03-24,4 wk ahead inc case,2022-04-16,GM15,GM15,quantile,0.975,34670
2022-03-24,4 wk ahead inc case,2022-04-16,GM15,GM15,quantile,0.99,44002
2022-03-24,4 wk ahead cum case,2022-04-16,GM15,GM15,point,NA,677498
2022-03-24,4 wk ahead cum case,2022-04-16,GM15,GM15,quantile,0.01,651092
2022-03-24,4 wk ahead cum case,2022-04-16,GM15,GM15,quantile,0.025,651344
2022-03-24,4 wk ahead cum case,2022-04-16,GM15,GM15,quantile,0.05,667218
2022-03-24,4 wk ahead cum case,2022-04-16,GM15,GM15,quantile,0.1,670614
2022-03-24,4 wk ahead cum case,2022-04-16,GM15,GM15,quantile,0.15,672195
2022-03-24,4 wk ahead cum case,2022-04-16,GM15,GM15,quantile,0.2,672715
2022-03-24,4 wk ahead cum case,2022-04-16,GM15,GM15,quantile,0.25,673402
2022-03-24,4 wk ahead cum case,2022-04-16,GM15,GM15,quantile,0.3,673982
2022-03-24,4 wk ahead cum case,2022-04-16,GM15,GM15,quantile,0.35,676159
2022-03-24,4 wk ahead cum case,2022-04-16,GM15,GM15,quantile,0.4,676597
2022-03-24,4 wk ahead cum case,2022-04-16,GM15,GM15,quantile,0.45,677140
2022-03-24,4 wk ahead cum case,2022-04-16,GM15,GM15,quantile,0.5,677498
2022-03-24,4 wk ahead cum case,2022-04-16,GM15,GM15,quantile,0.55,677781
2022-03-24,4 wk ahead cum case,2022-04-16,GM15,GM15,quantile,0.6,677973
2022-03-24,4 wk ahead cum case,2022-04-16,GM15,GM15,quantile,0.65,678448
2022-03-24,4 wk ahead cum case,2022-04-16,GM15,GM15,quantile,0.7,678502
2022-03-24,4 wk ahead cum case,2022-04-16,GM15,GM15,quantile,0.75,679199
2022-03-24,4 wk ahead cum case,2022-04-16,GM15,GM15,quantile,0.8,679722
2022-03-24,4 wk ahead cum case,2022-04-16,GM15,GM15,quantile,0.85,680402
2022-03-24,4 wk ahead cum case,2022-04-16,GM15,GM15,quantile,0.9,680745
2022-03-24,4 wk ahead cum case,2022-04-16,GM15,GM15,quantile,0.95,682343
2022-03-24,4 wk ahead cum case,2022-04-16,GM15,GM15,quantile,0.975,683990
2022-03-24,4 wk ahead cum case,2022-04-16,GM15,GM15,quantile,0.99,693322
2022-03-24,1 wk ahead inc case,2022-03-26,GM16,GM16,point,NA,46396
2022-03-24,1 wk ahead inc case,2022-03-26,GM16,GM16,quantile,0.01,36355
2022-03-24,1 wk ahead inc case,2022-03-26,GM16,GM16,quantile,0.025,36464
2022-03-24,1 wk ahead inc case,2022-03-26,GM16,GM16,quantile,0.05,40197
2022-03-24,1 wk ahead inc case,2022-03-26,GM16,GM16,quantile,0.1,42246
2022-03-24,1 wk ahead inc case,2022-03-26,GM16,GM16,quantile,0.15,42777
2022-03-24,1 wk ahead inc case,2022-03-26,GM16,GM16,quantile,0.2,43604
2022-03-24,1 wk ahead inc case,2022-03-26,GM16,GM16,quantile,0.25,44563
2022-03-24,1 wk ahead inc case,2022-03-26,GM16,GM16,quantile,0.3,44582
2022-03-24,1 wk ahead inc case,2022-03-26,GM16,GM16,quantile,0.35,44642
2022-03-24,1 wk ahead inc case,2022-03-26,GM16,GM16,quantile,0.4,45010
2022-03-24,1 wk ahead inc case,2022-03-26,GM16,GM16,quantile,0.45,45522
2022-03-24,1 wk ahead inc case,2022-03-26,GM16,GM16,quantile,0.5,46396
2022-03-24,1 wk ahead inc case,2022-03-26,GM16,GM16,quantile,0.55,47027
2022-03-24,1 wk ahead inc case,2022-03-26,GM16,GM16,quantile,0.6,48237
2022-03-24,1 wk ahead inc case,2022-03-26,GM16,GM16,quantile,0.65,49850
2022-03-24,1 wk ahead inc case,2022-03-26,GM16,GM16,quantile,0.7,50198
2022-03-24,1 wk ahead inc case,2022-03-26,GM16,GM16,quantile,0.75,52347
2022-03-24,1 wk ahead inc case,2022-03-26,GM16,GM16,quantile,0.8,54679
2022-03-24,1 wk ahead inc case,2022-03-26,GM16,GM16,quantile,0.85,55253
2022-03-24,1 wk ahead inc case,2022-03-26,GM16,GM16,quantile,0.9,57054
2022-03-24,1 wk ahead inc case,2022-03-26,GM16,GM16,quantile,0.95,58012
2022-03-24,1 wk ahead inc case,2022-03-26,GM16,GM16,quantile,0.975,61150
2022-03-24,1 wk ahead inc case,2022-03-26,GM16,GM16,quantile,0.99,63725
2022-03-24,1 wk ahead cum case,2022-03-26,GM16,GM16,point,NA,885757
2022-03-24,1 wk ahead cum case,2022-03-26,GM16,GM16,quantile,0.01,875716
2022-03-24,1 wk ahead cum case,2022-03-26,GM16,GM16,quantile,0.025,875825
2022-03-24,1 wk ahead cum case,2022-03-26,GM16,GM16,quantile,0.05,879558
2022-03-24,1 wk ahead cum case,2022-03-26,GM16,GM16,quantile,0.1,881607
2022-03-24,1 wk ahead cum case,2022-03-26,GM16,GM16,quantile,0.15,882138
2022-03-24,1 wk ahead cum case,2022-03-26,GM16,GM16,quantile,0.2,882965
2022-03-24,1 wk ahead cum case,2022-03-26,GM16,GM16,quantile,0.25,883924
2022-03-24,1 wk ahead cum case,2022-03-26,GM16,GM16,quantile,0.3,883943
2022-03-24,1 wk ahead cum case,2022-03-26,GM16,GM16,quantile,0.35,884003
2022-03-24,1 wk ahead cum case,2022-03-26,GM16,GM16,quantile,0.4,884371
2022-03-24,1 wk ahead cum case,2022-03-26,GM16,GM16,quantile,0.45,884883
2022-03-24,1 wk ahead cum case,2022-03-26,GM16,GM16,quantile,0.5,885757
2022-03-24,1 wk ahead cum case,2022-03-26,GM16,GM16,quantile,0.55,886388
2022-03-24,1 wk ahead cum case,2022-03-26,GM16,GM16,quantile,0.6,887598
2022-03-24,1 wk ahead cum case,2022-03-26,GM16,GM16,quantile,0.65,889211
2022-03-24,1 wk ahead cum case,2022-03-26,GM16,GM16,quantile,0.7,889559
2022-03-24,1 wk ahead cum case,2022-03-26,GM16,GM16,quantile,0.75,891708
2022-03-24,1 wk ahead cum case,2022-03-26,GM16,GM16,quantile,0.8,894040
2022-03-24,1 wk ahead cum case,2022-03-26,GM16,GM16,quantile,0.85,894614
2022-03-24,1 wk ahead cum case,2022-03-26,GM16,GM16,quantile,0.9,896415
2022-03-24,1 wk ahead cum case,2022-03-26,GM16,GM16,quantile,0.95,897373
2022-03-24,1 wk ahead cum case,2022-03-26,GM16,GM16,quantile,0.975,900511
2022-03-24,1 wk ahead cum case,2022-03-26,GM16,GM16,quantile,0.99,903086
2022-03-24,2 wk ahead inc case,2022-04-02,GM16,GM16,point,NA,45999
2022-03-24,2 wk ahead inc case,2022-04-02,GM16,GM16,quantile,0.01,37154
2022-03-24,2 wk ahead inc case,2022-04-02,GM16,GM16,quantile,0.025,37154
2022-03-24,2 wk ahead inc case,2022-04-02,GM16,GM16,quantile,0.05,37175
2022-03-24,2 wk ahead inc case,2022-04-02,GM16,GM16,quantile,0.1,37366
2022-03-24,2 wk ahead inc case,2022-04-02,GM16,GM16,quantile,0.15,40425
2022-03-24,2 wk ahead inc case,2022-04-02,GM16,GM16,quantile,0.2,42334
2022-03-24,2 wk ahead inc case,2022-04-02,GM16,GM16,quantile,0.25,43469
2022-03-24,2 wk ahead inc case,2022-04-02,GM16,GM16,quantile,0.3,43837
2022-03-24,2 wk ahead inc case,2022-04-02,GM16,GM16,quantile,0.35,44650
2022-03-24,2 wk ahead inc case,2022-04-02,GM16,GM16,quantile,0.4,45641
2022-03-24,2 wk ahead inc case,2022-04-02,GM16,GM16,quantile,0.45,45719
2022-03-24,2 wk ahead inc case,2022-04-02,GM16,GM16,quantile,0.5,45999
2022-03-24,2 wk ahead inc case,2022-04-02,GM16,GM16,quantile,0.55,46759
2022-03-24,2 wk ahead inc case,2022-04-02,GM16,GM16,quantile,0.6,48679
2022-03-24,2 wk ahead inc case,2022-04-02,GM16,GM16,quantile,0.65,50211
2022-03-24,2 wk ahead inc case,2022-04-02,GM16,GM16,quantile,0.7,50994
2022-03-24,2 wk ahead inc case,2022-04-02,GM16,GM16,quantile,0.75,51977
2022-03-24,2 wk ahead inc case,2022-04-02,GM16,GM16,quantile,0.8,54821
2022-03-24,2 wk ahead inc case,2022-04-02,GM16,GM16,quantile,0.85,55890
2022-03-24,2 wk ahead inc case,2022-04-02,GM16,GM16,quantile,0.9,61101
2022-03-24,2 wk ahead inc case,2022-04-02,GM16,GM16,quantile,0.95,70234
2022-03-24,2 wk ahead inc case,2022-04-02,GM16,GM16,quantile,0.975,71238
2022-03-24,2 wk ahead inc case,2022-04-02,GM16,GM16,quantile,0.99,75340
2022-03-24,2 wk ahead cum case,2022-04-02,GM16,GM16,point,NA,931756
2022-03-24,2 wk ahead cum case,2022-04-02,GM16,GM16,quantile,0.01,922911
2022-03-24,2 wk ahead cum case,2022-04-02,GM16,GM16,quantile,0.025,922911
2022-03-24,2 wk ahead cum case,2022-04-02,GM16,GM16,quantile,0.05,922932
2022-03-24,2 wk ahead cum case,2022-04-02,GM16,GM16,quantile,0.1,923123
2022-03-24,2 wk ahead cum case,2022-04-02,GM16,GM16,quantile,0.15,926182
2022-03-24,2 wk ahead cum case,2022-04-02,GM16,GM16,quantile,0.2,928091
2022-03-24,2 wk ahead cum case,2022-04-02,GM16,GM16,quantile,0.25,929226
2022-03-24,2 wk ahead cum case,2022-04-02,GM16,GM16,quantile,0.3,929594
2022-03-24,2 wk ahead cum case,2022-04-02,GM16,GM16,quantile,0.35,930407
2022-03-24,2 wk ahead cum case,2022-04-02,GM16,GM16,quantile,0.4,931398
2022-03-24,2 wk ahead cum case,2022-04-02,GM16,GM16,quantile,0.45,931476
2022-03-24,2 wk ahead cum case,2022-04-02,GM16,GM16,quantile,0.5,931756
2022-03-24,2 wk ahead cum case,2022-04-02,GM16,GM16,quantile,0.55,932516
2022-03-24,2 wk ahead cum case,2022-04-02,GM16,GM16,quantile,0.6,934436
2022-03-24,2 wk ahead cum case,2022-04-02,GM16,GM16,quantile,0.65,935968
2022-03-24,2 wk ahead cum case,2022-04-02,GM16,GM16,quantile,0.7,936751
2022-03-24,2 wk ahead cum case,2022-04-02,GM16,GM16,quantile,0.75,937734
2022-03-24,2 wk ahead cum case,2022-04-02,GM16,GM16,quantile,0.8,940578
2022-03-24,2 wk ahead cum case,2022-04-02,GM16,GM16,quantile,0.85,941647
2022-03-24,2 wk ahead cum case,2022-04-02,GM16,GM16,quantile,0.9,946858
2022-03-24,2 wk ahead cum case,2022-04-02,GM16,GM16,quantile,0.95,955991
2022-03-24,2 wk ahead cum case,2022-04-02,GM16,GM16,quantile,0.975,956995
2022-03-24,2 wk ahead cum case,2022-04-02,GM16,GM16,quantile,0.99,961097
2022-03-24,3 wk ahead inc case,2022-04-09,GM16,GM16,point,NA,48369
2022-03-24,3 wk ahead inc case,2022-04-09,GM16,GM16,quantile,0.01,33982
2022-03-24,3 wk ahead inc case,2022-04-09,GM16,GM16,quantile,0.025,34002
2022-03-24,3 wk ahead inc case,2022-04-09,GM16,GM16,quantile,0.05,34214
2022-03-24,3 wk ahead inc case,2022-04-09,GM16,GM16,quantile,0.1,39804
2022-03-24,3 wk ahead inc case,2022-04-09,GM16,GM16,quantile,0.15,41303
2022-03-24,3 wk ahead inc case,2022-04-09,GM16,GM16,quantile,0.2,42205
2022-03-24,3 wk ahead inc case,2022-04-09,GM16,GM16,quantile,0.25,42575
2022-03-24,3 wk ahead inc case,2022-04-09,GM16,GM16,quantile,0.3,43895
2022-03-24,3 wk ahead inc case,2022-04-09,GM16,GM16,quantile,0.35,45839
2022-03-24,3 wk ahead inc case,2022-04-09,GM16,GM16,quantile,0.4,47042
2022-03-24,3 wk ahead inc case,2022-04-09,GM16,GM16,quantile,0.45,47874
2022-03-24,3 wk ahead inc case,2022-04-09,GM16,GM16,quantile,0.5,48369
2022-03-24,3 wk ahead inc case,2022-04-09,GM16,GM16,quantile,0.55,49095
2022-03-24,3 wk ahead inc case,2022-04-09,GM16,GM16,quantile,0.6,49737
2022-03-24,3 wk ahead inc case,2022-04-09,GM16,GM16,quantile,0.65,52569
2022-03-24,3 wk ahead inc case,2022-04-09,GM16,GM16,quantile,0.7,52616
2022-03-24,3 wk ahead inc case,2022-04-09,GM16,GM16,quantile,0.75,52757
2022-03-24,3 wk ahead inc case,2022-04-09,GM16,GM16,quantile,0.8,52868
2022-03-24,3 wk ahead inc case,2022-04-09,GM16,GM16,quantile,0.85,54080
2022-03-24,3 wk ahead inc case,2022-04-09,GM16,GM16,quantile,0.9,56256
2022-03-24,3 wk ahead inc case,2022-04-09,GM16,GM16,quantile,0.95,65182
2022-03-24,3 wk ahead inc case,2022-04-09,GM16,GM16,quantile,0.975,67204
2022-03-24,3 wk ahead inc case,2022-04-09,GM16,GM16,quantile,0.99,71000
2022-03-24,3 wk ahead cum case,2022-04-09,GM16,GM16,point,NA,980125
2022-03-24,3 wk ahead cum case,2022-04-09,GM16,GM16,quantile,0.01,965738
2022-03-24,3 wk ahead cum case,2022-04-09,GM16,GM16,quantile,0.025,965758
2022-03-24,3 wk ahead cum case,2022-04-09,GM16,GM16,quantile,0.05,965970
2022-03-24,3 wk ahead cum case,2022-04-09,GM16,GM16,quantile,0.1,971560
2022-03-24,3 wk ahead cum case,2022-04-09,GM16,GM16,quantile,0.15,973059
2022-03-24,3 wk ahead cum case,2022-04-09,GM16,GM16,quantile,0.2,973961
2022-03-24,3 wk ahead cum case,2022-04-09,GM16,GM16,quantile,0.25,974331
2022-03-24,3 wk ahead cum case,2022-04-09,GM16,GM16,quantile,0.3,975651
2022-03-24,3 wk ahead cum case,2022-04-09,GM16,GM16,quantile,0.35,977595
2022-03-24,3 wk ahead cum case,2022-04-09,GM16,GM16,quantile,0.4,978798
2022-03-24,3 wk ahead cum case,2022-04-09,GM16,GM16,quantile,0.45,979630
2022-03-24,3 wk ahead cum case,2022-04-09,GM16,GM16,quantile,0.5,980125
2022-03-24,3 wk ahead cum case,2022-04-09,GM16,GM16,quantile,0.55,980851
2022-03-24,3 wk ahead cum case,2022-04-09,GM16,GM16,quantile,0.6,981493
2022-03-24,3 wk ahead cum case,2022-04-09,GM16,GM16,quantile,0.65,984325
2022-03-24,3 wk ahead cum case,2022-04-09,GM16,GM16,quantile,0.7,984372
2022-03-24,3 wk ahead cum case,2022-04-09,GM16,GM16,quantile,0.75,984513
2022-03-24,3 wk ahead cum case,2022-04-09,GM16,GM16,quantile,0.8,984624
2022-03-24,3 wk ahead cum case,2022-04-09,GM16,GM16,quantile,0.85,985836
2022-03-24,3 wk ahead cum case,2022-04-09,GM16,GM16,quantile,0.9,988012
2022-03-24,3 wk ahead cum case,2022-04-09,GM16,GM16,quantile,0.95,996938
2022-03-24,3 wk ahead cum case,2022-04-09,GM16,GM16,quantile,0.975,998960
2022-03-24,3 wk ahead cum case,2022-04-09,GM16,GM16,quantile,0.99,1002756
2022-03-24,4 wk ahead inc case,2022-04-16,GM16,GM16,point,NA,49538
2022-03-24,4 wk ahead inc case,2022-04-16,GM16,GM16,quantile,0.01,34597
2022-03-24,4 wk ahead inc case,2022-04-16,GM16,GM16,quantile,0.025,34617
2022-03-24,4 wk ahead inc case,2022-04-16,GM16,GM16,quantile,0.05,34829
2022-03-24,4 wk ahead inc case,2022-04-16,GM16,GM16,quantile,0.1,40462
2022-03-24,4 wk ahead inc case,2022-04-16,GM16,GM16,quantile,0.15,42225
2022-03-24,4 wk ahead inc case,2022-04-16,GM16,GM16,quantile,0.2,42948
2022-03-24,4 wk ahead inc case,2022-04-16,GM16,GM16,quantile,0.25,43741
2022-03-24,4 wk ahead inc case,2022-04-16,GM16,GM16,quantile,0.3,46004
2022-03-24,4 wk ahead inc case,2022-04-16,GM16,GM16,quantile,0.35,46769
2022-03-24,4 wk ahead inc case,2022-04-16,GM16,GM16,quantile,0.4,48479
2022-03-24,4 wk ahead inc case,2022-04-16,GM16,GM16,quantile,0.45,48651
2022-03-24,4 wk ahead inc case,2022-04-16,GM16,GM16,quantile,0.5,49538
2022-03-24,4 wk ahead inc case,2022-04-16,GM16,GM16,quantile,0.55,49950
2022-03-24,4 wk ahead inc case,2022-04-16,GM16,GM16,quantile,0.6,53172
2022-03-24,4 wk ahead inc case,2022-04-16,GM16,GM16,quantile,0.65,53224
2022-03-24,4 wk ahead inc case,2022-04-16,GM16,GM16,quantile,0.7,53364
2022-03-24,4 wk ahead inc case,2022-04-16,GM16,GM16,quantile,0.75,53483
2022-03-24,4 wk ahead inc case,2022-04-16,GM16,GM16,quantile,0.8,54695
2022-03-24,4 wk ahead inc case,2022-04-16,GM16,GM16,quantile,0.85,56871
2022-03-24,4 wk ahead inc case,2022-04-16,GM16,GM16,quantile,0.9,60033
2022-03-24,4 wk ahead inc case,2022-04-16,GM16,GM16,quantile,0.95,67691
2022-03-24,4 wk ahead inc case,2022-04-16,GM16,GM16,quantile,0.975,69684
2022-03-24,4 wk ahead inc case,2022-04-16,GM16,GM16,quantile,0.99,71649
2022-03-24,4 wk ahead cum case,2022-04-16,GM16,GM16,point,NA,1029663
2022-03-24,4 wk ahead cum case,2022-04-16,GM16,GM16,quantile,0.01,1014722
2022-03-24,4 wk ahead cum case,2022-04-16,GM16,GM16,quantile,0.025,1014742
2022-03-24,4 wk ahead cum case,2022-04-16,GM16,GM16,quantile,0.05,1014954
2022-03-24,4 wk ahead cum case,2022-04-16,GM16,GM16,quantile,0.1,1020587
2022-03-24,4 wk ahead cum case,2022-04-16,GM16,GM16,quantile,0.15,1022350
2022-03-24,4 wk ahead cum case,2022-04-16,GM16,GM16,quantile,0.2,1023073
2022-03-24,4 wk ahead cum case,2022-04-16,GM16,GM16,quantile,0.25,1023866
2022-03-24,4 wk ahead cum case,2022-04-16,GM16,GM16,quantile,0.3,1026129
2022-03-24,4 wk ahead cum case,2022-04-16,GM16,GM16,quantile,0.35,1026894
2022-03-24,4 wk ahead cum case,2022-04-16,GM16,GM16,quantile,0.4,1028604
2022-03-24,4 wk ahead cum case,2022-04-16,GM16,GM16,quantile,0.45,1028776
2022-03-24,4 wk ahead cum case,2022-04-16,GM16,GM16,quantile,0.5,1029663
2022-03-24,4 wk ahead cum case,2022-04-16,GM16,GM16,quantile,0.55,1030075
2022-03-24,4 wk ahead cum case,2022-04-16,GM16,GM16,quantile,0.6,1033297
2022-03-24,4 wk ahead cum case,2022-04-16,GM16,GM16,quantile,0.65,1033349
2022-03-24,4 wk ahead cum case,2022-04-16,GM16,GM16,quantile,0.7,1033489
2022-03-24,4 wk ahead cum case,2022-04-16,GM16,GM16,quantile,0.75,1033608
2022-03-24,4 wk ahead cum case,2022-04-16,GM16,GM16,quantile,0.8,1034820
2022-03-24,4 wk ahead cum case,2022-04-16,GM16,GM16,quantile,0.85,1036996
2022-03-24,4 wk ahead cum case,2022-04-16,GM16,GM16,quantile,0.9,1040158
2022-03-24,4 wk ahead cum case,2022-04-16,GM16,GM16,quantile,0.95,1047816
2022-03-24,4 wk ahead cum case,2022-04-16,GM16,GM16,quantile,0.975,1049809
2022-03-24,4 wk ahead cum case,2022-04-16,GM16,GM16,quantile,0.99,1051774
2022-03-24,1 wk ahead inc case,2022-03-26,GM,Germany,point,NA,1742662
2022-03-24,1 wk ahead inc case,2022-03-26,GM,Germany,quantile,0.01,1615051
2022-03-24,1 wk ahead inc case,2022-03-26,GM,Germany,quantile,0.025,1634462
2022-03-24,1 wk ahead inc case,2022-03-26,GM,Germany,quantile,0.05,1647154
2022-03-24,1 wk ahead inc case,2022-03-26,GM,Germany,quantile,0.1,1704345
2022-03-24,1 wk ahead inc case,2022-03-26,GM,Germany,quantile,0.15,1707945
2022-03-24,1 wk ahead inc case,2022-03-26,GM,Germany,quantile,0.2,1708837
2022-03-24,1 wk ahead inc case,2022-03-26,GM,Germany,quantile,0.25,1709257
2022-03-24,1 wk ahead inc case,2022-03-26,GM,Germany,quantile,0.3,1709677
2022-03-24,1 wk ahead inc case,2022-03-26,GM,Germany,quantile,0.35,1714495
2022-03-24,1 wk ahead inc case,2022-03-26,GM,Germany,quantile,0.4,1721662
2022-03-24,1 wk ahead inc case,2022-03-26,GM,Germany,quantile,0.45,1732562
2022-03-24,1 wk ahead inc case,2022-03-26,GM,Germany,quantile,0.5,1742662
2022-03-24,1 wk ahead inc case,2022-03-26,GM,Germany,quantile,0.55,1742857
2022-03-24,1 wk ahead inc case,2022-03-26,GM,Germany,quantile,0.6,1748597
2022-03-24,1 wk ahead inc case,2022-03-26,GM,Germany,quantile,0.65,1760956
2022-03-24,1 wk ahead inc case,2022-03-26,GM,Germany,quantile,0.7,1766189
2022-03-24,1 wk ahead inc case,2022-03-26,GM,Germany,quantile,0.75,1771422
2022-03-24,1 wk ahead inc case,2022-03-26,GM,Germany,quantile,0.8,1777839
2022-03-24,1 wk ahead inc case,2022-03-26,GM,Germany,quantile,0.85,1825860
2022-03-24,1 wk ahead inc case,2022-03-26,GM,Germany,quantile,0.9,1894951
2022-03-24,1 wk ahead inc case,2022-03-26,GM,Germany,quantile,0.95,1944034
2022-03-24,1 wk ahead inc case,2022-03-26,GM,Germany,quantile,0.975,1966535
2022-03-24,1 wk ahead inc case,2022-03-26,GM,Germany,quantile,0.99,1992398
2022-03-24,1 wk ahead cum case,2022-03-26,GM,Germany,point,NA,20290887
2022-03-24,1 wk ahead cum case,2022-03-26,GM,Germany,quantile,0.01,20163276
2022-03-24,1 wk ahead cum case,2022-03-26,GM,Germany,quantile,0.025,20182687
2022-03-24,1 wk ahead cum case,2022-03-26,GM,Germany,quantile,0.05,20195379
2022-03-24,1 wk ahead cum case,2022-03-26,GM,Germany,quantile,0.1,20252570
2022-03-24,1 wk ahead cum case,2022-03-26,GM,Germany,quantile,0.15,20256170
2022-03-24,1 wk ahead cum case,2022-03-26,GM,Germany,quantile,0.2,20257062
2022-03-24,1 wk ahead cum case,2022-03-26,GM,Germany,quantile,0.25,20257482
2022-03-24,1 wk ahead cum case,2022-03-26,GM,Germany,quantile,0.3,20257902
2022-03-24,1 wk ahead cum case,2022-03-26,GM,Germany,quantile,0.35,20262720
2022-03-24,1 wk ahead cum case,2022-03-26,GM,Germany,quantile,0.4,20269887
2022-03-24,1 wk ahead cum case,2022-03-26,GM,Germany,quantile,0.45,20280787
2022-03-24,1 wk ahead cum case,2022-03-26,GM,Germany,quantile,0.5,20290887
2022-03-24,1 wk ahead cum case,2022-03-26,GM,Germany,quantile,0.55,20291082
2022-03-24,1 wk ahead cum case,2022-03-26,GM,Germany,quantile,0.6,20296822
2022-03-24,1 wk ahead cum case,2022-03-26,GM,Germany,quantile,0.65,20309181
2022-03-24,1 wk ahead cum case,2022-03-26,GM,Germany,quantile,0.7,20314414
2022-03-24,1 wk ahead cum case,2022-03-26,GM,Germany,quantile,0.75,20319647
2022-03-24,1 wk ahead cum case,2022-03-26,GM,Germany,quantile,0.8,20326064
2022-03-24,1 wk ahead cum case,2022-03-26,GM,Germany,quantile,0.85,20374085
2022-03-24,1 wk ahead cum case,2022-03-26,GM,Germany,quantile,0.9,20443176
2022-03-24,1 wk ahead cum case,2022-03-26,GM,Germany,quantile,0.95,20492259
2022-03-24,1 wk ahead cum case,2022-03-26,GM,Germany,quantile,0.975,20514760
2022-03-24,1 wk ahead cum case,2022-03-26,GM,Germany,quantile,0.99,20540623
2022-03-24,2 wk ahead inc case,2022-04-02,GM,Germany,point,NA,1605117
2022-03-24,2 wk ahead inc case,2022-04-02,GM,Germany,quantile,0.01,1433126
2022-03-24,2 wk ahead inc case,2022-04-02,GM,Germany,quantile,0.025,1464116
2022-03-24,2 wk ahead inc case,2022-04-02,GM,Germany,quantile,0.05,1513205
2022-03-24,2 wk ahead inc case,2022-04-02,GM,Germany,quantile,0.1,1524116
2022-03-24,2 wk ahead inc case,2022-04-02,GM,Germany,quantile,0.15,1529777
2022-03-24,2 wk ahead inc case,2022-04-02,GM,Germany,quantile,0.2,1530743
2022-03-24,2 wk ahead inc case,2022-04-02,GM,Germany,quantile,0.25,1547262
2022-03-24,2 wk ahead inc case,2022-04-02,GM,Germany,quantile,0.3,1563941
2022-03-24,2 wk ahead inc case,2022-04-02,GM,Germany,quantile,0.35,1577518
2022-03-24,2 wk ahead inc case,2022-04-02,GM,Germany,quantile,0.4,1587427
2022-03-24,2 wk ahead inc case,2022-04-02,GM,Germany,quantile,0.45,1595251
2022-03-24,2 wk ahead inc case,2022-04-02,GM,Germany,quantile,0.5,1605117
2022-03-24,2 wk ahead inc case,2022-04-02,GM,Germany,quantile,0.55,1654424
2022-03-24,2 wk ahead inc case,2022-04-02,GM,Germany,quantile,0.6,1712221
2022-03-24,2 wk ahead inc case,2022-04-02,GM,Germany,quantile,0.65,1730486
2022-03-24,2 wk ahead inc case,2022-04-02,GM,Germany,quantile,0.7,1761814
2022-03-24,2 wk ahead inc case,2022-04-02,GM,Germany,quantile,0.75,1923922
2022-03-24,2 wk ahead inc case,2022-04-02,GM,Germany,quantile,0.8,1940606
2022-03-24,2 wk ahead inc case,2022-04-02,GM,Germany,quantile,0.85,1944977
2022-03-24,2 wk ahead inc case,2022-04-02,GM,Germany,quantile,0.9,1966584
2022-03-24,2 wk ahead inc case,2022-04-02,GM,Germany,quantile,0.95,2063856
2022-03-24,2 wk ahead inc case,2022-04-02,GM,Germany,quantile,0.975,2090558
2022-03-24,2 wk ahead inc case,2022-04-02,GM,Germany,quantile,0.99,2100850
2022-03-24,2 wk ahead cum case,2022-04-02,GM,Germany,point,NA,21896004
2022-03-24,2 wk ahead cum case,2022-04-02,GM,Germany,quantile,0.01,21724013
2022-03-24,2 wk ahead cum case,2022-04-02,GM,Germany,quantile,0.025,21755003
2022-03-24,2 wk ahead cum case,2022-04-02,GM,Germany,quantile,0.05,21804092
2022-03-24,2 wk ahead cum case,2022-04-02,GM,Germany,quantile,0.1,21815003
2022-03-24,2 wk ahead cum case,2022-04-02,GM,Germany,quantile,0.15,21820664
2022-03-24,2 wk ahead cum case,2022-04-02,GM,Germany,quantile,0.2,21821630
2022-03-24,2 wk ahead cum case,2022-04-02,GM,Germany,quantile,0.25,21838149
2022-03-24,2 wk ahead cum case,2022-04-02,GM,Germany,quantile,0.3,21854828
2022-03-24,2 wk ahead cum case,2022-04-02,GM,Germany,quantile,0.35,21868405
2022-03-24,2 wk ahead cum case,2022-04-02,GM,Germany,quantile,0.4,21878314
2022-03-24,2 wk ahead cum case,2022-04-02,GM,Germany,quantile,0.45,21886138
2022-03-24,2 wk ahead cum case,2022-04-02,GM,Germany,quantile,0.5,21896004
2022-03-24,2 wk ahead cum case,2022-04-02,GM,Germany,quantile,0.55,21945311
2022-03-24,2 wk ahead cum case,2022-04-02,GM,Germany,quantile,0.6,22003108
2022-03-24,2 wk ahead cum case,2022-04-02,GM,Germany,quantile,0.65,22021373
2022-03-24,2 wk ahead cum case,2022-04-02,GM,Germany,quantile,0.7,22052701
2022-03-24,2 wk ahead cum case,2022-04-02,GM,Germany,quantile,0.75,22214809
2022-03-24,2 wk ahead cum case,2022-04-02,GM,Germany,quantile,0.8,22231493
2022-03-24,2 wk ahead cum case,2022-04-02,GM,Germany,quantile,0.85,22235864
2022-03-24,2 wk ahead cum case,2022-04-02,GM,Germany,quantile,0.9,22257471
2022-03-24,2 wk ahead cum case,2022-04-02,GM,Germany,quantile,0.95,22354743
2022-03-24,2 wk ahead cum case,2022-04-02,GM,Germany,quantile,0.975,22381445
2022-03-24,2 wk ahead cum case,2022-04-02,GM,Germany,quantile,0.99,22391737
2022-03-24,3 wk ahead inc case,2022-04-09,GM,Germany,point,NA,1529084
2022-03-24,3 wk ahead inc case,2022-04-09,GM,Germany,quantile,0.01,1365739
2022-03-24,3 wk ahead inc case,2022-04-09,GM,Germany,quantile,0.025,1406107
2022-03-24,3 wk ahead inc case,2022-04-09,GM,Germany,quantile,0.05,1445142
2022-03-24,3 wk ahead inc case,2022-04-09,GM,Germany,quantile,0.1,1455623
2022-03-24,3 wk ahead inc case,2022-04-09,GM,Germany,quantile,0.15,1458963
2022-03-24,3 wk ahead inc case,2022-04-09,GM,Germany,quantile,0.2,1459856
2022-03-24,3 wk ahead inc case,2022-04-09,GM,Germany,quantile,0.25,1478241
2022-03-24,3 wk ahead inc case,2022-04-09,GM,Germany,quantile,0.3,1492853
2022-03-24,3 wk ahead inc case,2022-04-09,GM,Germany,quantile,0.35,1504113
2022-03-24,3 wk ahead inc case,2022-04-09,GM,Germany,quantile,0.4,1514489
2022-03-24,3 wk ahead inc case,2022-04-09,GM,Germany,quantile,0.45,1521685
2022-03-24,3 wk ahead inc case,2022-04-09,GM,Germany,quantile,0.5,1529084
2022-03-24,3 wk ahead inc case,2022-04-09,GM,Germany,quantile,0.55,1600697
2022-03-24,3 wk ahead inc case,2022-04-09,GM,Germany,quantile,0.6,1655567
2022-03-24,3 wk ahead inc case,2022-04-09,GM,Germany,quantile,0.65,1677343
2022-03-24,3 wk ahead inc case,2022-04-09,GM,Germany,quantile,0.7,1792266
2022-03-24,3 wk ahead inc case,2022-04-09,GM,Germany,quantile,0.75,1867914
2022-03-24,3 wk ahead inc case,2022-04-09,GM,Germany,quantile,0.8,1873296
2022-03-24,3 wk ahead inc case,2022-04-09,GM,Germany,quantile,0.85,1919786
2022-03-24,3 wk ahead inc case,2022-04-09,GM,Germany,quantile,0.9,1993809
2022-03-24,3 wk ahead inc case,2022-04-09,GM,Germany,quantile,0.95,2026089
2022-03-24,3 wk ahead inc case,2022-04-09,GM,Germany,quantile,0.975,2064583
2022-03-24,3 wk ahead inc case,2022-04-09,GM,Germany,quantile,0.99,2102173
2022-03-24,3 wk ahead cum case,2022-04-09,GM,Germany,point,NA,23425088
2022-03-24,3 wk ahead cum case,2022-04-09,GM,Germany,quantile,0.01,23261743
2022-03-24,3 wk ahead cum case,2022-04-09,GM,Germany,quantile,0.025,23302111
2022-03-24,3 wk ahead cum case,2022-04-09,GM,Germany,quantile,0.05,23341146
2022-03-24,3 wk ahead cum case,2022-04-09,GM,Germany,quantile,0.1,23351627
2022-03-24,3 wk ahead cum case,2022-04-09,GM,Germany,quantile,0.15,23354967
2022-03-24,3 wk ahead cum case,2022-04-09,GM,Germany,quantile,0.2,23355860
2022-03-24,3 wk ahead cum case,2022-04-09,GM,Germany,quantile,0.25,23374245
2022-03-24,3 wk ahead cum case,2022-04-09,GM,Germany,quantile,0.3,23388857
2022-03-24,3 wk ahead cum case,2022-04-09,GM,Germany,quantile,0.35,23400117
2022-03-24,3 wk ahead cum case,2022-04-09,GM,Germany,quantile,0.4,23410493
2022-03-24,3 wk ahead cum case,2022-04-09,GM,Germany,quantile,0.45,23417689
2022-03-24,3 wk ahead cum case,2022-04-09,GM,Germany,quantile,0.5,23425088
2022-03-24,3 wk ahead cum case,2022-04-09,GM,Germany,quantile,0.55,23496701
2022-03-24,3 wk ahead cum case,2022-04-09,GM,Germany,quantile,0.6,23551571
2022-03-24,3 wk ahead cum case,2022-04-09,GM,Germany,quantile,0.65,23573347
2022-03-24,3 wk ahead cum case,2022-04-09,GM,Germany,quantile,0.7,23688270
2022-03-24,3 wk ahead cum case,2022-04-09,GM,Germany,quantile,0.75,23763918
2022-03-24,3 wk ahead cum case,2022-04-09,GM,Germany,quantile,0.8,23769300
2022-03-24,3 wk ahead cum case,2022-04-09,GM,Germany,quantile,0.85,23815790
2022-03-24,3 wk ahead cum case,2022-04-09,GM,Germany,quantile,0.9,23889813
2022-03-24,3 wk ahead cum case,2022-04-09,GM,Germany,quantile,0.95,23922093
2022-03-24,3 wk ahead cum case,2022-04-09,GM,Germany,quantile,0.975,23960587
2022-03-24,3 wk ahead cum case,2022-04-09,GM,Germany,quantile,0.99,23998177
2022-03-24,4 wk ahead inc case,2022-04-16,GM,Germany,point,NA,1395424
2022-03-24,4 wk ahead inc case,2022-04-16,GM,Germany,quantile,0.01,1232079
2022-03-24,4 wk ahead inc case,2022-04-16,GM,Germany,quantile,0.025,1272447
2022-03-24,4 wk ahead inc case,2022-04-16,GM,Germany,quantile,0.05,1311482
2022-03-24,4 wk ahead inc case,2022-04-16,GM,Germany,quantile,0.1,1321963
2022-03-24,4 wk ahead inc case,2022-04-16,GM,Germany,quantile,0.15,1325303
2022-03-24,4 wk ahead inc case,2022-04-16,GM,Germany,quantile,0.2,1326196
2022-03-24,4 wk ahead inc case,2022-04-16,GM,Germany,quantile,0.25,1344581
2022-03-24,4 wk ahead inc case,2022-04-16,GM,Germany,quantile,0.3,1359193
2022-03-24,4 wk ahead inc case,2022-04-16,GM,Germany,quantile,0.35,1370453
2022-03-24,4 wk ahead inc case,2022-04-16,GM,Germany,quantile,0.4,1380829
2022-03-24,4 wk ahead inc case,2022-04-16,GM,Germany,quantile,0.45,1388025
2022-03-24,4 wk ahead inc case,2022-04-16,GM,Germany,quantile,0.5,1395424
2022-03-24,4 wk ahead inc case,2022-04-16,GM,Germany,quantile,0.55,1467037
2022-03-24,4 wk ahead inc case,2022-04-16,GM,Germany,quantile,0.6,1521907
2022-03-24,4 wk ahead inc case,2022-04-16,GM,Germany,quantile,0.65,1543683
2022-03-24,4 wk ahead inc case,2022-04-16,GM,Germany,quantile,0.7,1658606
2022-03-24,4 wk ahead inc case,2022-04-16,GM,Germany,quantile,0.75,1734254
2022-03-24,4 wk ahead inc case,2022-04-16,GM,Germany,quantile,0.8,1739636
2022-03-24,4 wk ahead inc case,2022-04-16,GM,Germany,quantile,0.85,1786126
2022-03-24,4 wk ahead inc case,2022-04-16,GM,Germany,quantile,0.9,1860149
2022-03-24,4 wk ahead inc case,2022-04-16,GM,Germany,quantile,0.95,1892429
2022-03-24,4 wk ahead inc case,2022-04-16,GM,Germany,quantile,0.975,1930923
2022-03-24,4 wk ahead inc case,2022-04-16,GM,Germany,quantile,0.99,1968513
2022-03-24,4 wk ahead cum case,2022-04-16,GM,Germany,point,NA,24820512
2022-03-24,4 wk ahead cum case,2022-04-16,GM,Germany,quantile,0.01,24657167
2022-03-24,4 wk ahead cum case,2022-04-16,GM,Germany,quantile,0.025,24697535
2022-03-24,4 wk ahead cum case,2022-04-16,GM,Germany,quantile,0.05,24736570
2022-03-24,4 wk ahead cum case,2022-04-16,GM,Germany,quantile,0.1,24747051
2022-03-24,4 wk ahead cum case,2022-04-16,GM,Germany,quantile,0.15,24750391
2022-03-24,4 wk ahead cum case,2022-04-16,GM,Germany,quantile,0.2,24751284
2022-03-24,4 wk ahead cum case,2022-04-16,GM,Germany,quantile,0.25,24769669
2022-03-24,4 wk ahead cum case,2022-04-16,GM,Germany,quantile,0.3,24784281
2022-03-24,4 wk ahead cum case,2022-04-16,GM,Germany,quantile,0.35,24795541
2022-03-24,4 wk ahead cum case,2022-04-16,GM,Germany,quantile,0.4,24805917
2022-03-24,4 wk ahead cum case,2022-04-16,GM,Germany,quantile,0.45,24813113
2022-03-24,4 wk ahead cum case,2022-04-16,GM,Germany,quantile,0.5,24820512
2022-03-24,4 wk ahead cum case,2022-04-16,GM,Germany,quantile,0.55,24892125
2022-03-24,4 wk ahead cum case,2022-04-16,GM,Germany,quantile,0.6,24946995
2022-03-24,4 wk ahead cum case,2022-04-16,GM,Germany,quantile,0.65,24968771
2022-03-24,4 wk ahead cum case,2022-04-16,GM,Germany,quantile,0.7,25083694
2022-03-24,4 wk ahead cum case,2022-04-16,GM,Germany,quantile,0.75,25159342
2022-03-24,4 wk ahead cum case,2022-04-16,GM,Germany,quantile,0.8,25164724
2022-03-24,4 wk ahead cum case,2022-04-16,GM,Germany,quantile,0.85,25211214
2022-03-24,4 wk ahead cum case,2022-04-16,GM,Germany,quantile,0.9,25285237
2022-03-24,4 wk ahead cum case,2022-04-16,GM,Germany,quantile,0.95,25317517
2022-03-24,4 wk ahead cum case,2022-04-16,GM,Germany,quantile,0.975,25356011
2022-03-24,4 wk ahead cum case,2022-04-16,GM,Germany,quantile,0.99,25393601
