id,Country,2020-01-25,2020-01-26,2020-01-27,2020-01-28,2020-01-29,2020-01-30,2020-01-31,2020-02-01,2020-02-02,2020-02-03,2020-02-04,2020-02-05,2020-02-06,2020-02-07,2020-02-08,2020-02-09,2020-02-10,2020-02-11,2020-02-12,2020-02-13,2020-02-14,2020-02-15,2020-02-16,2020-02-17,2020-02-18,2020-02-19,2020-02-20,2020-02-21,2020-02-22,2020-02-23,2020-02-24,2020-02-25,2020-02-26,2020-02-27,2020-02-28,2020-02-29,2020-03-01,2020-03-02,2020-03-03,2020-03-04,2020-03-05,2020-03-06,2020-03-07,2020-03-08,2020-03-09,2020-03-10,2020-03-11,2020-03-12,2020-03-13,2020-03-14,2020-03-15,2020-03-16,2020-03-17,2020-03-18,2020-03-19,2020-03-20,2020-03-21,2020-03-22,2020-03-23,2020-03-24,2020-03-25,2020-03-26,2020-03-27,2020-03-28,2020-03-29,2020-03-30,2020-03-31,2020-04-01,2020-04-02,2020-04-03,2020-04-04,2020-04-05,2020-04-06,2020-04-07,2020-04-08,2020-04-09,2020-04-10,2020-04-11,2020-04-12,2020-04-13,2020-04-14,2020-04-15,2020-04-16,2020-04-17,2020-04-18,2020-04-19,2020-04-20,2020-04-21,2020-04-22,2020-04-23,2020-04-24,2020-04-25,2020-04-26,2020-04-27,2020-04-28,2020-04-29,2020-04-30,2020-05-01,2020-05-02,2020-05-03,2020-05-04,2020-05-05,2020-05-06,2020-05-07,2020-05-08,2020-05-09,2020-05-10,2020-05-11,2020-05-12,2020-05-13,2020-05-14,2020-05-15,2020-05-16,2020-05-17,2020-05-18,2020-05-19,2020-05-20,2020-05-21,2020-05-22,2020-05-23,2020-05-24,2020-05-25,2020-05-26,2020-05-27,2020-05-28,2020-05-29,2020-05-30,2020-05-31,2020-06-01,2020-06-02,2020-06-03,2020-06-04,2020-06-05,2020-06-06,2020-06-07,2020-06-08,2020-06-09,2020-06-10,2020-06-11,2020-06-12,2020-06-13,2020-06-14,2020-06-15,2020-06-16,2020-06-17,2020-06-18,2020-06-19,2020-06-20,2020-06-21,2020-06-22,2020-06-23,2020-06-24,2020-06-25,2020-06-26,2020-06-27,2020-06-28,2020-06-29,2020-06-30,2020-07-01,2020-07-02,2020-07-03,2020-07-04,2020-07-05,2020-07-06,2020-07-07,2020-07-08,2020-07-09,2020-07-10,2020-07-11,2020-07-12,2020-07-13,2020-07-14,2020-07-15,2020-07-16,2020-07-17,2020-07-18,2020-07-19,2020-07-20,2020-07-21,2020-07-22,2020-07-23,2020-07-24,2020-07-25,2020-07-26,2020-07-27,2020-07-28,2020-07-29,2020-07-30,2020-07-31,2020-08-01,2020-08-02,2020-08-03,2020-08-04,2020-08-05,2020-08-06,2020-08-07,2020-08-08,2020-08-09,2020-08-10,2020-08-11,2020-08-12,2020-08-13,2020-08-14,2020-08-15,2020-08-16,2020-08-17,2020-08-18,2020-08-19,2020-08-20,2020-08-21,2020-08-22,2020-08-23,2020-08-24,2020-08-25,2020-08-26,2020-08-27,2020-08-28,2020-08-29,2020-08-30,2020-08-31,2020-09-01,2020-09-02,2020-09-03,2020-09-04,2020-09-05,2020-09-06,2020-09-07,2020-09-08,2020-09-09,2020-09-10,2020-09-11,2020-09-12,2020-09-13,2020-09-14,2020-09-15,2020-09-16,2020-09-17,2020-09-18,2020-09-19,2020-09-20,2020-09-21,2020-09-22,2020-09-23,2020-09-24,2020-09-25,2020-09-26,2020-09-27,2020-09-28,2020-09-29,2020-09-30,2020-10-01,2020-10-02,2020-10-03,2020-10-04,2020-10-05,2020-10-06,2020-10-07,2020-10-08,2020-10-09,2020-10-10,2020-10-11,2020-10-12,2020-10-13,2020-10-14,2020-10-15,2020-10-16,2020-10-17,2020-10-18,2020-10-19,2020-10-20,2020-10-21,2020-10-22,2020-10-23,2020-10-24,2020-10-25,2020-10-26,2020-10-27,2020-10-28,2020-10-29,2020-10-30,2020-10-31,2020-11-01,2020-11-02,2020-11-03,2020-11-04,2020-11-05,2020-11-06,2020-11-07,2020-11-08,2020-11-09,2020-11-10,2020-11-11,2020-11-12,2020-11-13,2020-11-14,2020-11-15,2020-11-16,2020-11-17,2020-11-18,2020-11-19,2020-11-20,2020-11-21,2020-11-22,2020-11-23,2020-11-24,2020-11-25,2020-11-26,2020-11-27,2020-11-28,2020-11-29,2020-11-30,2020-12-01,2020-12-02,2020-12-03,2020-12-04,2020-12-05,2020-12-06,2020-12-07,2020-12-08,2020-12-09,2020-12-10,2020-12-11,2020-12-12,2020-12-13,2020-12-14,2020-12-15,2020-12-16,2020-12-17,2020-12-18,2020-12-19,2020-12-20,2020-12-21,2020-12-22,2020-12-23,2020-12-24,2020-12-25,2020-12-26,2020-12-27,2020-12-28,2020-12-29,2020-12-30,2020-12-31,2021-01-01,2021-01-02,2021-01-03,2021-01-04,2021-01-05,2021-01-06,2021-01-07,2021-01-08,2021-01-09,2021-01-10,2021-01-11,2021-01-12,2021-01-13,2021-01-14,2021-01-15,2021-01-16,2021-01-17,2021-01-18,2021-01-19,2021-01-20,2021-01-21
0,GM01,0,0,0,0,0,0,0,0,0,0,0,0,0,0,0,0,0,0,0,0,0,0,0,0,0,0,0,0,0,0,1,3,6,10,13,14,18,25,49,72,95,167,179,200,233,273,448,448,562,817,1092,1462,1591,2131,2716,3628,3765,3769,5289,6002,7203,8072,9675,9687,10824,12200,13410,14662,16059,17014,18614,19395,20141,20680,21603,22433,23617,24078,24570,25040,25438,25881,26543,27258,27883,28253,28712,28898,29443,29792,30169,30761,31043,31196,31336,31609,31919,32146,32291,32411,32482,32576,32762,32898,33105,33287,33190,33359,33518,33670,33851,33893,33950,34000,34034,34115,34175,34174,34345,34399,34431,34466,34500,34129,34479,34718,34718,34784,34796,34813,34830,34870,34898,34912,34937,34958,34965,35002,35057,35090,35090,35090,35150,35177,35218,35236,35272,35272,35272,35365,35409,35446,35476,35530,35530,35530,35620,35694,35744,35771,35807,35807,35807,35862,35890,35942,35990,36041,36041,36041,36111,36162,36227,36264,36342,36342,36342,36492,36556,36565,36731,36819,36819,36819,36917,37038,37115,37224,37272,37272,37272,37455,37514,37574,37642,37749,37767,37791,37896,37975,38162,38270,38422,38480,38512,38740,38968,39227,39493,39829,40031,40173,40358,40685,40964,41248,41574,41773,41942,42119,42367,42614,42925,43259,43423,43592,43861,44118,44396,44618,44903,45070,45254,45323,45755,46041,46428,46779,46935,47107,47353,47590,47883,48135,48467,48467,48900,49208,49421,49707,50105,50240,50763,50934,51191,51579,52231,52814,53344,53868,54345,54939,55639,56488,57455,58653,59353,60053,60721,61694,63132,65085,66838,68482,69601,70792,72884,75164,77477,80233,82334,83594,85442,87685,90734,93264,96602,99046,100752,102293,104707,107649,110633,113539,115670,116996,118596,120870,123941,127103,129905,132011,133583,133689,136892,139768,142878,145615,147887,149318,150719,152782,155941,159013,162349,164843,166641,168265,170904,174948,179160,182958,186044,188241,190418,193712,194357,202113,206397,209860,212221,214466,217464,221854,225354,227305,228893,230029,231686,234498,237993,240888,242744,243914,244930,246440,249397,250675,254652,257403,260001,261487,262509,264735,267714,270036,271976,272796,274829,275442,277126,279479,281393
1,GM02,0,0,0,0,0,0,0,0,0,0,0,0,0,0,0,0,0,2,2,2,2,2,2,2,2,2,2,2,2,2,2,2,2,3,3,6,12,22,34,56,103,120,157,241,298,350,484,542,665,870,1051,1092,1226,1674,2383,2942,3631,4873,5735,6538,7973,9461,11130,12860,13968,14788,16497,18496,20237,21908,23846,24974,26163,27564,28827,30363,31453,32282,33015,33569,34294,35142,36027,36881,37407,37849,38310,38814,39395,39939,40547,40912,41070,41406,41830,42080,42489,42658,42792,42997,43162,43371,43658,43905,44169,44265,44368,44593,44802,44980,45143,45340,45427,45507,45639,45766,45929,46024,46132,46206,46326,46456,46458,46729,46809,46854,46917,47004,47029,47138,47209,47268,47326,47334,47371,47423,47479,47536,47574,47612,47626,47642,47690,47710,47747,47799,47827,47843,47867,47894,47995,48122,48202,48262,48294,48344,48400,48480,48547,48587,48655,48665,48744,48852,48953,49023,49086,49184,49204,49273,49350,49427,49538,49631,49702,49710,49775,49872,49954,50049,50112,50260,50282,50501,50589,50696,50806,50915,51068,51080,51156,51279,51377,51582,51710,51794,51803,51848,51946,52182,52436,52645,52847,52888,52984,53298,53707,54101,54416,54817,54858,55061,55414,55767,56191,56639,56972,57059,57219,57485,57781,58077,58385,58692,59014,59298,59804,60121,60759,61158,61561,61705,61974,62401,62809,63632,63918,64395,64625,64919,65331,65746,66192,66557,67005,67255,67356,67763,67996,68482,68853,69186,69486,69631,70006,70381,71034,71759,72402,72843,73186,73788,74459,75535,76680,77904,78940,79735,80880,82102,84090,86054,88319,89986,91569,93290,96420,98998,102074,104764,107044,109349,112301,115869,119505,123225,127614,130635,133808,136636,139914,144705,148882,153156,156421,158849,160729,164288,168358,173239,177522,181001,183189,185803,188809,193533,197988,201950,205211,207159,209682,213308,217949,222360,226357,229675,231896,234614,238442,243797,248679,253069,256903,259793,261306,267838,272883,278006,283289,287207,289760,292735,296497,301881,305866,308651,311091,312972,314934,318339,324937,328640,330855,332619,334567,337095,338786,342280,348143,351615,354494,356922,358804,361582,366609,369672,372696,374868,375137,377918,380295,383107,385784
2,GM03,0,0,0,0,0,0,0,0,0,0,0,0,0,0,0,0,0,0,0,0,0,0,0,0,0,0,0,0,0,0,0,0,0,0,0,1,1,1,3,3,3,3,3,3,3,20,37,40,47,50,52,53,65,76,116,137,159,163,176,193,204,233,252,267,277,285,311,327,341,354,394,397,399,424,445,454,469,480,486,492,500,507,556,567,585,604,609,624,672,707,719,739,754,759,797,827,859,871,875,893,895,916,963,997,1024,1043,1055,1058,1077,1104,1129,1150,1164,1171,1237,1256,1273,1291,1296,1299,1312,1313,1322,1348,1372,1398,1398,1398,1436,1447,1462,1498,1513,1517,1531,1532,1547,1565,1573,1581,1589,1592,1593,1607,1619,1626,1636,1645,1648,1654,1653,1653,1658,1659,1661,1661,1662,1667,1670,1675,1675,1678,1679,1679,1679,1684,1688,1689,1689,1690,1691,1691,1697,1701,1709,1718,1720,1721,1725,1727,1733,1742,1746,1747,1752,1758,1763,1774,1781,1782,1782,1787,1790,1792,1798,1800,1803,1804,1809,1819,1822,1828,1835,1841,1845,1851,1865,1877,1885,1893,1900,1905,1913,1924,1944,1958,1980,1992,1993,2002,2015,2037,2048,2056,2067,2070,2073,2085,2094,2109,2117,2130,2135,2137,2159,2174,2177,2191,2215,2219,2223,2250,2262,2280,2320,2366,2372,2385,2435,2471,2511,2557,2598,2619,2632,2702,2805,2880,2880,3058,3080,3113,3166,3274,3377,3477,3564,3590,3630,3725,3868,3876,4152,4342,4407,4495,4689,4891,5100,5331,5522,5673,5901,6108,6365,6599,6872,7067,7133,7254,7367,7565,7803,7965,8153,8220,8277,8447,8749,8867,9052,9212,9284,9307,9449,9642,9640,9868,9872,9909,10094,10253,10425,10499,10632,10761,10818,10859,10973,11184,11366,11488,11661,11714,11736,11865,12086,12232,12367,12457,12599,12642,12765,13020,13099,13134,13165,13205,13259,13411,13559,13681,13703,13713,13747,13803,13915,14069,14177,14257,14323,14365,14383,14469,14629,14699,14796,14900,14943,14960,15027,15151,15248
3,GM04,0,0,0,0,0,0,0,0,0,0,0,0,0,0,0,0,0,0,0,0,0,0,0,0,0,0,0,0,0,0,0,0,0,0,0,1,1,2,3,5,11,12,12,15,26,46,88,98,159,162,264,316,365,441,601,602,898,971,1075,1302,1305,1749,1824,1908,2123,2266,2311,2406,2596,2697,2945,2993,3059,3165,3320,3551,3663,3742,3770,3808,3869,3953,4005,4118,4167,4185,4204,4204,4286,4358,4400,4429,4475,4505,4525,4562,4604,4609,4631,4636,4644,4664,4704,4753,4772,4772,4780,4960,4972,4976,4981,5017,5029,5037,5042,5042,5053,5059,5063,5066,5069,5069,5072,5076,5078,5082,5087,5089,5098,5098,5096,5107,5111,5113,5115,5117,5121,5125,5134,5139,5139,5144,5147,5149,5154,5156,5160,5163,5170,5170,5175,5175,5173,5178,5178,5194,5201,5204,5211,5212,5217,5220,5220,5223,5224,5230,5231,5230,5230,5231,5231,5231,5233,5232,5237,5240,5240,5241,5244,5251,5275,5291,5304,5322,5326,5338,5356,5386,5405,5405,5436,5444,5461,5486,5530,5610,5664,5678,5691,5748,5774,5821,5850,5878,5887,5901,5927,5954,5989,6019,6019,6054,6083,6110,6137,6167,6193,6227,6250,6262,6313,6351,6396,6451,6486,6486,6527,6527,6626,6699,6770,6814,6825,6846,6917,6964,7010,7075,7150,7165,7230,7291,7369,7431,7550,7638,7690,7750,7837,7896,7984,8064,8176,8241,8339,8451,8544,8669,8814,8912,8963,9040,9153,9288,9456,9457,9750,9910,10003,10207,10407,10683,11043,11346,11514,11853,12153,12557,12947,13357,13753,14036,14288,14744,15132,15778,16263,16854,17139,17437,17860,18255,18914,19450,19977,20220,20405,20830,21076,21735,22098,22531,22702,22939,23331,23330,24051,24305,24602,24705,24855,25143,25469,25775,26272,26619,26850,27081,27363,27696,28202,28620,29135,29408,29711,29990,30559,31044,31591,32116,32425,32726,33308,33870,34454,34813,35110,35331,35484,35947,36417,36985,37293,37535,37535,37879,38575,39154,39587,40123,40476,40687,40960,41350,41746,42070,42349,42727,42814,43077,43328,43613,43919
4,GM05,0,0,0,0,0,0,0,0,0,0,0,0,0,0,0,0,0,0,0,0,0,0,0,0,0,0,0,0,0,0,0,0,0,0,3,8,9,9,11,13,15,15,17,23,31,44,94,143,197,280,336,366,425,674,805,1072,1166,1338,1610,1744,2147,2313,2593,2594,3079,3271,3445,3707,3993,4279,4575,4674,4837,4965,5242,5694,5808,5859,6114,6183,6347,6470,6705,6916,7108,7177,7231,7380,7593,7712,7837,7946,7979,8026,8184,8304,8376,8486,8524,8549,8585,8642,8736,8850,8916,8998,9012,9031,9087,9169,9204,9261,9317,9337,9368,9483,9574,9656,9670,9762,9770,9804,9860,9915,9962,10003,10033,10047,10060,10080,10129,10163,10171,10203,10207,10237,10256,10296,10313,10321,10324,10324,10371,10386,10440,10503,10556,10575,10578,10613,10645,10666,10707,10731,10761,10762,10795,10811,10869,10894,10918,10939,10955,10985,11012,11062,11104,11122,11162,11169,11206,11217,11283,11324,11371,11386,11409,11430,11458,11534,11591,11649,11680,11685,11743,11806,11895,11965,12029,12117,12142,12199,12254,12310,12468,12602,12703,12737,12815,12876,13008,13187,13390,13433,13486,13675,13842,14029,14260,14409,14587,14657,14809,15025,15105,15232,15351,15399,15431,15596,15692,15776,15912,15978,16098,16145,16278,16375,16500,16603,16714,16808,16877,16985,17084,17233,17342,17516,17586,17637,17757,17870,18035,18221,18396,18607,18644,18788,18945,19089,19324,19616,19788,19978,20113,20355,20662,21092,21586,21911,22039,22310,22819,23481,24151,25033,25440,25776,26558,27307,28440,29398,31128,32227,32852,34200,35688,37385,39093,40998,42072,43379,44598,45819,47477,49327,51438,53161,54043,55744,57466,59371,61055,62462,64393,65479,66503,68070,70200,72525,74368,75789,76341,77897,79260,81327,83251,84845,86279,86792,88078,89446,90966,92825,94437,95954,96637,97899,99560,100900,102817,105934,107361,108316,109734,111433,113998,115473,118697,120716,121962,122638,125049,126214,129206,130109,131434,131804,132204,133475,136577,138379,139368,139965,140371,141012,142925,145009,147012,148863,150229,150790,151293,152844,154500,156127,157255,158544,158968,159409,160738,162321,163853
5,GM06,0,0,0,0,0,0,0,0,0,0,0,0,0,0,0,0,0,0,0,0,0,0,0,0,0,0,0,0,0,0,0,0,0,0,0,1,1,1,7,18,18,18,20,37,48,73,127,228,250,284,388,388,541,732,865,1085,1367,1544,1825,2200,2407,2870,3209,3509,3790,4121,4382,4695,5081,5571,5712,5960,6200,6385,6804,7114,7343,7602,7723,7885,8019,8188,8442,8649,8797,8900,9098,9236,9391,9544,9691,9785,9847,9926,9972,10067,10141,10246,10283,10325,10380,10453,10564,10686,10803,10827,10854,10895,10903,11003,11087,11092,11155,11167,11207,11288,11362,11420,11521,11578,11578,11646,11678,11750,11832,11958,11992,12043,12065,12114,12182,12277,12399,12466,12509,12601,12626,12727,12777,12822,12874,12909,12950,12968,13063,13097,13136,13136,13283,13312,13327,13378,13422,13456,13478,13502,13535,13577,13605,13632,13647,13664,13672,13731,13748,13754,13791,13799,13804,13806,13823,13848,13887,13905,13952,13963,14030,14059,14101,14133,14185,14222,14223,14241,14288,14305,14380,14430,14499,14515,14567,14634,14671,14723,14847,14911,14943,14974,15056,15122,15176,15318,15343,15384,15428,15482,15562,15724,15885,16019,16055,16096,16191,16274,16419,16506,16628,16690,16741,16795,16888,16992,17133,17210,17236,17284,17372,17454,17572,17645,17783,17844,17911,18023,18160,18256,18529,18701,18791,18900,18964,19137,19315,19443,19748,19772,19772,20026,20162,20290,20491,20777,20954,21075,21284,21456,21743,22142,22490,22662,22662,23265,23560,24009,24724,25287,25581,25852,26356,26611,27426,28078,29101,29640,30476,31038,32244,32980,34228,35942,36949,37919,38862,39964,41209,42707,44009,45002,46322,47319,48400,50167,51770,53883,55325,55433,56182,56924,58346,59968,61621,62553,63305,64504,65708,66802,68217,69948,70857,71265,71586,72534,73548,74734,76295,77033,77741,78296,79187,80894,82321,83935,84771,85729,86345,87268,88898,91188,92773,93811,94996,96232,96959,99234,100343,101877,102850,103244,103750,104768,106789,108607,109810,110271,110777,111453,112166,114282,116432,118305,119533,120634,121103,122431,124027,125183,127115,128015,128826,129566,130467,132095,133417
6,GM07,0,0,0,0,0,0,0,0,0,0,0,0,0,0,0,0,0,0,0,0,0,0,0,0,0,0,0,0,0,0,1,2,4,25,30,66,86,101,115,181,329,373,398,483,483,483,687,934,1152,1405,1538,2102,2369,3029,3493,3538,3541,5611,6313,7192,7918,9229,10601,11394,12171,13218,14351,15427,16606,17885,18735,19384,20220,20929,21961,23028,23644,24267,24883,25300,25835,26383,27030,28006,28471,28971,29389,30185,30584,31106,31465,31669,31879,32184,32429,32687,33058,33216,33428,33560,33728,33977,34249,34522,34817,34964,35132,35333,35555,35741,35967,36065,36286,36365,36485,36766,36912,37010,37139,37223,37298,37395,37541,37698,37803,37910,38000,38046,38100,38185,38297,38439,38524,38616,38660,38743,38845,38983,39060,39137,39233,39307,39415,39573,39777,40156,40372,40921,41218,41418,41678,41992,42150,42571,42723,42869,43066,43242,43436,43660,43853,43990,44064,44158,44306,44492,44645,44788,44915,44974,45115,45233,45388,45710,45910,46024,46075,46213,46367,46615,46956,47257,47430,47471,47740,47965,48301,48689,49102,49145,49435,49727,50068,50493,50937,51330,51561,51762,52175,52588,53123,53661,54106,54390,54653,55049,55375,55770,55936,56599,56784,56916,57213,57560,57826,58187,58452,58584,58687,59023,59263,59527,59811,60085,60257,60433,60695,60878,61201,61505,61820,62079,62261,62725,63155,63565,64084,64692,65078,65232,65753,66191,66680,67278,67903,68395,68720,69284,69822,70580,71357,72063,72581,72995,73842,74615,75671,76796,78218,79179,79981,81192,82356,84161,86315,88204,89681,90544,92694,94883,97507,100247,104617,107759,110516,114194,117278,122051,127447,132479,136116,139485,144137,148699,153766,159027,164919,168205,171631,175951,180523,185138,191011,196363,200063,202817,207224,211380,216809,222535,227783,230976,233020,236806,240962,245871,250884,255115,258390,260646,263715,267069,272026,276697,281492,284816,287179,290668,294740,298431,305464,310932,314937,317966,322051,326681,332684,339176,345186,349463,352719,357298,362430,369058,373298,375714,378105,380487,383008,387437,393185,396880,398678,400594,402519,404488,408998,415041,420190,424492,427710,429506,431807,435464,439609,444159,447493,450721,451898,453576,456855,460709,464139
7,GM08,0,0,0,0,0,0,0,0,0,0,0,0,0,0,0,0,0,0,0,0,0,0,0,0,0,0,0,0,0,0,0,0,0,0,1,2,2,2,7,8,9,12,18,18,26,26,53,103,122,169,326,443,475,638,802,938,1053,1177,1370,1590,1815,1970,2210,2394,2582,2723,2899,3132,3362,3504,3663,3882,3992,4148,4336,4440,4622,4734,4810,4880,5004,5087,5211,5324,5432,5523,5561,5593,5643,5731,5767,5835,5879,5928,5982,6029,6086,6099,6133,6150,6160,6191,6213,6241,6282,6291,6313,6355,6360,6382,6413,6449,6449,6490,6520,6529,6555,6566,6582,6590,6596,6600,6611,6652,6673,6695,6694,6703,6704,6712,6719,6732,6761,6775,6781,6787,6810,6827,6827,6838,6840,6841,6846,6856,6874,6883,6903,6907,6917,6919,6924,6940,6951,6971,6974,6987,6996,7022,7036,7068,7080,7080,7082,7094,7100,7112,7126,7136,7157,7174,7196,7222,7258,7275,7293,7299,7314,7338,7346,7374,7397,7409,7420,7434,7442,7456,7488,7498,7533,7535,7543,7583,7618,7667,7713,7748,7771,7832,7871,7935,7974,8059,8095,8121,8148,8224,8334,8427,8514,8602,8615,8667,8713,8759,8842,8874,8928,9008,9053,9105,9168,9212,9260,9305,9324,9364,9434,9483,9560,9623,9649,9717,9764,9795,9859,9929,9990,10037,10085,10116,10183,10230,10282,10381,10439,10483,10554,10630,10698,10740,10863,10975,11015,11086,11215,11308,11499,11602,11808,11904,12106,12235,12410,12647,12884,13227,13404,13652,13957,14199,14640,15186,15781,16118,16549,17090,17789,18420,19108,20103,20574,20962,21787,22466,23391,24320,25342,25721,26352,27237,28034,28958,30250,31397,32013,32563,33459,34144,35065,36091,37132,37587,38309,39275,39969,40847,41682,42670,43036,43618,44371,45169,46093,47140,48260,48779,49496,49762,51185,52149,53467,54969,55536,56345,57462,58279,59649,60761,62002,62620,63586,64640,65473,66745,67546,68113,68758,69197,70024,70749,71993,72785,73545,73915,74435,74962,75885,76991,78087,79252,79839,80449,81039,81737,82472,83476,84229,84639,84641,85559,86124,87040,87855
8,GM09,0,0,0,0,0,0,0,0,0,0,0,0,0,0,0,0,0,0,0,0,0,0,0,0,0,0,0,0,0,0,0,0,0,0,0,0,0,0,1,1,2,3,9,9,9,16,16,41,41,41,92,92,104,115,161,201,201,213,347,411,440,509,553,563,705,778,829,1020,1079,1265,1358,1483,1532,1637,1693,1854,2016,2058,2079,2112,2145,2201,2254,2289,2303,2314,2328,2367,2395,2445,2468,2482,2503,2509,2514,2552,2581,2597,2605,2608,2618,2627,2655,2658,2660,2663,2665,2665,2667,2677,2684,2688,2696,2696,2699,2703,2706,2707,2709,2713,2716,2727,2730,2731,2716,2723,2724,2724,2730,2735,2737,2738,2740,2747,2747,2754,2763,2766,2769,2770,2772,2772,2773,2773,2773,2774,2776,2778,2778,2778,2801,2801,2802,2802,2805,2806,2806,2806,2807,2805,2805,2805,2806,2806,2808,2809,2812,2812,2812,2812,2819,2823,2824,2827,2828,2828,2830,2832,2835,2840,2841,2849,2850,2851,2852,2857,2862,2862,2874,2879,2881,2886,2891,2897,2900,2913,2926,2930,2942,2952,2955,2976,2986,3000,3000,3008,3017,3039,3040,3055,3071,3076,3080,3085,3095,3112,3126,3153,3154,3151,3157,3168,3176,3189,3197,3199,3199,3208,3218,3222,3225,3243,3245,3234,3240,3262,3214,3227,3232,3234,3234,3252,3262,3270,3288,3295,3295,3297,3297,3315,3338,3380,3380,3380,3449,3489,3499,3551,3586,3673,3703,3720,3867,3960,4013,4221,4356,4415,4437,4467,4625,4856,5008,5289,5321,5455,5576,5806,6142,6249,6740,7029,7228,7313,7564,7765,8130,8327,8426,8640,9012,9276,9452,9713,10110,10110,10300,10524,10627,11006,11247,11345,11385,11561,11686,11960,12041,12237,12486,12673,12814,12884,13064,13212,13643,13887,13887,14173,14412,14643,15178,15460,15588,15996,16098,16159,16523,17114,17358,17520,17732,17977,18184,18549,18938,19122,19150,19322,19341,19539,19879,20000,20111,20141,20199,20272,20497,20805,21321,21642,21868,21900,22142,22279,22542,22742,22939,23132,23146,23204,23420,23628,23873
9,GM10,0,0,0,0,0,0,0,0,0,0,0,0,0,0,0,0,0,0,0,0,0,0,0,0,0,0,0,0,0,0,0,0,0,1,1,2,2,2,2,7,7,8,8,10,10,28,31,48,60,103,123,126,158,200,264,306,344,380,474,572,670,806,909,999,1042,1112,1246,1335,1443,1559,1631,1671,1730,1827,1932,2029,2065,2118,2134,2164,2245,2294,2349,2387,2417,2426,2414,2496,2530,2557,2612,2630,2638,2653,2679,2690,2714,2728,2738,2788,2799,2815,2834,2860,2898,2938,2957,2956,2972,2982,2988,2998,3000,3002,3002,3014,3021,3039,3062,3062,3062,3067,3070,3072,3078,3090,3094,3097,3103,3106,3103,3103,3107,3109,3110,3114,3115,3117,3120,3120,3121,3121,3122,3122,3122,3131,3133,3134,3136,3136,3137,3140,3144,3146,3147,3147,3154,3159,3163,3176,3178,3181,3187,3189,3194,3200,3202,3206,3206,3207,3221,3229,3235,3238,3251,3253,3261,3271,3278,3292,3299,3311,3318,3322,3341,3379,3401,3427,3451,3463,3467,3494,3516,3534,3569,3578,3586,3588,3620,3675,3714,3744,3768,3782,3790,3807,3825,3851,3872,3890,3902,3904,3927,3961,3981,4000,4015,4022,4029,4045,4064,4091,4107,4115,4120,4126,4150,4168,4197,4207,4218,4222,4231,4255,4288,4311,4350,4384,4405,4421,4460,4498,4540,4603,4656,4671,4686,4724,4772,4821,4848,4898,4914,4938,4978,5032,5076,5155,5209,5235,5260,5325,5391,5456,5510,5600,5626,5714,5879,5989,6147,6284,6520,6662,6777,6942,7218,7499,7716,8028,8293,8456,8600,8833,9096,9316,9590,9823,10000,10214,10466,10715,10924,11203,11361,11522,11623,11917,12124,12388,12638,12791,12912,13056,13307,13564,13790,14013,14192,14263,14344,14587,14827,15082,15392,15627,15781,15964,16277,16575,17104,17515,17960,18100,18341,18827,19334,19806,20259,20692,20849,21060,21855,22558,22864,23094,23333,23524,23784,24284,24792,25134,25247,25540,25751,25986,26536,27078,27542,28056,28480,28624,28845,29250,29734,30159,30581,30956,31171,31391,31842,32297,32820
10,GM11,0,0,0,0,0,0,0,0,0,0,0,0,0,0,0,0,0,0,0,0,0,0,0,0,0,0,0,0,0,0,0,0,0,0,0,0,0,1,1,1,2,2,3,5,7,22,27,41,53,54,61,69,88,129,185,246,266,279,333,417,464,523,628,701,740,775,881,995,1075,1211,1305,1345,1384,1472,1578,1691,1764,1857,1880,1916,1950,2058,2120,2161,2221,2238,2275,2389,2447,2536,2627,2694,2721,2747,2768,2831,2872,2886,2905,2914,2940,2969,2999,3037,3098,3101,3106,3111,3125,3135,3158,3169,3171,3172,3185,3193,3205,3211,3213,3214,3214,3236,3246,3261,3271,3266,3271,3273,3274,3273,3280,3288,3294,3297,3304,3302,3309,3352,3306,3326,3326,3329,3334,3362,3365,3374,3383,3388,3394,3407,3413,3428,3437,3437,3417,3419,3429,3440,3443,3450,3459,3460,3464,3468,3476,3483,3452,3459,3462,3462,3462,3465,3466,3470,3476,3476,3483,3485,3497,3510,3523,3524,3524,3524,3527,3531,3551,3560,3565,3565,3573,3579,3588,3597,3600,3622,3626,3627,3634,3642,3651,3683,3695,3697,3703,3708,3728,3740,3758,3784,3787,3787,3795,3818,3839,3857,3867,3869,3870,3871,3875,3898,3902,3923,3927,3931,3943,3959,3966,3984,4003,4005,4006,4016,4033,4051,4060,4079,4088,4090,4101,4116,4150,4178,4203,4214,4217,4251,4258,4300,4326,4369,4393,4421,4447,4483,4561,4603,4692,4740,4771,4794,4997,5098,5211,5305,5414,5451,5574,5670,5948,6020,6309,6463,6515,6599,6957,7208,7468,7831,8088,8326,8691,8761,9062,9560,10086,10296,10516,10790,11031,11483,11852,12205,12636,12873,13260,13517,13947,14347,15032,15315,15673,15867,16316,17011,17646,18197,18488,18740,19122,19605,20261,21123,21769,22206,22433,22741,23373,23892,24910,25818,26434,26952,27459,28055,29215,30092,31224,31875,32379,33461,34117,35280,35873,36214,36795,37137,37820,39627,41241,42274,42384,42713,42887,43163,44556,45720,48351,49531,49531,50180,51521,52285,53533,55402,56036,56836,57264,58646,59485,60825,61997
11,GM12,0,0,0,0,0,0,0,0,0,0,0,0,0,0,0,0,0,0,0,0,0,0,0,0,0,0,0,0,0,0,0,0,0,0,0,0,0,0,4,4,4,4,7,8,11,14,20,30,42,47,48,48,59,101,133,167,173,173,200,219,244,259,308,347,354,364,406,438,468,501,523,528,531,555,572,586,601,605,618,619,624,634,634,645,651,653,655,656,659,661,667,673,674,675,687,690,693,695,698,699,703,711,715,718,722,726,728,729,736,739,740,746,748,752,752,755,762,763,763,760,760,760,760,760,759,760,761,761,761,761,763,764,766,773,774,780,777,778,780,781,782,782,784,786,787,791,791,792,792,792,794,796,797,798,801,801,802,803,803,803,804,804,804,805,805,805,803,804,804,804,804,804,805,805,806,806,806,809,811,815,826,843,843,843,845,849,861,864,868,875,877,880,889,907,910,930,936,938,943,952,954,959,970,972,973,975,978,981,984,989,992,994,997,998,999,1001,1004,1007,1008,1008,1009,1015,1019,1023,1023,1023,1034,1038,1044,1046,1055,1055,1055,1064,1074,1081,1093,1105,1105,1105,1123,1131,1136,1144,1151,1151,1151,1168,1180,1195,1203,1220,1220,1220,1293,1304,1332,1344,1373,1373,1373,1416,1472,1532,1590,1590,1680,1705,1719,1790,1877,1936,2056,2133,2165,2200,2328,2484,2616,2782,2865,2918,2917,3076,3271,3415,3580,3693,3745,3786,3910,3910,4165,4289,4397,4435,4464,4620,4787,4932,5064,5154,5189,5247,5388,5510,5695,5820,5908,5950,5995,6116,6266,6446,6605,6687,6782,6835,7058,7351,7597,7870,8069,8232,8315,8596,8939,9227,9448,9664,9796,9899,10210,10532,10681,10841,10939,11055,11168,11623,11997,12168,12362,12454,12562,12738,13225,13701,14031,14429,14667,14757,14882,15316,15684,15989,16361,16614,16742,16902,17170,17553,17826
12,GM13,0,0,0,0,0,0,0,0,0,0,0,0,0,0,0,0,0,0,0,0,0,0,0,0,0,0,0,0,0,0,0,0,0,0,0,0,0,1,1,1,2,4,4,12,22,25,44,82,92,128,138,180,195,272,391,564,602,649,807,954,1136,1300,1426,1611,1789,1875,2034,2183,2336,2591,2741,2903,2997,3144,3261,3402,3565,3600,3655,3751,3819,3955,4048,4140,4190,4229,4253,4273,4327,4377,4406,4428,4458,4490,4509,4561,4592,4617,4696,4702,4745,4784,4836,4839,4873,4886,4915,4947,4962,5031,5061,5089,5115,5125,5133,5150,5185,5197,5219,5221,5231,5236,5247,5260,5230,5297,5304,5309,5309,5305,5312,5315,5321,5323,5330,5333,5337,5346,5344,5345,5346,5347,5349,5350,5359,5382,5408,5408,5408,5408,5436,5438,5439,5444,5444,5444,5448,5451,5457,5453,5458,5458,5458,5459,5465,5466,5469,5473,5473,5473,5476,5478,5484,5485,5488,5488,5488,5501,5503,5503,5506,5512,5512,5512,5518,5525,5532,5536,5541,5541,5541,5548,5560,5570,5590,5632,5632,5632,5655,5673,5685,5705,5719,5730,5731,5736,5749,5769,5788,5806,5820,5824,5827,5841,5866,5905,5934,5949,5953,5990,6022,6065,6095,6138,6147,6149,6155,6191,6255,6282,6351,6365,6403,6430,6467,6522,6581,6658,6679,6692,6774,6816,6887,6942,7052,7095,7122,7151,7202,7288,7349,7391,7459,7502,7533,7679,7797,7987,8203,8340,8413,8559,8742,9122,9335,9738,9935,10275,10520,10906,11507,12071,12453,13237,13653,14001,14409,15380,16493,17196,17974,18747,19489,20140,21119,22957,24255,25878,26680,27339,28507,30100,31538,33007,33924,34970,36083,36891,38769,39801,41336,42597,43967,44927,46282,47690,49855,52411,53804,55274,57037,58894,60919,63535,65830,68244,70168,71636,73767,75895,78704,82226,84245,86807,86806,92409,95616,98877,102193,104744,107014,109194,111922,115799,119770,121060,122450,124189,126421,128785,132356,135397,137031,138332,139700,141002,143122,146658,149707,152459,154520,155627,156677,158624,161352,163469,165292,166572,166993,167685,168943,170784,171878
13,GM14,0,0,0,0,0,0,0,0,0,0,0,0,0,0,0,0,0,0,0,0,0,0,0,0,0,0,0,0,0,0,0,0,0,0,0,0,0,0,0,0,0,0,0,0,7,15,27,42,44,46,76,76,123,158,197,205,228,228,337,391,433,473,473,606,606,694,750,804,836,896,919,956,987,1020,1075,1121,1135,1166,1193,1207,1223,1248,1279,1315,1350,1369,1383,1395,1425,1436,1480,1494,1515,1520,1525,1549,1564,1571,1576,1578,1585,1590,1602,1615,1637,1640,1643,1648,1650,1656,1668,1676,1676,1678,1679,1680,1689,1692,1692,1694,1694,1698,1698,1701,1700,1701,1705,1706,1707,1707,1711,1712,1717,1720,1720,1720,1721,1728,1732,1734,1756,1768,1771,1775,1802,1818,1839,1842,1844,1851,1856,1858,1862,1865,1868,1869,1871,1873,1876,1878,1880,1880,1889,1894,1896,1898,1905,1907,1917,1917,1919,1921,1926,1936,1939,1946,1950,1956,1961,1973,1975,1979,1986,1989,1991,1997,2009,2015,2022,2030,2031,2034,2036,2044,2044,2057,2057,2061,2068,2076,2090,2099,2114,2123,2123,2126,2134,2146,2155,2170,2179,2180,2183,2199,2209,2218,2226,2232,2234,2244,2250,2260,2263,2274,2281,2282,2287,2290,2305,2314,2330,2337,2355,2359,2366,2378,2380,2393,2443,2453,2457,2470,2497,2525,2536,2569,2603,2613,2619,2654,2677,2693,2736,2746,2764,2774,2815,2832,2858,2903,2932,2942,2966,2999,3057,3134,3242,3285,3334,3387,3487,3642,3760,3905,3994,4166,4342,4582,4804,5067,5204,5323,5423,5582,5897,6170,6482,6583,6734,6928,7101,7367,7641,7941,8040,8161,8383,8669,8944,9266,9580,9791,10030,10331,10416,10930,11289,11667,11938,12339,12528,12788,13342,13826,14340,14616,14925,15396,15832,16439,17087,17703,18152,18524,18985,19456,20156,20855,21867,22520,22978,23564,24249,25137,25964,26569,27064,27438,27754,28316,29200,30135,30708,31497,32083,32480,33019,33929,34971,35734,35734,37300,38320,39233,40234,41394,42249,42680,43182,43612,44494,45448,46137
14,GM15,0,0,0,0,0,0,0,0,0,0,0,0,0,0,0,0,0,0,0,0,0,0,0,0,0,0,0,0,0,0,0,0,0,0,0,0,0,1,1,1,1,2,2,2,4,9,13,28,45,50,53,53,76,100,150,188,217,249,326,393,467,541,582,695,716,781,860,925,982,1072,1140,1176,1208,1285,1351,1416,1435,1464,1485,1504,1550,1601,1682,1717,1756,1785,1798,1872,1932,2023,2058,2098,2120,2144,2170,2254,2323,2335,2345,2355,2392,2429,2452,2512,2533,2556,2585,2594,2622,2652,2681,2711,2725,2740,2750,2760,2796,2818,2830,2857,2871,2877,2898,2932,2958,2974,2984,3015,3017,3022,3033,3051,3066,3077,3081,3100,3108,3130,3143,3154,3169,3171,3175,3188,3189,3205,3210,3214,3221,3229,3231,3225,3240,3248,3250,3250,3254,3253,3259,3265,3267,3270,3272,3277,3283,3286,3288,3289,3291,3292,3295,3301,3310,3315,3320,3321,3321,3323,3326,3327,3339,3340,3341,3347,3351,3355,3358,3361,3369,3370,3371,3385,3390,3401,3413,3420,3425,3427,3432,3453,3464,3482,3492,3496,3498,3505,3509,3523,3530,3546,3547,3553,3564,3571,3585,3592,3611,3624,3628,3637,3644,3652,3658,3676,3682,3690,3694,3700,3722,3745,3765,3780,3790,3815,3834,3865,3884,3919,3933,3938,3958,3965,4007,4024,4046,4049,4054,4056,4075,4106,4134,4158,4200,4205,4223,4241,4260,4322,4363,4435,4442,4488,4555,4636,4711,4793,4881,4913,5000,5098,5250,5394,5546,5802,5863,5936,6200,6383,6625,6953,7171,7238,7405,7711,8024,8302,8620,8831,8963,9172,9375,9748,10099,10549,10755,10982,11219,11605,12106,12446,13132,13548,13740,14169,14621,15249,15823,16364,16686,16998,17388,17859,18429,19463,20115,20489,20979,21438,22021,22857,23818,24811,25672,26159,26936,27734,29011,30277,31343,32180,32752,33619,34919,36268,37324,38141,38740,39104,39647,40658,42034,43278,43875,44366,44696,45112,46285,47576,49045,50302,51272,51606,52315,53532,54636,55641,56539,57256,57594,58026,58813,59744,60617
15,GM16,0,0,0,0,0,0,0,0,0,0,0,0,0,0,0,0,0,0,0,0,0,0,0,0,0,0,0,0,0,0,0,0,0,0,0,0,1,3,7,12,18,27,39,47,47,89,135,172,214,262,297,342,387,569,727,862,1019,1072,1215,1422,1650,1949,2154,2353,2457,2568,2754,2970,3202,3471,3613,3670,3845,4028,4202,4349,4458,4567,4601,4668,4722,4848,4945,5066,5159,5196,5237,5312,5324,5459,5525,5600,5638,5669,5734,5827,5887,5943,5976,6010,6042,6092,6149,6209,6242,6261,6272,6274,6298,6342,6397,6428,6447,6458,6478,6507,6555,6585,6614,6637,6642,6652,6673,6703,6738,6767,6800,6816,6839,6874,6901,6946,6964,6997,7016,7042,7082,7138,7165,7252,7282,7322,7369,7402,7475,7603,7733,7804,7833,7916,7975,8021,8096,8145,8168,8176,8220,8243,8302,8345,8393,8434,8451,8462,8502,8537,8586,8617,8637,8638,8656,8674,8699,8725,8748,8774,8779,8802,8837,8860,8894,8957,8991,9001,9020,9071,9150,9192,9274,9319,9328,9367,9399,9490,9543,9640,9688,9698,9740,9851,9976,9976,10196,10238,10253,10319,10394,10463,10543,10655,10717,10728,10786,10852,10934,11011,11125,11183,11189,11266,11347,11431,11529,11623,11703,11727,11792,11879,11951,12090,12216,12254,12269,12354,12463,12593,12733,12919,13065,13109,13257,13374,13573,13811,13970,14113,14196,14327,14500,14788,15032,15371,15574,15648,15949,16237,16615,17112,17555,17828,18075,18327,19033,19537,20088,20764,21127,21429,21905,22727,23698,24481,25374,25790,26094,27024,28064,29225,30356,31440,32231,32593,33310,34823,35971,37357,38686,39383,39624,40460,42014,43146,45106,46434,47265,47697,49039,50611,52068,53315,55018,56068,56504,57309,58924,60554,61664,63064,63064,64220,65145,66306,67264,68508,69768,71087,71442,72082,73430,74552,76204,77208,78248,78796,79807,80936,82253,83697,85244,86564,86884,88029,89519,91116,92068,92346,92981,93796,94442,95729,96788,97430,97637,98097,98754,99525,100760,102070,103639,105118,105850,106190,107226,108295,109569,110740,111730,112262,112511,113055,113875,114606,115506
16,GM,0,0,0,0,0,0,0,0,0,0,0,0,0,0,0,0,0,2,2,2,2,2,2,2,2,2,2,2,2,2,4,7,12,39,52,103,136,174,249,387,626,781,888,1125,1281,1553,2355,3047,3776,4794,5965,7136,8179,10976,13932,16625,18582,22647,27394,31508,36447,42231,48507,52473,57215,61816,67366,73522,79696,85778,91714,95391,99225,103228,108202,113525,117658,120479,123016,125098,127584,130450,133830,137439,139897,141672,143457,145694,148046,150383,152438,154175,155193,156337,157641,159119,160758,161703,162496,163175,163860,164807,166091,167300,168551,169218,169575,170508,171306,172239,173152,173772,174355,174697,175210,176007,176752,177212,177850,178281,178570,179002,179364,179717,180458,181196,181482,181815,182028,182370,182764,183271,183678,183979,184193,184543,184861,185416,185674,186022,186269,186461,186839,187184,187764,188534,189135,189822,190359,190862,191449,192079,192556,193243,193499,193761,194259,194725,195228,195674,196096,196335,196554,196944,197341,197783,198178,198556,198804,198963,199375,199726,200260,200843,201372,201574,201823,202345,202799,203368,204183,204964,205269,205609,206242,206926,207828,208698,209653,209893,210402,211281,212022,213067,214214,215336,215891,216327,217293,218519,219964,221413,222828,223453,224014,225404,226914,228621,230048,232082,232864,233575,234853,236429,237936,239507,240986,241771,242381,243599,244855,246166,247619,248997,249985,250799,252298,253474,255366,256850,258480,259428,260355,261762,263663,265857,267773,270070,271415,272337,274158,275927,278070,280223,282730,284140,285332,287421,289219,291722,294395,296958,299237,300619,303258,306086,310144,314660,319381,322864,325331,329453,334585,341223,348557,356387,361974,366299,373167,380762,392049,403291,418005,429181,437866,449275,464239,481013,499694,518753,532930,545027,560379,577593,597583,619089,642488,658505,671868,687200,705687,727553,751095,773556,790503,801327,815746,833307,855916,879564,902528,918269,929133,942687,961320,983588,1006394,1028089,1042700,1053869,1067473,1084743,1106789,1130238,1153556,1171323,1183655,1197709,1218524,1242203,1272078,1300516,1320716,1337078,1351510,1379238,1406161,1439938,1471238,1494009,1510652,1530180,1554920,1587115,1612648,1627103,1640858,1651834,1664726,1687185,1719737,1742661,1755351,1765666,1775513,1787410,1808647,1835038,1866887,1891581,1908527,1921024,1933826,1953426,1978590,2000958,2019636,2033518,2040659,2052028,2068002,2088400,2106262
17,PL72,0,0,0,0,0,0,0,0,0,0,0,0,0,0,0,0,0,0,0,0,0,0,0,0,0,0,0,0,0,0,0,0,0,0,0,0,0,0,0,0,0,1,1,2,3,4,4,7,8,13,15,27,38,40,53,58,66,79,101,134,150,165,193,214,234,258,274,326,338,400,407,468,488,527,539,568,637,660,697,709,723,764,819,893,949,1044,1077,1118,1144,1212,1235,1278,1341,1412,1461,1520,1563,1580,1620,1645,1723,1769,1789,1825,1870,1903,2002,2024,2056,2100,2125,2141,2160,2166,2226,2257,2276,2295,2366,2399,2418,2455,2471,2512,2530,2556,2581,2594,2630,2639,2649,2660,2680,2700,2708,2724,2736,2739,2749,2750,2767,2767,2767,2778,2814,2825,2838,2851,2853,2857,2867,2878,2884,2902,2908,2910,2913,2919,2924,2930,2933,2936,2936,2941,2950,2952,2957,2970,2972,2974,2975,2983,2991,3017,3025,3042,3051,3073,3076,3094,3101,3130,3151,3161,3170,3201,3218,3223,3258,3273,3289,3306,3353,3375,3414,3436,3471,3483,3501,3528,3559,3582,3603,3660,3671,3688,3721,3752,3773,3803,3834,3858,3878,3922,3937,3965,3995,4039,4049,4059,4094,4107,4131,4158,4181,4189,4195,4244,4278,4298,4345,4356,4372,4381,4441,4488,4513,4550,4633,4678,4687,4734,4780,4838,4890,4953,5002,5030,5094,5163,5259,5360,5423,5485,5572,5712,5896,6154,6404,6646,6832,7031,7373,7688,8070,8511,9035,9404,9810,10377,10839,11449,12116,12761,13346,13808,14725,15865,16722,17721,18950,19474,20211,22175,24499,26950,29462,31507,33306,35025,37566,40227,42074,44897,47691,49707,51491,53909,56000,57808,59434,61226,62231,63266,64301,65126,66238,67556,69037,69818,70263,70980,71824,72668,73496,74416,74892,75179,75745,76558,77543,78340,79038,79536,79794,80313,80942,81623,82314,82907,83393,83599,84008,84596,85338,85812,86031,86184,86293,86698,87372,88176,88823,89167,89413,89528,90009,90608,91235,91696,92210,92669,92896,93235,93687,94150,94627,95005,95307,95463,95774,96110,96677
18,PL73,0,0,0,0,0,0,0,0,0,0,0,0,0,0,0,0,0,0,0,0,0,0,0,0,0,0,0,0,0,0,0,0,0,0,0,0,0,0,0,0,0,0,0,0,0,0,0,0,0,0,0,0,8,8,11,14,18,18,21,22,27,31,33,37,47,72,76,84,157,199,224,241,245,264,277,280,290,313,336,345,352,359,367,387,398,406,421,438,452,460,471,474,478,483,518,537,544,550,554,557,557,561,561,566,571,572,574,577,577,577,578,581,582,582,582,583,584,587,589,590,591,592,592,593,593,593,593,593,593,594,595,599,601,601,601,602,603,606,608,610,614,626,626,627,630,641,644,649,652,652,652,653,661,661,666,669,669,672,676,678,679,679,681,684,685,690,693,694,696,696,696,702,707,713,713,717,720,724,724,726,727,736,739,749,750,754,764,773,790,801,810,819,822,827,838,846,870,875,887,921,928,942,964,975,988,1016,1033,1050,1071,1102,1120,1126,1153,1183,1206,1230,1268,1291,1313,1333,1368,1384,1417,1428,1441,1460,1475,1483,1497,1517,1532,1586,1607,1631,1653,1688,1703,1745,1780,1806,1827,1840,1894,1935,2097,2263,2335,2487,2607,2685,2864,3082,3192,3421,3530,3683,3867,4178,4502,5056,5192,5450,5791,6147,6465,6935,7405,7928,8401,8847,9618,10523,11730,12507,13657,14182,15681,16896,18299,20253,21714,23448,24827,25378,26807,28470,30422,32231,33670,34688,35796,36588,37671,38950,39905,41628,42524,43262,44116,45056,46487,47744,48744,49675,50196,51517,52724,54092,55096,55719,56016,57230,58470,59824,60905,61996,62714,63065,63755,64856,66260,67262,68345,69101,69632,70382,71563,72701,73751,74865,75653,76133,76901,78105,79417,80184,80656,80982,81284,82004,83110,84627,85594,86065,86738,87222,88135,89435,90513,91547,92433,93356,93744,94270,95180,96173,96885,97538,98196,98397,98835,99369,100098
19,PL74,0,0,0,0,0,0,0,0,0,0,0,0,0,0,0,0,0,0,0,0,0,0,0,0,0,0,0,0,0,0,0,0,0,0,0,0,0,0,0,0,0,0,0,0,0,0,1,2,5,15,19,31,42,42,48,57,91,106,111,129,144,158,168,182,190,202,208,221,236,248,259,326,340,358,400,432,463,492,529,551,567,572,590,607,640,660,682,695,765,781,813,836,855,890,904,936,954,972,1006,1049,1068,1071,1098,1136,1147,1163,1175,1185,1198,1209,1216,1224,1231,1237,1248,1254,1270,1276,1309,1321,1344,1359,1381,1409,1455,1485,1520,1550,1602,1610,1664,1776,1823,1885,2004,2081,2126,2164,2237,2327,2364,2403,2476,2538,2602,2677,2740,2784,2827,2875,2915,2954,2988,3008,3057,3083,3104,3121,3131,3183,3207,3228,3244,3275,3284,3316,3338,3354,3388,3417,3435,3454,3485,3523,3553,3575,3611,3627,3654,3687,3720,3749,3781,3803,3821,3850,3880,3947,3977,4019,4032,4052,4091,4128,4167,4213,4244,4266,4297,4348,4391,4430,4484,4526,4596,4640,4688,4719,4763,4812,4885,4952,5023,5073,5107,5154,5193,5227,5260,5292,5323,5357,5405,5448,5479,5499,5507,5519,5531,5544,5572,5609,5627,5651,5668,5699,5740,5817,5878,5932,6025,6076,6160,6244,6322,6426,6512,6569,6661,6748,6865,7005,7157,7284,7410,7565,7788,8067,8430,8841,9155,9499,9848,10253,10944,11592,12413,12997,13676,14301,14976,15839,16639,17640,18458,19153,20574,22434,24228,25782,27482,29152,30332,31442,33208,34921,36514,38063,39639,40908,42309,43752,45280,46837,48324,49713,50796,51892,53046,54334,55806,57369,58505,59411,59974,60984,62083,63084,63742,64580,64955,65570,66583,67472,68387,69284,69845,70083,70646,71467,72330,73168,73863,74435,74625,75071,76014,76781,77437,78199,78646,78911,79364,80223,81173,81912,82192,82391,82590,83261,84062,84765,85469,86073,86365,86652,87139,88197,88824,89370,90072,90645,90863,91148,91715,92269,92764,93180,93531,93629,93904,94297,94707
20,PL75,0,0,0,0,0,0,0,0,0,0,0,0,0,0,0,0,0,0,0,0,0,0,0,0,0,0,0,0,0,0,0,0,0,0,0,0,0,0,0,0,0,0,0,0,0,1,2,6,7,15,17,18,22,22,25,28,31,39,48,54,60,74,78,87,105,114,132,133,151,158,165,174,181,192,200,205,222,225,234,240,245,270,279,290,293,308,311,325,332,336,342,346,351,353,356,359,360,365,367,374,374,376,380,381,384,386,388,392,396,398,400,401,401,402,409,409,411,417,420,421,434,446,449,469,485,486,486,493,495,495,503,504,505,508,514,515,519,520,522,524,530,543,544,553,564,570,585,590,601,606,610,614,619,622,632,642,651,651,658,664,668,678,692,718,733,743,747,760,774,814,822,834,845,849,860,875,882,882,884,891,892,899,911,924,927,927,945,956,976,994,1001,1014,1022,1047,1060,1074,1096,1113,1130,1138,1177,1223,1246,1262,1262,1268,1287,1315,1331,1352,1375,1387,1394,1423,1443,1457,1484,1500,1569,1587,1600,1619,1659,1686,1701,1714,1727,1733,1752,1773,1799,1828,1854,1858,1880,1922,1925,1964,2086,2121,2169,2190,2236,2294,2353,2413,2490,2577,2606,2688,2786,2883,2999,3101,3273,3411,3517,3721,3906,4157,4461,4840,5003,5259,5574,5858,6287,6867,7393,7612,8270,8681,9424,10139,10839,11589,11989,12689,14389,15844,17403,19171,20214,21504,23047,23852,25394,27188,28916,30117,31102,32551,33382,33908,35471,36719,37882,39176,39803,40911,41586,43186,44086,44881,45551,46483,47510,48312,49249,49865,50150,50697,51456,52249,52962,53690,54043,54220,54636,55364,55982,56621,57366,57744,57923,58360,59001,59700,60234,60884,61183,61428,61952,62521,63118,63475,63743,63846,63972,64462,65071,65635,66023,66303,66510,66652,67099,67757,68088,68491,69003,69384,69522,69866,70359,70762,71117,71475,71793,71879,72145,72502,72825
21,PL76,0,0,0,0,0,0,0,0,0,0,0,0,0,0,0,0,0,0,0,0,0,0,0,0,0,0,0,0,0,0,0,0,0,0,0,0,0,0,0,1,1,1,1,1,1,1,1,1,1,1,2,2,2,3,9,9,9,11,16,21,23,30,31,33,33,36,42,47,48,50,56,59,62,62,66,69,74,76,78,78,79,79,81,81,81,81,82,84,85,85,85,85,87,87,87,87,87,87,87,88,90,90,90,92,92,92,92,92,92,92,92,92,92,92,92,92,92,95,97,99,103,108,111,111,113,114,116,116,118,120,122,122,124,124,126,126,129,129,129,130,131,132,133,133,140,140,140,143,144,145,145,145,146,147,149,149,149,151,151,151,151,151,151,152,152,152,155,180,186,234,239,245,257,261,278,284,309,319,328,332,341,350,357,362,366,370,380,390,401,410,419,432,437,450,458,479,504,524,550,552,553,555,563,573,581,589,603,611,619,620,625,629,629,635,639,651,660,672,689,697,706,715,722,735,749,751,752,756,762,768,773,780,786,791,796,800,804,819,827,837,852,860,877,897,912,924,930,969,985,1018,1046,1072,1128,1224,1278,1287,1299,1368,1401,1522,1616,1630,1794,1939,2116,2263,2420,2589,2682,2910,3193,3490,3939,4318,4630,4993,5316,5696,6017,6411,6909,7310,7605,7891,8325,8903,9400,9910,10380,10923,11573,12364,13052,13644,14404,14823,15400,15695,16281,16922,17484,18129,18701,19107,19374,19878,20386,20880,21278,21651,21910,22097,22484,22842,23324,23663,23988,24151,24325,24674,25141,25588,25961,26261,26468,26618,26941,27261,27688,28095,28415,28583,28724,29089,29488,29839,29950,30015,30064,30272,30621,31114,31457,31570,31739,31835,31928,32296,32675,32908,33201,33462,33652,33741,33984,34272,34490,34668,34915,35014,35099,35300,35517
22,PL77,0,0,0,0,0,0,0,0,0,0,0,0,0,0,0,0,0,0,0,0,0,0,0,0,0,0,0,0,0,0,0,0,0,0,0,0,0,0,0,0,0,0,0,0,1,1,1,1,1,1,1,2,5,6,7,14,16,24,33,49,56,69,93,112,150,174,192,209,230,262,308,327,349,371,399,433,453,486,505,518,537,561,575,596,630,646,679,707,734,766,788,812,821,841,852,876,897,913,934,944,976,997,1009,1019,1033,1043,1047,1071,1074,1084,1108,1117,1124,1128,1133,1148,1150,1165,1167,1171,1176,1176,1179,1181,1190,1198,1214,1224,1231,1241,1257,1278,1305,1327,1359,1389,1432,1452,1461,1474,1492,1508,1517,1529,1552,1564,1577,1600,1616,1622,1624,1629,1640,1657,1667,1685,1701,1745,1763,1792,1805,1834,1851,1863,1884,1912,1947,1966,2019,2048,2086,2130,2173,2233,2303,2379,2494,2534,2596,2646,2721,2820,2962,3071,3132,3223,3325,3458,3535,3692,3768,3846,3934,4024,4142,4286,4410,4518,4693,4764,4937,5073,5257,5407,5484,5568,5698,5838,5989,6145,6338,6436,6497,6638,6756,6989,7128,7256,7409,7488,7624,7738,7838,7958,8078,8168,8256,8353,8420,8519,8635,8728,8794,8846,8966,9077,9201,9293,9442,9545,9628,9740,9875,10058,10299,10558,10710,10844,11011,11216,11501,11783,12073,12258,12475,12743,13100,13648,14372,15003,15688,16378,17276,18413,19716,20821,22075,23009,24210,25696,27011,28342,29896,31378,32497,33641,35525,37690,39617,41531,43238,44718,46464,48570,50815,53157,55972,58422,61228,63878,66575,69522,71654,73925,76127,77986,79281,81005,82613,84283,86282,88495,89939,91340,91826,92759,93673,94541,95202,95642,95922,96408,97231,97877,98476,99024,99404,99618,100690,101254,101742,102214,102618,102928,103071,103303,103841,104192,104591,104982,105292,105499,105695,106223,106633,106843,107012,107127,107317,107568,108109,108496,108884,109165,109365,109559,109792,110417,110870,111222,111640,111900,112133,112369,112752,113089,113410,113703,113928,114234,114468,114748,115063
23,PL78,0,0,0,0,0,0,0,0,0,0,0,0,0,0,0,0,0,0,0,0,0,0,0,0,0,0,0,0,0,0,0,0,0,0,0,0,0,0,0,0,0,0,0,2,2,3,4,6,11,16,22,35,38,66,82,107,127,147,175,212,251,291,318,421,461,487,544,612,754,808,808,967,1065,1247,1314,1424,1501,1629,1664,1688,1715,1792,1846,1883,1936,1992,2030,2059,2098,2166,2206,2302,2348,2376,2391,2427,2452,2452,2477,2508,2553,2631,2673,2709,2731,2765,2791,2808,2829,2880,2902,2930,2949,2970,3003,3040,3082,3128,3157,3197,3217,3283,3359,3396,3461,3494,3546,3581,3628,3660,3688,3738,3796,3843,3879,3953,4033,4118,4172,4240,4306,4358,4414,4450,4507,4551,4635,4687,4726,4759,4799,4832,4857,4902,4943,4975,5002,5023,5043,5088,5124,5152,5169,5208,5214,5251,5301,5324,5369,5377,5449,5477,5499,5536,5572,5603,5650,5704,5763,5809,5913,5945,6007,6061,6119,6181,6224,6319,6423,6483,6554,6636,6685,6771,6878,6982,7113,7194,7247,7297,7373,7521,7664,7760,7833,7983,8045,8171,8267,8413,8563,8612,8666,8765,8871,8978,9108,9248,9295,9370,9459,9592,9685,9806,9874,9933,9958,10010,10071,10139,10217,10281,10366,10427,10525,10595,10763,10851,10939,11103,11223,11331,11495,11644,11939,12085,12278,12430,12581,12740,13008,13254,13531,13695,14031,14349,14876,15474,15995,16811,17244,17685,18237,19425,20731,21642,23127,24469,25318,26600,27762,29341,31416,33442,35292,36946,40475,43119,45374,48790,51928,54308,56526,59485,62282,65214,68165,71163,73262,74892,76874,78850,80596,82006,84425,86067,88503,90775,94115,97156,99835,102921,105528,107823,108989,110566,112351,114408,116394,117807,118466,119231,120857,122637,124280,125854,127024,127633,128593,130089,131790,133512,135034,136314,137029,137797,139258,140576,141998,143381,144486,145116,146000,147509,149338,150504,151245,151777,152186,153143,154743,156482,157935,158981,159884,160630,161454,163140,164609,165825,167158,168463,169090,169785,170854,172085,173031,174071,174887,175362,176045,176935,177809
24,PL79,0,0,0,0,0,0,0,0,0,0,0,0,0,0,0,0,0,0,0,0,0,0,0,0,0,0,0,0,0,0,0,0,0,0,0,0,0,0,0,0,0,0,0,0,0,0,1,2,2,4,4,6,8,9,10,10,10,14,19,21,23,26,28,31,43,54,70,75,78,90,90,94,101,107,116,125,130,143,151,171,206,219,230,254,271,276,292,298,324,330,345,352,363,373,378,390,394,398,407,422,435,440,450,459,475,478,490,495,498,502,510,527,535,544,551,555,568,576,586,590,593,598,601,610,622,631,642,643,652,666,685,693,701,720,728,737,747,760,763,772,790,795,803,811,818,824,834,838,852,852,857,866,889,892,913,932,940,941,948,955,964,967,972,973,976,980,986,995,1003,1009,1010,1012,1015,1019,1023,1028,1036,1040,1044,1064,1085,1093,1113,1129,1130,1146,1151,1168,1181,1188,1204,1207,1214,1235,1260,1286,1303,1316,1323,1343,1351,1366,1397,1404,1418,1441,1456,1468,1476,1501,1530,1535,1545,1555,1572,1588,1603,1611,1619,1630,1644,1652,1660,1669,1678,1714,1719,1726,1738,1762,1778,1792,1797,1823,1851,1870,1889,1908,1943,2027,2097,2125,2149,2168,2206,2238,2254,2289,2325,2361,2382,2438,2491,2535,2583,2636,2686,2776,2892,3033,3156,3309,3550,3783,4065,4286,4569,4881,5229,5536,5898,6302,6703,7261,7642,7977,8362,8757,9239,9789,10260,10721,11076,11521,12165,12879,13618,14383,15241,15832,16594,17504,18348,19150,19949,20553,21110,21842,22703,23385,24177,24880,25443,25936,26448,26907,27494,28030,28459,28891,29089,29450,29707,30176,30625,30984,31291,31486,31626,31850,32343,32680,32995,33128,33304,33433,33680,33931,34181,34403,34576,34714,34807,35057,35337,35595,35692,35791,35840,35960,36166,36513,36692,36874,36974,37058,37151,37373,37699,37795,37990,38171,38298,38414,38586,38821,39035,39257,39356,39481,39576,39714,39857
25,PL80,0,0,0,0,0,0,0,0,0,0,0,0,0,0,0,0,0,0,0,0,0,0,0,0,0,0,0,0,0,0,0,0,0,0,0,0,0,0,0,0,0,0,0,0,0,0,1,3,6,7,8,11,11,14,17,19,25,29,30,37,43,53,61,71,76,80,95,104,111,125,136,149,156,168,180,194,209,220,221,225,234,243,246,251,259,263,266,270,276,279,288,311,313,316,325,328,329,337,341,350,363,366,366,368,370,370,371,371,371,371,373,373,374,374,374,374,374,375,376,377,379,379,379,379,381,383,383,388,388,388,389,389,389,390,392,397,408,413,415,423,439,459,473,486,505,517,530,537,550,558,566,578,590,604,622,636,648,650,670,683,695,735,762,775,792,819,826,842,851,897,959,971,980,1016,1034,1059,1076,1098,1106,1123,1143,1150,1171,1183,1189,1208,1231,1276,1304,1330,1353,1395,1436,1468,1501,1536,1580,1608,1645,1661,1683,1729,1768,1804,1842,1879,1918,1951,1977,2023,2055,2100,2121,2180,2229,2262,2332,2374,2404,2436,2462,2508,2540,2632,2690,2723,2746,2762,2784,2801,2847,2886,2919,2960,2980,3014,3055,3102,3171,3233,3291,3321,3345,3407,3462,3534,3604,3677,3792,3886,3993,4211,4352,4493,4635,4772,4913,5169,5537,5884,6199,6533,6924,7243,7663,8226,8930,9651,10109,10776,11657,12434,13286,14177,15089,15818,16560,17599,18905,20179,21583,22824,23873,24802,26082,27635,29342,31288,33110,34370,35606,36758,38034,39298,40460,41386,42228,42779,43556,44652,45492,46364,47067,47607,48147,48737,49386,50176,50889,51228,51429,51775,52293,52706,53030,53285,53469,53624,53828,54081,54487,54747,55272,55476,55656,55962,56284,56572,56740,57106,57248,57380,57605,57824,58112,58324,58456,58524,58600,58685,58964,59248,59509,59726,59844,59960,60230,60884,61454,61944,62235,62449,62608,62716,62951,63184,63416,63610,63787,63870,64058,64250,64466
26,PL81,0,0,0,0,0,0,0,0,0,0,0,0,0,0,0,0,0,0,0,0,0,0,0,0,0,0,0,0,0,0,0,0,0,0,0,0,0,0,0,0,0,0,0,0,0,0,0,0,0,0,0,0,1,1,1,3,5,6,7,7,10,13,17,26,28,36,36,47,59,74,82,91,109,127,149,168,189,195,222,238,256,259,278,291,316,321,327,332,335,341,344,358,361,365,367,367,375,375,377,378,378,379,380,381,383,383,384,384,385,385,386,387,387,388,389,398,405,405,411,414,418,423,430,439,442,445,449,450,458,463,473,485,493,497,518,524,539,550,559,576,585,608,621,628,646,659,673,688,703,726,736,749,763,778,787,806,823,843,848,854,861,874,876,880,882,889,895,897,899,902,902,903,904,904,908,911,911,915,917,922,924,929,938,940,947,955,962,969,975,979,988,998,1013,1023,1040,1041,1053,1063,1071,1078,1085,1102,1133,1139,1142,1147,1157,1165,1177,1183,1190,1196,1204,1232,1245,1257,1262,1286,1290,1299,1309,1316,1326,1334,1345,1359,1378,1387,1392,1408,1441,1446,1463,1471,1482,1509,1532,1547,1571,1592,1605,1626,1648,1686,1740,1816,1881,1940,1997,2054,2118,2204,2330,2406,2496,2553,2637,2731,2848,3020,3130,3260,3443,3617,3756,3957,4106,4245,4528,4737,5005,5229,5455,5763,5975,6181,6607,6897,7755,8113,8725,9369,9912,10228,10853,11755,12335,12950,14003,14500,15214,15876,16819,17221,17916,18641,19128,19640,20120,20637,21359,22286,23151,23606,23915,24364,24828,25319,25800,26107,26225,26441,26834,27190,27563,27850,28073,28228,28421,28781,29145,29453,29809,30040,30118,30287,30657,30887,31153,31494,31672,31772,31944,32270,32595,32837,32952,33045,33115,33318,33744,34100,34407,34580,34751,34831,35020,35497,35769,36062,36360,36599,36674,36817,37150,37441,37718,37928,38049,38118,38244,38573,38799
27,PL82,0,0,0,0,0,0,0,0,0,0,0,0,0,0,0,0,0,0,0,0,0,0,0,0,0,0,0,0,0,0,0,0,0,0,0,0,0,0,0,0,0,0,0,0,0,0,0,0,0,2,2,2,8,9,9,10,14,17,21,22,22,28,32,36,45,48,54,60,70,82,104,117,125,135,143,153,157,163,171,175,175,179,181,185,207,209,215,219,231,243,257,296,346,357,394,424,428,434,440,444,444,451,460,468,477,478,481,485,489,491,492,493,500,502,502,503,508,513,517,527,533,540,542,546,548,552,552,553,558,559,559,560,564,568,569,569,574,579,579,581,587,588,588,590,596,599,601,603,615,617,636,643,646,649,653,657,666,667,667,677,681,685,687,688,690,693,693,702,706,711,713,715,715,718,726,741,745,746,761,774,778,787,810,829,832,847,875,887,902,919,943,963,980,997,1026,1067,1120,1160,1208,1238,1313,1374,1420,1489,1574,1626,1677,1737,1805,1894,1959,2045,2105,2198,2258,2329,2371,2416,2469,2544,2578,2620,2664,2705,2747,2792,2812,2838,2876,2908,2947,3026,3081,3127,3168,3221,3355,3428,3524,3579,3669,3752,3866,4009,4137,4288,4479,4629,4756,4950,5130,5358,5602,5825,6027,6226,6419,6732,7120,7482,7813,8097,8415,8759,9217,9764,10327,10754,11235,11719,12267,12977,13718,14494,14993,15665,16308,17209,18162,19211,20423,21443,22410,23727,25079,26220,27671,29342,30677,31799,32915,34236,35350,36771,38099,39145,40182,41507,42820,44319,45870,47585,48724,49683,50662,51788,52893,54151,55177,56155,56596,57039,58099,59325,60138,61107,61981,62316,62831,63764,64651,65798,66550,67553,68013,68508,69376,70327,71278,72318,73135,73684,74381,75349,76457,77123,77610,78146,78550,79033,80134,81422,82449,83236,83941,84564,85098,86246,87249,88236,89213,90223,90732,91315,92044,92922,93662,94403,95006,95474,95885,96467,97207
28,PL83,0,0,0,0,0,0,0,0,0,0,0,0,0,0,0,0,0,0,0,0,0,0,0,0,0,0,0,0,0,0,0,0,0,0,0,0,0,0,0,0,0,0,0,2,5,7,8,11,12,12,14,18,24,30,42,46,56,66,77,87,107,127,141,165,195,209,264,272,301,431,496,537,562,601,644,695,729,781,846,879,943,988,1070,1215,1240,1380,1451,1505,1551,1586,1683,1750,1824,1866,1960,2119,2239,2380,2446,2576,2656,2790,2947,3063,3242,3398,3569,3782,4235,4402,4704,4997,5162,5342,5547,5810,6085,6336,6621,6800,6985,7143,7417,7593,7731,7922,8150,8255,8451,8560,8669,8789,8966,9317,9642,9968,10105,10181,10338,10476,10685,10845,11033,11249,11407,11495,11586,11700,11828,11958,12087,12195,12320,12416,12497,12527,12605,12689,12858,13006,13086,13179,13266,13315,13406,13502,13586,13674,13751,13808,13873,13945,14035,14124,14210,14311,14366,14421,14561,14674,14784,14968,15156,15289,15439,15600,15783,15943,16170,16384,16575,16721,16943,17095,17232,17491,17699,17848,17946,18074,18219,18400,18560,18693,18801,18877,18962,19122,19298,19466,19619,19716,19814,19903,20017,20135,20239,20334,20420,20497,20550,20613,20684,20738,20786,20821,20852,20904,20961,21012,21057,21129,21182,21227,21289,21351,21415,21480,21544,21618,21663,21735,21817,21927,22053,22194,22287,22370,22494,22622,22770,22949,23170,23290,23415,23633,23919,24294,24784,25196,25550,25812,26253,26773,27595,28364,29129,30103,30788,31683,32691,33859,35164,36426,37560,38562,39860,41728,43722,45483,47757,49250,50612,53019,55184,59034,62976,67266,71511,75884,80160,84226,88137,91978,95431,99007,102329,104771,106985,111362,114028,116291,117902,118596,119541,121482,123306,124866,126268,127245,127666,128750,130244,131775,133130,134413,135321,135586,136438,137903,139154,140234,141227,141895,142167,142775,144115,145079,145997,146800,147494,147734,148453,149722,150724,151419,151704,151983,152207,153030,154329,155375,156260,156691,156979,157261,158001,159392,160247,160795,161631,162307,162540,163062,163880,164607,165208,165816,166224,166535,166903,167552,168041
29,PL84,0,0,0,0,0,0,0,0,0,0,0,0,0,0,0,0,0,0,0,0,0,0,0,0,0,0,0,0,0,0,0,0,0,0,0,0,0,0,0,0,0,0,0,0,0,0,0,0,0,2,3,3,3,4,5,6,7,7,8,8,14,15,22,27,34,37,49,55,62,79,81,93,103,120,127,129,130,136,141,141,154,170,175,193,203,210,227,238,247,248,254,255,258,261,264,266,270,270,271,278,282,300,300,303,312,321,325,325,328,337,337,340,341,341,352,353,357,361,366,374,381,391,398,407,431,438,472,479,485,492,501,510,511,514,514,554,568,579,584,595,597,610,624,635,657,675,686,697,703,718,720,741,749,751,765,775,789,797,801,808,821,823,828,838,842,845,850,854,854,857,860,862,865,868,878,878,884,889,918,925,929,937,944,947,949,955,960,965,967,974,976,984,1010,1013,1043,1054,1067,1078,1086,1097,1099,1111,1114,1155,1171,1181,1189,1193,1208,1230,1241,1249,1302,1322,1342,1360,1379,1406,1412,1426,1442,1457,1478,1493,1519,1534,1543,1554,1571,1589,1604,1621,1634,1638,1671,1679,1711,1738,1759,1777,1785,1806,1842,1878,1930,1971,2010,2028,2067,2117,2160,2193,2349,2419,2468,2607,2756,2915,3107,3325,3477,3664,3785,4040,4323,4637,5033,5244,5414,5726,5985,6471,7110,7522,7927,8243,8677,9213,9812,10419,11250,11512,11806,12357,13124,14074,15087,16318,16747,17091,17844,18344,19169,20089,21266,21951,22738,23362,24232,25177,26037,26797,27188,27552,27911,28214,28687,29093,29403,29673,29865,30129,30405,30758,31010,31219,31406,31475,31657,31835,32050,32268,32451,32583,32691,32865,33046,33277,33457,33621,33750,33815,33968,34130,34295,34384,34466,34517,34572,34701,34860,35053,35245,35343,35420,35479,35567,35785,35966,36055,36209,36360,36457,36565,36696,36860,36987,37107,37232,37305,37382,37507,37654
30,PL85,0,0,0,0,0,0,0,0,0,0,0,0,0,0,0,0,0,0,0,0,0,0,0,0,0,0,0,0,0,0,0,0,0,0,0,0,0,0,0,0,0,1,2,2,2,2,4,4,4,4,5,5,7,11,12,17,20,22,25,29,33,39,44,46,56,57,58,61,67,75,78,80,83,87,92,95,110,111,122,122,122,125,129,139,139,142,143,145,145,145,146,146,146,146,146,146,148,148,148,148,150,152,152,156,157,160,162,162,164,168,169,170,170,170,170,174,174,174,174,175,175,175,179,179,179,179,179,179,179,179,179,179,180,180,180,181,181,181,185,185,185,186,186,192,196,202,207,209,209,211,213,223,227,236,236,240,242,244,250,262,267,271,272,274,275,275,278,280,282,282,284,284,286,286,291,292,294,298,307,324,326,332,334,338,338,343,348,353,362,379,384,385,389,402,414,431,460,490,496,528,561,572,588,602,612,623,631,652,665,695,713,738,739,760,784,835,857,871,888,890,902,921,937,952,968,977,992,996,1014,1027,1044,1062,1075,1077,1098,1111,1140,1166,1188,1211,1222,1243,1277,1300,1387,1430,1512,1526,1576,1643,1745,1817,1893,1962,1990,2025,2144,2249,2351,2461,2567,2640,2719,2915,3106,3287,3511,3721,3911,4076,4424,4735,5100,5444,5784,6154,6455,6897,7422,8016,8753,9292,9874,10439,11061,11856,12682,13361,13919,14613,15262,15880,16795,17541,18531,19351,20391,20854,21642,22667,23722,24913,25803,26667,27140,27998,29208,30273,31223,31841,32168,32702,33487,34545,35509,36271,36963,37180,37708,38359,39256,40454,41190,41836,42111,42683,43498,44433,45260,45967,46579,46750,47328,48309,49147,49754,50069,50257,50393,51158,52146,53207,54032,54353,54729,54868,55469,56551,57260,57746,58674,59189,59399,59882,60508,61198,61618,62165,62452,62560,62914,63463,63878
31,PL86,0,0,0,0,0,0,0,0,0,0,0,0,0,0,0,0,0,0,0,0,0,0,0,0,0,0,0,0,0,0,0,0,0,0,0,0,0,0,0,0,0,0,0,0,1,1,2,5,6,7,7,11,13,13,15,18,31,37,41,42,57,69,90,99,108,132,148,169,195,213,233,273,327,349,394,431,477,535,564,649,683,785,829,880,898,1020,1050,1081,1099,1166,1236,1266,1307,1343,1376,1415,1441,1443,1494,1518,1529,1598,1616,1640,1655,1670,1672,1699,1710,1722,1735,1752,1757,1797,1810,1815,1899,1925,1941,1953,2021,2040,2059,2118,2133,2146,2147,2150,2155,2188,2206,2216,2219,2259,2273,2286,2300,2306,2333,2345,2369,2383,2400,2408,2420,2429,2440,2448,2455,2474,2501,2518,2527,2562,2610,2612,2643,2669,2776,2804,2850,2907,2942,2950,3025,3048,3076,3093,3136,3230,3250,3302,3322,3342,3388,3398,3419,3453,3476,3498,3513,3526,3560,3584,3596,3641,3655,3682,3741,3780,3852,3950,4044,4141,4230,4276,4330,4393,4457,4495,4534,4588,4631,4693,4743,4773,4815,4858,4938,5015,5096,5142,5195,5227,5321,5413,5505,5601,5669,5699,5729,5782,5830,5923,5982,6017,6038,6069,6097,6173,6230,6280,6353,6376,6404,6424,6498,6573,6667,6790,6842,6878,6954,7038,7122,7289,7391,7591,7672,7812,7985,8181,8405,8573,8753,8859,9101,9606,10042,10402,10782,11312,11646,12154,12989,13581,14639,15363,15786,16972,17727,19243,20293,21765,22616,23074,24651,27536,30169,33251,35580,36423,37679,39793,43745,47633,49696,52147,53992,55975,59821,62902,65134,68000,70742,72885,75285,76760,77934,80087,82345,84870,86940,88839,89469,90889,92557,94629,96377,97951,98483,99279,100856,102611,103991,105186,106282,106706,107286,108499,110171,111582,112614,113746,114138,114777,116150,117705,118853,120050,121201,121503,122077,123468,125076,126121,126639,127026,127335,127982,129567,131036,132285,133200,133695,134012,134814,136302,137911,138685,139836,140942,141388,141871,142885,143943,144711,145407,146235,146459,146872,147555,148295
32,PL87,0,0,0,0,0,0,0,0,0,0,0,0,0,0,0,0,0,0,0,0,0,0,0,0,0,0,0,0,0,0,0,0,0,0,0,0,0,0,0,0,0,2,2,2,2,2,2,3,5,5,6,6,8,8,9,9,10,12,16,27,31,33,40,51,57,59,69,79,89,89,100,106,117,133,165,174,184,191,193,203,211,217,223,230,249,266,277,279,288,304,336,343,355,370,376,380,396,401,406,414,428,441,452,460,464,469,473,474,480,486,488,491,492,494,497,502,503,513,515,519,520,521,525,527,527,531,535,536,536,541,548,550,553,553,554,554,560,565,567,569,576,581,583,588,591,591,595,596,597,597,599,603,604,608,609,609,609,611,611,611,613,620,621,621,622,622,623,631,635,635,637,638,642,645,645,653,656,660,667,673,683,687,688,695,697,703,715,722,726,741,746,761,776,793,812,826,847,862,873,899,913,919,927,948,966,980,996,1009,1021,1027,1038,1041,1045,1057,1075,1086,1096,1107,1115,1125,1132,1136,1153,1155,1169,1173,1176,1192,1203,1215,1226,1240,1242,1245,1262,1286,1327,1347,1378,1391,1403,1442,1458,1486,1547,1598,1655,1680,1738,1811,1869,1983,2045,2103,2144,2255,2401,2517,2647,2799,2954,3070,3221,3396,3573,3884,4224,4541,4758,4971,5256,5771,6329,6909,7383,7943,8464,8824,9373,10041,10776,11487,12059,12513,13260,14126,15029,16101,16824,17643,18381,19233,20001,21332,22377,23410,24520,25711,26857,28042,29318,30419,31379,32344,32801,33812,34803,35718,36620,37400,37999,38460,39211,40150,41149,42123,42797,43326,43812,44744,45700,46810,47783,48376,48937,49265,50329,51453,52409,53383,54156,54717,55108,56097,57103,58093,58650,58920,59202,59915,60911,61811,62762,63300,63818,64254,64823,65744,67068,67622,68465,69401,69971,70371,71071,71859,72608,73237,73561,73853,74245,74795,75264
33,PL,0,0,0,0,0,0,0,0,0,0,0,0,0,0,0,0,0,0,0,0,0,0,0,0,0,0,0,0,0,0,0,0,0,0,0,0,0,0,0,1,1,5,6,11,17,22,31,51,68,104,125,177,238,287,355,425,536,634,749,901,1051,1221,1389,1638,1862,2055,2311,2554,2946,3383,3627,4102,4413,4848,5205,5575,5955,6356,6674,6932,7202,7582,7918,8375,8709,9224,9530,9793,10106,10448,10829,11210,11554,11839,12155,12577,12877,13105,13375,13693,14006,14412,14723,15026,15363,15651,15996,16326,16882,17204,17615,18016,18257,18529,18885,19267,19738,20141,20612,20927,21288,21629,22072,22469,22821,23153,23565,23784,24159,24395,24687,25048,25410,25986,26561,27160,27560,27842,28201,28577,29017,29392,29788,30195,30645,30959,31311,31620,31931,32227,32527,32821,33110,33395,33714,33907,34154,34393,34775,35146,35405,35719,35950,36155,36412,36689,36951,37216,37521,37891,38190,38457,38721,39054,39407,39746,40104,40383,40782,41162,41580,42038,42622,43065,43402,43904,44416,45031,45688,46346,46894,47469,48149,48789,49515,50324,51167,51791,52410,52961,53676,54487,55319,56090,56684,57279,57876,58611,59378,60281,61181,61762,62310,63073,63802,64689,65480,66239,66870,67372,67922,68517,69129,69820,70387,70824,71126,71526,71947,72453,73047,73650,74152,74529,75134,75734,76571,77328,78330,79240,79988,80699,81673,82809,84396,85980,87330,88636,89962,91514,93481,95773,98140,100074,102080,104316,107319,111599,116338,121638,125816,130210,135278,141804,149903,157608,167230,175766,183248,192539,202579,214686,228318,241946,253688,263929,280229,299049,319205,340834,362731,379902,395480,414844,439536,466679,493765,521640,546425,568138,593592,618813,641496,665547,691118,712972,733788,752940,772823,796798,819262,843475,861331,875722,909066,924428,941115,958175,973353,984836,990569,999674,1013529,1028367,1041606,1054036,1063212,1067635,1075947,1088115,1101864,1114974,1126471,1135448,1140344,1147251,1159705,1171658,1182671,1193938,1202532,1207165,1214357,1226718,1239833,1248910,1253958,1257636,1260847,1268761,1281716,1295113,1306121,1313066,1318805,1323237,1330861,1345012,1357066,1365856,1376404,1385814,1390436,1396005,1405058,1414494,1422289,1429701,1435756,1439027,1443862,1450781,1457933
