forecast_date,target,target_end_date,location,location_name,type,quantile,value
2021-10-05,1 wk ahead inc death,2021-10-09,GM01,GM01,point,NA,31
2021-10-05,1 wk ahead inc death,2021-10-09,GM01,GM01,quantile,0.01,0
2021-10-05,1 wk ahead inc death,2021-10-09,GM01,GM01,quantile,0.025,0
2021-10-05,1 wk ahead inc death,2021-10-09,GM01,GM01,quantile,0.05,0
2021-10-05,1 wk ahead inc death,2021-10-09,GM01,GM01,quantile,0.1,0
2021-10-05,1 wk ahead inc death,2021-10-09,GM01,GM01,quantile,0.15,7
2021-10-05,1 wk ahead inc death,2021-10-09,GM01,GM01,quantile,0.2,13
2021-10-05,1 wk ahead inc death,2021-10-09,GM01,GM01,quantile,0.25,18
2021-10-05,1 wk ahead inc death,2021-10-09,GM01,GM01,quantile,0.3,20
2021-10-05,1 wk ahead inc death,2021-10-09,GM01,GM01,quantile,0.35,22
2021-10-05,1 wk ahead inc death,2021-10-09,GM01,GM01,quantile,0.4,26
2021-10-05,1 wk ahead inc death,2021-10-09,GM01,GM01,quantile,0.45,28
2021-10-05,1 wk ahead inc death,2021-10-09,GM01,GM01,quantile,0.5,31
2021-10-05,1 wk ahead inc death,2021-10-09,GM01,GM01,quantile,0.55,33
2021-10-05,1 wk ahead inc death,2021-10-09,GM01,GM01,quantile,0.6,34
2021-10-05,1 wk ahead inc death,2021-10-09,GM01,GM01,quantile,0.65,37
2021-10-05,1 wk ahead inc death,2021-10-09,GM01,GM01,quantile,0.7,37
2021-10-05,1 wk ahead inc death,2021-10-09,GM01,GM01,quantile,0.75,44
2021-10-05,1 wk ahead inc death,2021-10-09,GM01,GM01,quantile,0.8,46
2021-10-05,1 wk ahead inc death,2021-10-09,GM01,GM01,quantile,0.85,57
2021-10-05,1 wk ahead inc death,2021-10-09,GM01,GM01,quantile,0.9,67
2021-10-05,1 wk ahead inc death,2021-10-09,GM01,GM01,quantile,0.95,80
2021-10-05,1 wk ahead inc death,2021-10-09,GM01,GM01,quantile,0.975,84
2021-10-05,1 wk ahead inc death,2021-10-09,GM01,GM01,quantile,0.99,90
2021-10-05,1 wk ahead cum death,2021-10-09,GM01,GM01,point,NA,10722
2021-10-05,1 wk ahead cum death,2021-10-09,GM01,GM01,quantile,0.01,10691
2021-10-05,1 wk ahead cum death,2021-10-09,GM01,GM01,quantile,0.025,10691
2021-10-05,1 wk ahead cum death,2021-10-09,GM01,GM01,quantile,0.05,10691
2021-10-05,1 wk ahead cum death,2021-10-09,GM01,GM01,quantile,0.1,10691
2021-10-05,1 wk ahead cum death,2021-10-09,GM01,GM01,quantile,0.15,10698
2021-10-05,1 wk ahead cum death,2021-10-09,GM01,GM01,quantile,0.2,10704
2021-10-05,1 wk ahead cum death,2021-10-09,GM01,GM01,quantile,0.25,10709
2021-10-05,1 wk ahead cum death,2021-10-09,GM01,GM01,quantile,0.3,10711
2021-10-05,1 wk ahead cum death,2021-10-09,GM01,GM01,quantile,0.35,10713
2021-10-05,1 wk ahead cum death,2021-10-09,GM01,GM01,quantile,0.4,10717
2021-10-05,1 wk ahead cum death,2021-10-09,GM01,GM01,quantile,0.45,10719
2021-10-05,1 wk ahead cum death,2021-10-09,GM01,GM01,quantile,0.5,10722
2021-10-05,1 wk ahead cum death,2021-10-09,GM01,GM01,quantile,0.55,10724
2021-10-05,1 wk ahead cum death,2021-10-09,GM01,GM01,quantile,0.6,10725
2021-10-05,1 wk ahead cum death,2021-10-09,GM01,GM01,quantile,0.65,10728
2021-10-05,1 wk ahead cum death,2021-10-09,GM01,GM01,quantile,0.7,10728
2021-10-05,1 wk ahead cum death,2021-10-09,GM01,GM01,quantile,0.75,10735
2021-10-05,1 wk ahead cum death,2021-10-09,GM01,GM01,quantile,0.8,10737
2021-10-05,1 wk ahead cum death,2021-10-09,GM01,GM01,quantile,0.85,10748
2021-10-05,1 wk ahead cum death,2021-10-09,GM01,GM01,quantile,0.9,10758
2021-10-05,1 wk ahead cum death,2021-10-09,GM01,GM01,quantile,0.95,10771
2021-10-05,1 wk ahead cum death,2021-10-09,GM01,GM01,quantile,0.975,10775
2021-10-05,1 wk ahead cum death,2021-10-09,GM01,GM01,quantile,0.99,10781
2021-10-05,2 wk ahead inc death,2021-10-16,GM01,GM01,point,NA,34
2021-10-05,2 wk ahead inc death,2021-10-16,GM01,GM01,quantile,0.01,0
2021-10-05,2 wk ahead inc death,2021-10-16,GM01,GM01,quantile,0.025,0
2021-10-05,2 wk ahead inc death,2021-10-16,GM01,GM01,quantile,0.05,0
2021-10-05,2 wk ahead inc death,2021-10-16,GM01,GM01,quantile,0.1,2
2021-10-05,2 wk ahead inc death,2021-10-16,GM01,GM01,quantile,0.15,9
2021-10-05,2 wk ahead inc death,2021-10-16,GM01,GM01,quantile,0.2,10
2021-10-05,2 wk ahead inc death,2021-10-16,GM01,GM01,quantile,0.25,16
2021-10-05,2 wk ahead inc death,2021-10-16,GM01,GM01,quantile,0.3,21
2021-10-05,2 wk ahead inc death,2021-10-16,GM01,GM01,quantile,0.35,27
2021-10-05,2 wk ahead inc death,2021-10-16,GM01,GM01,quantile,0.4,30
2021-10-05,2 wk ahead inc death,2021-10-16,GM01,GM01,quantile,0.45,32
2021-10-05,2 wk ahead inc death,2021-10-16,GM01,GM01,quantile,0.5,34
2021-10-05,2 wk ahead inc death,2021-10-16,GM01,GM01,quantile,0.55,35
2021-10-05,2 wk ahead inc death,2021-10-16,GM01,GM01,quantile,0.6,41
2021-10-05,2 wk ahead inc death,2021-10-16,GM01,GM01,quantile,0.65,43
2021-10-05,2 wk ahead inc death,2021-10-16,GM01,GM01,quantile,0.7,48
2021-10-05,2 wk ahead inc death,2021-10-16,GM01,GM01,quantile,0.75,51
2021-10-05,2 wk ahead inc death,2021-10-16,GM01,GM01,quantile,0.8,58
2021-10-05,2 wk ahead inc death,2021-10-16,GM01,GM01,quantile,0.85,61
2021-10-05,2 wk ahead inc death,2021-10-16,GM01,GM01,quantile,0.9,67
2021-10-05,2 wk ahead inc death,2021-10-16,GM01,GM01,quantile,0.95,76
2021-10-05,2 wk ahead inc death,2021-10-16,GM01,GM01,quantile,0.975,91
2021-10-05,2 wk ahead inc death,2021-10-16,GM01,GM01,quantile,0.99,99
2021-10-05,2 wk ahead cum death,2021-10-16,GM01,GM01,point,NA,10756
2021-10-05,2 wk ahead cum death,2021-10-16,GM01,GM01,quantile,0.01,10722
2021-10-05,2 wk ahead cum death,2021-10-16,GM01,GM01,quantile,0.025,10722
2021-10-05,2 wk ahead cum death,2021-10-16,GM01,GM01,quantile,0.05,10722
2021-10-05,2 wk ahead cum death,2021-10-16,GM01,GM01,quantile,0.1,10724
2021-10-05,2 wk ahead cum death,2021-10-16,GM01,GM01,quantile,0.15,10731
2021-10-05,2 wk ahead cum death,2021-10-16,GM01,GM01,quantile,0.2,10732
2021-10-05,2 wk ahead cum death,2021-10-16,GM01,GM01,quantile,0.25,10738
2021-10-05,2 wk ahead cum death,2021-10-16,GM01,GM01,quantile,0.3,10743
2021-10-05,2 wk ahead cum death,2021-10-16,GM01,GM01,quantile,0.35,10749
2021-10-05,2 wk ahead cum death,2021-10-16,GM01,GM01,quantile,0.4,10752
2021-10-05,2 wk ahead cum death,2021-10-16,GM01,GM01,quantile,0.45,10754
2021-10-05,2 wk ahead cum death,2021-10-16,GM01,GM01,quantile,0.5,10756
2021-10-05,2 wk ahead cum death,2021-10-16,GM01,GM01,quantile,0.55,10757
2021-10-05,2 wk ahead cum death,2021-10-16,GM01,GM01,quantile,0.6,10763
2021-10-05,2 wk ahead cum death,2021-10-16,GM01,GM01,quantile,0.65,10765
2021-10-05,2 wk ahead cum death,2021-10-16,GM01,GM01,quantile,0.7,10770
2021-10-05,2 wk ahead cum death,2021-10-16,GM01,GM01,quantile,0.75,10773
2021-10-05,2 wk ahead cum death,2021-10-16,GM01,GM01,quantile,0.8,10780
2021-10-05,2 wk ahead cum death,2021-10-16,GM01,GM01,quantile,0.85,10783
2021-10-05,2 wk ahead cum death,2021-10-16,GM01,GM01,quantile,0.9,10789
2021-10-05,2 wk ahead cum death,2021-10-16,GM01,GM01,quantile,0.95,10798
2021-10-05,2 wk ahead cum death,2021-10-16,GM01,GM01,quantile,0.975,10813
2021-10-05,2 wk ahead cum death,2021-10-16,GM01,GM01,quantile,0.99,10821
2021-10-05,3 wk ahead inc death,2021-10-23,GM01,GM01,point,NA,31
2021-10-05,3 wk ahead inc death,2021-10-23,GM01,GM01,quantile,0.01,0
2021-10-05,3 wk ahead inc death,2021-10-23,GM01,GM01,quantile,0.025,0
2021-10-05,3 wk ahead inc death,2021-10-23,GM01,GM01,quantile,0.05,0
2021-10-05,3 wk ahead inc death,2021-10-23,GM01,GM01,quantile,0.1,0
2021-10-05,3 wk ahead inc death,2021-10-23,GM01,GM01,quantile,0.15,4
2021-10-05,3 wk ahead inc death,2021-10-23,GM01,GM01,quantile,0.2,10
2021-10-05,3 wk ahead inc death,2021-10-23,GM01,GM01,quantile,0.25,16
2021-10-05,3 wk ahead inc death,2021-10-23,GM01,GM01,quantile,0.3,20
2021-10-05,3 wk ahead inc death,2021-10-23,GM01,GM01,quantile,0.35,22
2021-10-05,3 wk ahead inc death,2021-10-23,GM01,GM01,quantile,0.4,25
2021-10-05,3 wk ahead inc death,2021-10-23,GM01,GM01,quantile,0.45,29
2021-10-05,3 wk ahead inc death,2021-10-23,GM01,GM01,quantile,0.5,31
2021-10-05,3 wk ahead inc death,2021-10-23,GM01,GM01,quantile,0.55,34
2021-10-05,3 wk ahead inc death,2021-10-23,GM01,GM01,quantile,0.6,35
2021-10-05,3 wk ahead inc death,2021-10-23,GM01,GM01,quantile,0.65,37
2021-10-05,3 wk ahead inc death,2021-10-23,GM01,GM01,quantile,0.7,39
2021-10-05,3 wk ahead inc death,2021-10-23,GM01,GM01,quantile,0.75,45
2021-10-05,3 wk ahead inc death,2021-10-23,GM01,GM01,quantile,0.8,47
2021-10-05,3 wk ahead inc death,2021-10-23,GM01,GM01,quantile,0.85,57
2021-10-05,3 wk ahead inc death,2021-10-23,GM01,GM01,quantile,0.9,71
2021-10-05,3 wk ahead inc death,2021-10-23,GM01,GM01,quantile,0.95,82
2021-10-05,3 wk ahead inc death,2021-10-23,GM01,GM01,quantile,0.975,86
2021-10-05,3 wk ahead inc death,2021-10-23,GM01,GM01,quantile,0.99,92
2021-10-05,3 wk ahead cum death,2021-10-23,GM01,GM01,point,NA,10787
2021-10-05,3 wk ahead cum death,2021-10-23,GM01,GM01,quantile,0.01,10756
2021-10-05,3 wk ahead cum death,2021-10-23,GM01,GM01,quantile,0.025,10756
2021-10-05,3 wk ahead cum death,2021-10-23,GM01,GM01,quantile,0.05,10756
2021-10-05,3 wk ahead cum death,2021-10-23,GM01,GM01,quantile,0.1,10756
2021-10-05,3 wk ahead cum death,2021-10-23,GM01,GM01,quantile,0.15,10760
2021-10-05,3 wk ahead cum death,2021-10-23,GM01,GM01,quantile,0.2,10766
2021-10-05,3 wk ahead cum death,2021-10-23,GM01,GM01,quantile,0.25,10772
2021-10-05,3 wk ahead cum death,2021-10-23,GM01,GM01,quantile,0.3,10776
2021-10-05,3 wk ahead cum death,2021-10-23,GM01,GM01,quantile,0.35,10778
2021-10-05,3 wk ahead cum death,2021-10-23,GM01,GM01,quantile,0.4,10781
2021-10-05,3 wk ahead cum death,2021-10-23,GM01,GM01,quantile,0.45,10785
2021-10-05,3 wk ahead cum death,2021-10-23,GM01,GM01,quantile,0.5,10787
2021-10-05,3 wk ahead cum death,2021-10-23,GM01,GM01,quantile,0.55,10790
2021-10-05,3 wk ahead cum death,2021-10-23,GM01,GM01,quantile,0.6,10791
2021-10-05,3 wk ahead cum death,2021-10-23,GM01,GM01,quantile,0.65,10793
2021-10-05,3 wk ahead cum death,2021-10-23,GM01,GM01,quantile,0.7,10795
2021-10-05,3 wk ahead cum death,2021-10-23,GM01,GM01,quantile,0.75,10801
2021-10-05,3 wk ahead cum death,2021-10-23,GM01,GM01,quantile,0.8,10803
2021-10-05,3 wk ahead cum death,2021-10-23,GM01,GM01,quantile,0.85,10813
2021-10-05,3 wk ahead cum death,2021-10-23,GM01,GM01,quantile,0.9,10827
2021-10-05,3 wk ahead cum death,2021-10-23,GM01,GM01,quantile,0.95,10838
2021-10-05,3 wk ahead cum death,2021-10-23,GM01,GM01,quantile,0.975,10842
2021-10-05,3 wk ahead cum death,2021-10-23,GM01,GM01,quantile,0.99,10848
2021-10-05,4 wk ahead inc death,2021-10-30,GM01,GM01,point,NA,31
2021-10-05,4 wk ahead inc death,2021-10-30,GM01,GM01,quantile,0.01,0
2021-10-05,4 wk ahead inc death,2021-10-30,GM01,GM01,quantile,0.025,0
2021-10-05,4 wk ahead inc death,2021-10-30,GM01,GM01,quantile,0.05,0
2021-10-05,4 wk ahead inc death,2021-10-30,GM01,GM01,quantile,0.1,0
2021-10-05,4 wk ahead inc death,2021-10-30,GM01,GM01,quantile,0.15,0
2021-10-05,4 wk ahead inc death,2021-10-30,GM01,GM01,quantile,0.2,7
2021-10-05,4 wk ahead inc death,2021-10-30,GM01,GM01,quantile,0.25,14
2021-10-05,4 wk ahead inc death,2021-10-30,GM01,GM01,quantile,0.3,18
2021-10-05,4 wk ahead inc death,2021-10-30,GM01,GM01,quantile,0.35,21
2021-10-05,4 wk ahead inc death,2021-10-30,GM01,GM01,quantile,0.4,25
2021-10-05,4 wk ahead inc death,2021-10-30,GM01,GM01,quantile,0.45,28
2021-10-05,4 wk ahead inc death,2021-10-30,GM01,GM01,quantile,0.5,31
2021-10-05,4 wk ahead inc death,2021-10-30,GM01,GM01,quantile,0.55,33
2021-10-05,4 wk ahead inc death,2021-10-30,GM01,GM01,quantile,0.6,34
2021-10-05,4 wk ahead inc death,2021-10-30,GM01,GM01,quantile,0.65,37
2021-10-05,4 wk ahead inc death,2021-10-30,GM01,GM01,quantile,0.7,40
2021-10-05,4 wk ahead inc death,2021-10-30,GM01,GM01,quantile,0.75,44
2021-10-05,4 wk ahead inc death,2021-10-30,GM01,GM01,quantile,0.8,46
2021-10-05,4 wk ahead inc death,2021-10-30,GM01,GM01,quantile,0.85,58
2021-10-05,4 wk ahead inc death,2021-10-30,GM01,GM01,quantile,0.9,75
2021-10-05,4 wk ahead inc death,2021-10-30,GM01,GM01,quantile,0.95,81
2021-10-05,4 wk ahead inc death,2021-10-30,GM01,GM01,quantile,0.975,86
2021-10-05,4 wk ahead inc death,2021-10-30,GM01,GM01,quantile,0.99,90
2021-10-05,4 wk ahead cum death,2021-10-30,GM01,GM01,point,NA,10818
2021-10-05,4 wk ahead cum death,2021-10-30,GM01,GM01,quantile,0.01,10787
2021-10-05,4 wk ahead cum death,2021-10-30,GM01,GM01,quantile,0.025,10787
2021-10-05,4 wk ahead cum death,2021-10-30,GM01,GM01,quantile,0.05,10787
2021-10-05,4 wk ahead cum death,2021-10-30,GM01,GM01,quantile,0.1,10787
2021-10-05,4 wk ahead cum death,2021-10-30,GM01,GM01,quantile,0.15,10787
2021-10-05,4 wk ahead cum death,2021-10-30,GM01,GM01,quantile,0.2,10794
2021-10-05,4 wk ahead cum death,2021-10-30,GM01,GM01,quantile,0.25,10801
2021-10-05,4 wk ahead cum death,2021-10-30,GM01,GM01,quantile,0.3,10805
2021-10-05,4 wk ahead cum death,2021-10-30,GM01,GM01,quantile,0.35,10808
2021-10-05,4 wk ahead cum death,2021-10-30,GM01,GM01,quantile,0.4,10812
2021-10-05,4 wk ahead cum death,2021-10-30,GM01,GM01,quantile,0.45,10815
2021-10-05,4 wk ahead cum death,2021-10-30,GM01,GM01,quantile,0.5,10818
2021-10-05,4 wk ahead cum death,2021-10-30,GM01,GM01,quantile,0.55,10820
2021-10-05,4 wk ahead cum death,2021-10-30,GM01,GM01,quantile,0.6,10821
2021-10-05,4 wk ahead cum death,2021-10-30,GM01,GM01,quantile,0.65,10824
2021-10-05,4 wk ahead cum death,2021-10-30,GM01,GM01,quantile,0.7,10827
2021-10-05,4 wk ahead cum death,2021-10-30,GM01,GM01,quantile,0.75,10831
2021-10-05,4 wk ahead cum death,2021-10-30,GM01,GM01,quantile,0.8,10833
2021-10-05,4 wk ahead cum death,2021-10-30,GM01,GM01,quantile,0.85,10845
2021-10-05,4 wk ahead cum death,2021-10-30,GM01,GM01,quantile,0.9,10862
2021-10-05,4 wk ahead cum death,2021-10-30,GM01,GM01,quantile,0.95,10868
2021-10-05,4 wk ahead cum death,2021-10-30,GM01,GM01,quantile,0.975,10873
2021-10-05,4 wk ahead cum death,2021-10-30,GM01,GM01,quantile,0.99,10877
2021-10-05,1 wk ahead inc death,2021-10-09,GM02,GM02,point,NA,85
2021-10-05,1 wk ahead inc death,2021-10-09,GM02,GM02,quantile,0.01,39
2021-10-05,1 wk ahead inc death,2021-10-09,GM02,GM02,quantile,0.025,46
2021-10-05,1 wk ahead inc death,2021-10-09,GM02,GM02,quantile,0.05,58
2021-10-05,1 wk ahead inc death,2021-10-09,GM02,GM02,quantile,0.1,66
2021-10-05,1 wk ahead inc death,2021-10-09,GM02,GM02,quantile,0.15,68
2021-10-05,1 wk ahead inc death,2021-10-09,GM02,GM02,quantile,0.2,74
2021-10-05,1 wk ahead inc death,2021-10-09,GM02,GM02,quantile,0.25,80
2021-10-05,1 wk ahead inc death,2021-10-09,GM02,GM02,quantile,0.3,81
2021-10-05,1 wk ahead inc death,2021-10-09,GM02,GM02,quantile,0.35,81
2021-10-05,1 wk ahead inc death,2021-10-09,GM02,GM02,quantile,0.4,83
2021-10-05,1 wk ahead inc death,2021-10-09,GM02,GM02,quantile,0.45,84
2021-10-05,1 wk ahead inc death,2021-10-09,GM02,GM02,quantile,0.5,85
2021-10-05,1 wk ahead inc death,2021-10-09,GM02,GM02,quantile,0.55,85
2021-10-05,1 wk ahead inc death,2021-10-09,GM02,GM02,quantile,0.6,86
2021-10-05,1 wk ahead inc death,2021-10-09,GM02,GM02,quantile,0.65,89
2021-10-05,1 wk ahead inc death,2021-10-09,GM02,GM02,quantile,0.7,90
2021-10-05,1 wk ahead inc death,2021-10-09,GM02,GM02,quantile,0.75,93
2021-10-05,1 wk ahead inc death,2021-10-09,GM02,GM02,quantile,0.8,99
2021-10-05,1 wk ahead inc death,2021-10-09,GM02,GM02,quantile,0.85,100
2021-10-05,1 wk ahead inc death,2021-10-09,GM02,GM02,quantile,0.9,107
2021-10-05,1 wk ahead inc death,2021-10-09,GM02,GM02,quantile,0.95,112
2021-10-05,1 wk ahead inc death,2021-10-09,GM02,GM02,quantile,0.975,118
2021-10-05,1 wk ahead inc death,2021-10-09,GM02,GM02,quantile,0.99,125
2021-10-05,1 wk ahead cum death,2021-10-09,GM02,GM02,point,NA,15752
2021-10-05,1 wk ahead cum death,2021-10-09,GM02,GM02,quantile,0.01,15706
2021-10-05,1 wk ahead cum death,2021-10-09,GM02,GM02,quantile,0.025,15713
2021-10-05,1 wk ahead cum death,2021-10-09,GM02,GM02,quantile,0.05,15725
2021-10-05,1 wk ahead cum death,2021-10-09,GM02,GM02,quantile,0.1,15733
2021-10-05,1 wk ahead cum death,2021-10-09,GM02,GM02,quantile,0.15,15735
2021-10-05,1 wk ahead cum death,2021-10-09,GM02,GM02,quantile,0.2,15741
2021-10-05,1 wk ahead cum death,2021-10-09,GM02,GM02,quantile,0.25,15747
2021-10-05,1 wk ahead cum death,2021-10-09,GM02,GM02,quantile,0.3,15748
2021-10-05,1 wk ahead cum death,2021-10-09,GM02,GM02,quantile,0.35,15748
2021-10-05,1 wk ahead cum death,2021-10-09,GM02,GM02,quantile,0.4,15750
2021-10-05,1 wk ahead cum death,2021-10-09,GM02,GM02,quantile,0.45,15751
2021-10-05,1 wk ahead cum death,2021-10-09,GM02,GM02,quantile,0.5,15752
2021-10-05,1 wk ahead cum death,2021-10-09,GM02,GM02,quantile,0.55,15752
2021-10-05,1 wk ahead cum death,2021-10-09,GM02,GM02,quantile,0.6,15753
2021-10-05,1 wk ahead cum death,2021-10-09,GM02,GM02,quantile,0.65,15756
2021-10-05,1 wk ahead cum death,2021-10-09,GM02,GM02,quantile,0.7,15757
2021-10-05,1 wk ahead cum death,2021-10-09,GM02,GM02,quantile,0.75,15760
2021-10-05,1 wk ahead cum death,2021-10-09,GM02,GM02,quantile,0.8,15766
2021-10-05,1 wk ahead cum death,2021-10-09,GM02,GM02,quantile,0.85,15767
2021-10-05,1 wk ahead cum death,2021-10-09,GM02,GM02,quantile,0.9,15774
2021-10-05,1 wk ahead cum death,2021-10-09,GM02,GM02,quantile,0.95,15779
2021-10-05,1 wk ahead cum death,2021-10-09,GM02,GM02,quantile,0.975,15785
2021-10-05,1 wk ahead cum death,2021-10-09,GM02,GM02,quantile,0.99,15792
2021-10-05,2 wk ahead inc death,2021-10-16,GM02,GM02,point,NA,70
2021-10-05,2 wk ahead inc death,2021-10-16,GM02,GM02,quantile,0.01,22
2021-10-05,2 wk ahead inc death,2021-10-16,GM02,GM02,quantile,0.025,30
2021-10-05,2 wk ahead inc death,2021-10-16,GM02,GM02,quantile,0.05,38
2021-10-05,2 wk ahead inc death,2021-10-16,GM02,GM02,quantile,0.1,52
2021-10-05,2 wk ahead inc death,2021-10-16,GM02,GM02,quantile,0.15,61
2021-10-05,2 wk ahead inc death,2021-10-16,GM02,GM02,quantile,0.2,61
2021-10-05,2 wk ahead inc death,2021-10-16,GM02,GM02,quantile,0.25,62
2021-10-05,2 wk ahead inc death,2021-10-16,GM02,GM02,quantile,0.3,65
2021-10-05,2 wk ahead inc death,2021-10-16,GM02,GM02,quantile,0.35,65
2021-10-05,2 wk ahead inc death,2021-10-16,GM02,GM02,quantile,0.4,67
2021-10-05,2 wk ahead inc death,2021-10-16,GM02,GM02,quantile,0.45,69
2021-10-05,2 wk ahead inc death,2021-10-16,GM02,GM02,quantile,0.5,70
2021-10-05,2 wk ahead inc death,2021-10-16,GM02,GM02,quantile,0.55,70
2021-10-05,2 wk ahead inc death,2021-10-16,GM02,GM02,quantile,0.6,73
2021-10-05,2 wk ahead inc death,2021-10-16,GM02,GM02,quantile,0.65,77
2021-10-05,2 wk ahead inc death,2021-10-16,GM02,GM02,quantile,0.7,79
2021-10-05,2 wk ahead inc death,2021-10-16,GM02,GM02,quantile,0.75,82
2021-10-05,2 wk ahead inc death,2021-10-16,GM02,GM02,quantile,0.8,86
2021-10-05,2 wk ahead inc death,2021-10-16,GM02,GM02,quantile,0.85,90
2021-10-05,2 wk ahead inc death,2021-10-16,GM02,GM02,quantile,0.9,93
2021-10-05,2 wk ahead inc death,2021-10-16,GM02,GM02,quantile,0.95,101
2021-10-05,2 wk ahead inc death,2021-10-16,GM02,GM02,quantile,0.975,104
2021-10-05,2 wk ahead inc death,2021-10-16,GM02,GM02,quantile,0.99,106
2021-10-05,2 wk ahead cum death,2021-10-16,GM02,GM02,point,NA,15822
2021-10-05,2 wk ahead cum death,2021-10-16,GM02,GM02,quantile,0.01,15774
2021-10-05,2 wk ahead cum death,2021-10-16,GM02,GM02,quantile,0.025,15782
2021-10-05,2 wk ahead cum death,2021-10-16,GM02,GM02,quantile,0.05,15790
2021-10-05,2 wk ahead cum death,2021-10-16,GM02,GM02,quantile,0.1,15804
2021-10-05,2 wk ahead cum death,2021-10-16,GM02,GM02,quantile,0.15,15813
2021-10-05,2 wk ahead cum death,2021-10-16,GM02,GM02,quantile,0.2,15813
2021-10-05,2 wk ahead cum death,2021-10-16,GM02,GM02,quantile,0.25,15814
2021-10-05,2 wk ahead cum death,2021-10-16,GM02,GM02,quantile,0.3,15817
2021-10-05,2 wk ahead cum death,2021-10-16,GM02,GM02,quantile,0.35,15817
2021-10-05,2 wk ahead cum death,2021-10-16,GM02,GM02,quantile,0.4,15819
2021-10-05,2 wk ahead cum death,2021-10-16,GM02,GM02,quantile,0.45,15821
2021-10-05,2 wk ahead cum death,2021-10-16,GM02,GM02,quantile,0.5,15822
2021-10-05,2 wk ahead cum death,2021-10-16,GM02,GM02,quantile,0.55,15822
2021-10-05,2 wk ahead cum death,2021-10-16,GM02,GM02,quantile,0.6,15825
2021-10-05,2 wk ahead cum death,2021-10-16,GM02,GM02,quantile,0.65,15829
2021-10-05,2 wk ahead cum death,2021-10-16,GM02,GM02,quantile,0.7,15831
2021-10-05,2 wk ahead cum death,2021-10-16,GM02,GM02,quantile,0.75,15834
2021-10-05,2 wk ahead cum death,2021-10-16,GM02,GM02,quantile,0.8,15838
2021-10-05,2 wk ahead cum death,2021-10-16,GM02,GM02,quantile,0.85,15842
2021-10-05,2 wk ahead cum death,2021-10-16,GM02,GM02,quantile,0.9,15845
2021-10-05,2 wk ahead cum death,2021-10-16,GM02,GM02,quantile,0.95,15853
2021-10-05,2 wk ahead cum death,2021-10-16,GM02,GM02,quantile,0.975,15856
2021-10-05,2 wk ahead cum death,2021-10-16,GM02,GM02,quantile,0.99,15858
2021-10-05,3 wk ahead inc death,2021-10-23,GM02,GM02,point,NA,74
2021-10-05,3 wk ahead inc death,2021-10-23,GM02,GM02,quantile,0.01,25
2021-10-05,3 wk ahead inc death,2021-10-23,GM02,GM02,quantile,0.025,33
2021-10-05,3 wk ahead inc death,2021-10-23,GM02,GM02,quantile,0.05,43
2021-10-05,3 wk ahead inc death,2021-10-23,GM02,GM02,quantile,0.1,54
2021-10-05,3 wk ahead inc death,2021-10-23,GM02,GM02,quantile,0.15,65
2021-10-05,3 wk ahead inc death,2021-10-23,GM02,GM02,quantile,0.2,66
2021-10-05,3 wk ahead inc death,2021-10-23,GM02,GM02,quantile,0.25,66
2021-10-05,3 wk ahead inc death,2021-10-23,GM02,GM02,quantile,0.3,68
2021-10-05,3 wk ahead inc death,2021-10-23,GM02,GM02,quantile,0.35,70
2021-10-05,3 wk ahead inc death,2021-10-23,GM02,GM02,quantile,0.4,70
2021-10-05,3 wk ahead inc death,2021-10-23,GM02,GM02,quantile,0.45,71
2021-10-05,3 wk ahead inc death,2021-10-23,GM02,GM02,quantile,0.5,74
2021-10-05,3 wk ahead inc death,2021-10-23,GM02,GM02,quantile,0.55,75
2021-10-05,3 wk ahead inc death,2021-10-23,GM02,GM02,quantile,0.6,77
2021-10-05,3 wk ahead inc death,2021-10-23,GM02,GM02,quantile,0.65,82
2021-10-05,3 wk ahead inc death,2021-10-23,GM02,GM02,quantile,0.7,84
2021-10-05,3 wk ahead inc death,2021-10-23,GM02,GM02,quantile,0.75,87
2021-10-05,3 wk ahead inc death,2021-10-23,GM02,GM02,quantile,0.8,91
2021-10-05,3 wk ahead inc death,2021-10-23,GM02,GM02,quantile,0.85,95
2021-10-05,3 wk ahead inc death,2021-10-23,GM02,GM02,quantile,0.9,99
2021-10-05,3 wk ahead inc death,2021-10-23,GM02,GM02,quantile,0.95,106
2021-10-05,3 wk ahead inc death,2021-10-23,GM02,GM02,quantile,0.975,110
2021-10-05,3 wk ahead inc death,2021-10-23,GM02,GM02,quantile,0.99,112
2021-10-05,3 wk ahead cum death,2021-10-23,GM02,GM02,point,NA,15896
2021-10-05,3 wk ahead cum death,2021-10-23,GM02,GM02,quantile,0.01,15847
2021-10-05,3 wk ahead cum death,2021-10-23,GM02,GM02,quantile,0.025,15855
2021-10-05,3 wk ahead cum death,2021-10-23,GM02,GM02,quantile,0.05,15865
2021-10-05,3 wk ahead cum death,2021-10-23,GM02,GM02,quantile,0.1,15876
2021-10-05,3 wk ahead cum death,2021-10-23,GM02,GM02,quantile,0.15,15887
2021-10-05,3 wk ahead cum death,2021-10-23,GM02,GM02,quantile,0.2,15888
2021-10-05,3 wk ahead cum death,2021-10-23,GM02,GM02,quantile,0.25,15888
2021-10-05,3 wk ahead cum death,2021-10-23,GM02,GM02,quantile,0.3,15890
2021-10-05,3 wk ahead cum death,2021-10-23,GM02,GM02,quantile,0.35,15892
2021-10-05,3 wk ahead cum death,2021-10-23,GM02,GM02,quantile,0.4,15892
2021-10-05,3 wk ahead cum death,2021-10-23,GM02,GM02,quantile,0.45,15893
2021-10-05,3 wk ahead cum death,2021-10-23,GM02,GM02,quantile,0.5,15896
2021-10-05,3 wk ahead cum death,2021-10-23,GM02,GM02,quantile,0.55,15897
2021-10-05,3 wk ahead cum death,2021-10-23,GM02,GM02,quantile,0.6,15899
2021-10-05,3 wk ahead cum death,2021-10-23,GM02,GM02,quantile,0.65,15904
2021-10-05,3 wk ahead cum death,2021-10-23,GM02,GM02,quantile,0.7,15906
2021-10-05,3 wk ahead cum death,2021-10-23,GM02,GM02,quantile,0.75,15909
2021-10-05,3 wk ahead cum death,2021-10-23,GM02,GM02,quantile,0.8,15913
2021-10-05,3 wk ahead cum death,2021-10-23,GM02,GM02,quantile,0.85,15917
2021-10-05,3 wk ahead cum death,2021-10-23,GM02,GM02,quantile,0.9,15921
2021-10-05,3 wk ahead cum death,2021-10-23,GM02,GM02,quantile,0.95,15928
2021-10-05,3 wk ahead cum death,2021-10-23,GM02,GM02,quantile,0.975,15932
2021-10-05,3 wk ahead cum death,2021-10-23,GM02,GM02,quantile,0.99,15934
2021-10-05,4 wk ahead inc death,2021-10-30,GM02,GM02,point,NA,68
2021-10-05,4 wk ahead inc death,2021-10-30,GM02,GM02,quantile,0.01,0
2021-10-05,4 wk ahead inc death,2021-10-30,GM02,GM02,quantile,0.025,4
2021-10-05,4 wk ahead inc death,2021-10-30,GM02,GM02,quantile,0.05,25
2021-10-05,4 wk ahead inc death,2021-10-30,GM02,GM02,quantile,0.1,38
2021-10-05,4 wk ahead inc death,2021-10-30,GM02,GM02,quantile,0.15,58
2021-10-05,4 wk ahead inc death,2021-10-30,GM02,GM02,quantile,0.2,60
2021-10-05,4 wk ahead inc death,2021-10-30,GM02,GM02,quantile,0.25,60
2021-10-05,4 wk ahead inc death,2021-10-30,GM02,GM02,quantile,0.3,62
2021-10-05,4 wk ahead inc death,2021-10-30,GM02,GM02,quantile,0.35,64
2021-10-05,4 wk ahead inc death,2021-10-30,GM02,GM02,quantile,0.4,65
2021-10-05,4 wk ahead inc death,2021-10-30,GM02,GM02,quantile,0.45,66
2021-10-05,4 wk ahead inc death,2021-10-30,GM02,GM02,quantile,0.5,68
2021-10-05,4 wk ahead inc death,2021-10-30,GM02,GM02,quantile,0.55,69
2021-10-05,4 wk ahead inc death,2021-10-30,GM02,GM02,quantile,0.6,69
2021-10-05,4 wk ahead inc death,2021-10-30,GM02,GM02,quantile,0.65,74
2021-10-05,4 wk ahead inc death,2021-10-30,GM02,GM02,quantile,0.7,78
2021-10-05,4 wk ahead inc death,2021-10-30,GM02,GM02,quantile,0.75,79
2021-10-05,4 wk ahead inc death,2021-10-30,GM02,GM02,quantile,0.8,83
2021-10-05,4 wk ahead inc death,2021-10-30,GM02,GM02,quantile,0.85,86
2021-10-05,4 wk ahead inc death,2021-10-30,GM02,GM02,quantile,0.9,91
2021-10-05,4 wk ahead inc death,2021-10-30,GM02,GM02,quantile,0.95,99
2021-10-05,4 wk ahead inc death,2021-10-30,GM02,GM02,quantile,0.975,103
2021-10-05,4 wk ahead inc death,2021-10-30,GM02,GM02,quantile,0.99,106
2021-10-05,4 wk ahead cum death,2021-10-30,GM02,GM02,point,NA,15964
2021-10-05,4 wk ahead cum death,2021-10-30,GM02,GM02,quantile,0.01,15896
2021-10-05,4 wk ahead cum death,2021-10-30,GM02,GM02,quantile,0.025,15900
2021-10-05,4 wk ahead cum death,2021-10-30,GM02,GM02,quantile,0.05,15921
2021-10-05,4 wk ahead cum death,2021-10-30,GM02,GM02,quantile,0.1,15934
2021-10-05,4 wk ahead cum death,2021-10-30,GM02,GM02,quantile,0.15,15954
2021-10-05,4 wk ahead cum death,2021-10-30,GM02,GM02,quantile,0.2,15956
2021-10-05,4 wk ahead cum death,2021-10-30,GM02,GM02,quantile,0.25,15956
2021-10-05,4 wk ahead cum death,2021-10-30,GM02,GM02,quantile,0.3,15958
2021-10-05,4 wk ahead cum death,2021-10-30,GM02,GM02,quantile,0.35,15960
2021-10-05,4 wk ahead cum death,2021-10-30,GM02,GM02,quantile,0.4,15961
2021-10-05,4 wk ahead cum death,2021-10-30,GM02,GM02,quantile,0.45,15962
2021-10-05,4 wk ahead cum death,2021-10-30,GM02,GM02,quantile,0.5,15964
2021-10-05,4 wk ahead cum death,2021-10-30,GM02,GM02,quantile,0.55,15965
2021-10-05,4 wk ahead cum death,2021-10-30,GM02,GM02,quantile,0.6,15965
2021-10-05,4 wk ahead cum death,2021-10-30,GM02,GM02,quantile,0.65,15970
2021-10-05,4 wk ahead cum death,2021-10-30,GM02,GM02,quantile,0.7,15974
2021-10-05,4 wk ahead cum death,2021-10-30,GM02,GM02,quantile,0.75,15975
2021-10-05,4 wk ahead cum death,2021-10-30,GM02,GM02,quantile,0.8,15979
2021-10-05,4 wk ahead cum death,2021-10-30,GM02,GM02,quantile,0.85,15982
2021-10-05,4 wk ahead cum death,2021-10-30,GM02,GM02,quantile,0.9,15987
2021-10-05,4 wk ahead cum death,2021-10-30,GM02,GM02,quantile,0.95,15995
2021-10-05,4 wk ahead cum death,2021-10-30,GM02,GM02,quantile,0.975,15999
2021-10-05,4 wk ahead cum death,2021-10-30,GM02,GM02,quantile,0.99,16002
2021-10-05,1 wk ahead inc death,2021-10-09,GM03,GM03,point,NA,6
2021-10-05,1 wk ahead inc death,2021-10-09,GM03,GM03,quantile,0.01,2
2021-10-05,1 wk ahead inc death,2021-10-09,GM03,GM03,quantile,0.025,4
2021-10-05,1 wk ahead inc death,2021-10-09,GM03,GM03,quantile,0.05,5
2021-10-05,1 wk ahead inc death,2021-10-09,GM03,GM03,quantile,0.1,5
2021-10-05,1 wk ahead inc death,2021-10-09,GM03,GM03,quantile,0.15,5
2021-10-05,1 wk ahead inc death,2021-10-09,GM03,GM03,quantile,0.2,5
2021-10-05,1 wk ahead inc death,2021-10-09,GM03,GM03,quantile,0.25,5
2021-10-05,1 wk ahead inc death,2021-10-09,GM03,GM03,quantile,0.3,5
2021-10-05,1 wk ahead inc death,2021-10-09,GM03,GM03,quantile,0.35,5
2021-10-05,1 wk ahead inc death,2021-10-09,GM03,GM03,quantile,0.4,6
2021-10-05,1 wk ahead inc death,2021-10-09,GM03,GM03,quantile,0.45,6
2021-10-05,1 wk ahead inc death,2021-10-09,GM03,GM03,quantile,0.5,6
2021-10-05,1 wk ahead inc death,2021-10-09,GM03,GM03,quantile,0.55,6
2021-10-05,1 wk ahead inc death,2021-10-09,GM03,GM03,quantile,0.6,7
2021-10-05,1 wk ahead inc death,2021-10-09,GM03,GM03,quantile,0.65,7
2021-10-05,1 wk ahead inc death,2021-10-09,GM03,GM03,quantile,0.7,7
2021-10-05,1 wk ahead inc death,2021-10-09,GM03,GM03,quantile,0.75,8
2021-10-05,1 wk ahead inc death,2021-10-09,GM03,GM03,quantile,0.8,8
2021-10-05,1 wk ahead inc death,2021-10-09,GM03,GM03,quantile,0.85,9
2021-10-05,1 wk ahead inc death,2021-10-09,GM03,GM03,quantile,0.9,10
2021-10-05,1 wk ahead inc death,2021-10-09,GM03,GM03,quantile,0.95,11
2021-10-05,1 wk ahead inc death,2021-10-09,GM03,GM03,quantile,0.975,13
2021-10-05,1 wk ahead inc death,2021-10-09,GM03,GM03,quantile,0.99,15
2021-10-05,1 wk ahead cum death,2021-10-09,GM03,GM03,point,NA,516
2021-10-05,1 wk ahead cum death,2021-10-09,GM03,GM03,quantile,0.01,512
2021-10-05,1 wk ahead cum death,2021-10-09,GM03,GM03,quantile,0.025,514
2021-10-05,1 wk ahead cum death,2021-10-09,GM03,GM03,quantile,0.05,515
2021-10-05,1 wk ahead cum death,2021-10-09,GM03,GM03,quantile,0.1,515
2021-10-05,1 wk ahead cum death,2021-10-09,GM03,GM03,quantile,0.15,515
2021-10-05,1 wk ahead cum death,2021-10-09,GM03,GM03,quantile,0.2,515
2021-10-05,1 wk ahead cum death,2021-10-09,GM03,GM03,quantile,0.25,515
2021-10-05,1 wk ahead cum death,2021-10-09,GM03,GM03,quantile,0.3,515
2021-10-05,1 wk ahead cum death,2021-10-09,GM03,GM03,quantile,0.35,515
2021-10-05,1 wk ahead cum death,2021-10-09,GM03,GM03,quantile,0.4,516
2021-10-05,1 wk ahead cum death,2021-10-09,GM03,GM03,quantile,0.45,516
2021-10-05,1 wk ahead cum death,2021-10-09,GM03,GM03,quantile,0.5,516
2021-10-05,1 wk ahead cum death,2021-10-09,GM03,GM03,quantile,0.55,516
2021-10-05,1 wk ahead cum death,2021-10-09,GM03,GM03,quantile,0.6,517
2021-10-05,1 wk ahead cum death,2021-10-09,GM03,GM03,quantile,0.65,517
2021-10-05,1 wk ahead cum death,2021-10-09,GM03,GM03,quantile,0.7,517
2021-10-05,1 wk ahead cum death,2021-10-09,GM03,GM03,quantile,0.75,518
2021-10-05,1 wk ahead cum death,2021-10-09,GM03,GM03,quantile,0.8,518
2021-10-05,1 wk ahead cum death,2021-10-09,GM03,GM03,quantile,0.85,519
2021-10-05,1 wk ahead cum death,2021-10-09,GM03,GM03,quantile,0.9,520
2021-10-05,1 wk ahead cum death,2021-10-09,GM03,GM03,quantile,0.95,521
2021-10-05,1 wk ahead cum death,2021-10-09,GM03,GM03,quantile,0.975,523
2021-10-05,1 wk ahead cum death,2021-10-09,GM03,GM03,quantile,0.99,525
2021-10-05,2 wk ahead inc death,2021-10-16,GM03,GM03,point,NA,3
2021-10-05,2 wk ahead inc death,2021-10-16,GM03,GM03,quantile,0.01,0
2021-10-05,2 wk ahead inc death,2021-10-16,GM03,GM03,quantile,0.025,0
2021-10-05,2 wk ahead inc death,2021-10-16,GM03,GM03,quantile,0.05,0
2021-10-05,2 wk ahead inc death,2021-10-16,GM03,GM03,quantile,0.1,1
2021-10-05,2 wk ahead inc death,2021-10-16,GM03,GM03,quantile,0.15,2
2021-10-05,2 wk ahead inc death,2021-10-16,GM03,GM03,quantile,0.2,2
2021-10-05,2 wk ahead inc death,2021-10-16,GM03,GM03,quantile,0.25,2
2021-10-05,2 wk ahead inc death,2021-10-16,GM03,GM03,quantile,0.3,2
2021-10-05,2 wk ahead inc death,2021-10-16,GM03,GM03,quantile,0.35,2
2021-10-05,2 wk ahead inc death,2021-10-16,GM03,GM03,quantile,0.4,2
2021-10-05,2 wk ahead inc death,2021-10-16,GM03,GM03,quantile,0.45,2
2021-10-05,2 wk ahead inc death,2021-10-16,GM03,GM03,quantile,0.5,3
2021-10-05,2 wk ahead inc death,2021-10-16,GM03,GM03,quantile,0.55,3
2021-10-05,2 wk ahead inc death,2021-10-16,GM03,GM03,quantile,0.6,3
2021-10-05,2 wk ahead inc death,2021-10-16,GM03,GM03,quantile,0.65,3
2021-10-05,2 wk ahead inc death,2021-10-16,GM03,GM03,quantile,0.7,3
2021-10-05,2 wk ahead inc death,2021-10-16,GM03,GM03,quantile,0.75,3
2021-10-05,2 wk ahead inc death,2021-10-16,GM03,GM03,quantile,0.8,4
2021-10-05,2 wk ahead inc death,2021-10-16,GM03,GM03,quantile,0.85,4
2021-10-05,2 wk ahead inc death,2021-10-16,GM03,GM03,quantile,0.9,4
2021-10-05,2 wk ahead inc death,2021-10-16,GM03,GM03,quantile,0.95,5
2021-10-05,2 wk ahead inc death,2021-10-16,GM03,GM03,quantile,0.975,7
2021-10-05,2 wk ahead inc death,2021-10-16,GM03,GM03,quantile,0.99,8
2021-10-05,2 wk ahead cum death,2021-10-16,GM03,GM03,point,NA,519
2021-10-05,2 wk ahead cum death,2021-10-16,GM03,GM03,quantile,0.01,516
2021-10-05,2 wk ahead cum death,2021-10-16,GM03,GM03,quantile,0.025,516
2021-10-05,2 wk ahead cum death,2021-10-16,GM03,GM03,quantile,0.05,516
2021-10-05,2 wk ahead cum death,2021-10-16,GM03,GM03,quantile,0.1,517
2021-10-05,2 wk ahead cum death,2021-10-16,GM03,GM03,quantile,0.15,518
2021-10-05,2 wk ahead cum death,2021-10-16,GM03,GM03,quantile,0.2,518
2021-10-05,2 wk ahead cum death,2021-10-16,GM03,GM03,quantile,0.25,518
2021-10-05,2 wk ahead cum death,2021-10-16,GM03,GM03,quantile,0.3,518
2021-10-05,2 wk ahead cum death,2021-10-16,GM03,GM03,quantile,0.35,518
2021-10-05,2 wk ahead cum death,2021-10-16,GM03,GM03,quantile,0.4,518
2021-10-05,2 wk ahead cum death,2021-10-16,GM03,GM03,quantile,0.45,518
2021-10-05,2 wk ahead cum death,2021-10-16,GM03,GM03,quantile,0.5,519
2021-10-05,2 wk ahead cum death,2021-10-16,GM03,GM03,quantile,0.55,519
2021-10-05,2 wk ahead cum death,2021-10-16,GM03,GM03,quantile,0.6,519
2021-10-05,2 wk ahead cum death,2021-10-16,GM03,GM03,quantile,0.65,519
2021-10-05,2 wk ahead cum death,2021-10-16,GM03,GM03,quantile,0.7,519
2021-10-05,2 wk ahead cum death,2021-10-16,GM03,GM03,quantile,0.75,519
2021-10-05,2 wk ahead cum death,2021-10-16,GM03,GM03,quantile,0.8,520
2021-10-05,2 wk ahead cum death,2021-10-16,GM03,GM03,quantile,0.85,520
2021-10-05,2 wk ahead cum death,2021-10-16,GM03,GM03,quantile,0.9,520
2021-10-05,2 wk ahead cum death,2021-10-16,GM03,GM03,quantile,0.95,521
2021-10-05,2 wk ahead cum death,2021-10-16,GM03,GM03,quantile,0.975,523
2021-10-05,2 wk ahead cum death,2021-10-16,GM03,GM03,quantile,0.99,524
2021-10-05,3 wk ahead inc death,2021-10-23,GM03,GM03,point,NA,4
2021-10-05,3 wk ahead inc death,2021-10-23,GM03,GM03,quantile,0.01,1
2021-10-05,3 wk ahead inc death,2021-10-23,GM03,GM03,quantile,0.025,1
2021-10-05,3 wk ahead inc death,2021-10-23,GM03,GM03,quantile,0.05,2
2021-10-05,3 wk ahead inc death,2021-10-23,GM03,GM03,quantile,0.1,3
2021-10-05,3 wk ahead inc death,2021-10-23,GM03,GM03,quantile,0.15,3
2021-10-05,3 wk ahead inc death,2021-10-23,GM03,GM03,quantile,0.2,3
2021-10-05,3 wk ahead inc death,2021-10-23,GM03,GM03,quantile,0.25,3
2021-10-05,3 wk ahead inc death,2021-10-23,GM03,GM03,quantile,0.3,3
2021-10-05,3 wk ahead inc death,2021-10-23,GM03,GM03,quantile,0.35,3
2021-10-05,3 wk ahead inc death,2021-10-23,GM03,GM03,quantile,0.4,4
2021-10-05,3 wk ahead inc death,2021-10-23,GM03,GM03,quantile,0.45,4
2021-10-05,3 wk ahead inc death,2021-10-23,GM03,GM03,quantile,0.5,4
2021-10-05,3 wk ahead inc death,2021-10-23,GM03,GM03,quantile,0.55,4
2021-10-05,3 wk ahead inc death,2021-10-23,GM03,GM03,quantile,0.6,4
2021-10-05,3 wk ahead inc death,2021-10-23,GM03,GM03,quantile,0.65,4
2021-10-05,3 wk ahead inc death,2021-10-23,GM03,GM03,quantile,0.7,5
2021-10-05,3 wk ahead inc death,2021-10-23,GM03,GM03,quantile,0.75,5
2021-10-05,3 wk ahead inc death,2021-10-23,GM03,GM03,quantile,0.8,5
2021-10-05,3 wk ahead inc death,2021-10-23,GM03,GM03,quantile,0.85,6
2021-10-05,3 wk ahead inc death,2021-10-23,GM03,GM03,quantile,0.9,6
2021-10-05,3 wk ahead inc death,2021-10-23,GM03,GM03,quantile,0.95,7
2021-10-05,3 wk ahead inc death,2021-10-23,GM03,GM03,quantile,0.975,8
2021-10-05,3 wk ahead inc death,2021-10-23,GM03,GM03,quantile,0.99,9
2021-10-05,3 wk ahead cum death,2021-10-23,GM03,GM03,point,NA,523
2021-10-05,3 wk ahead cum death,2021-10-23,GM03,GM03,quantile,0.01,520
2021-10-05,3 wk ahead cum death,2021-10-23,GM03,GM03,quantile,0.025,520
2021-10-05,3 wk ahead cum death,2021-10-23,GM03,GM03,quantile,0.05,521
2021-10-05,3 wk ahead cum death,2021-10-23,GM03,GM03,quantile,0.1,522
2021-10-05,3 wk ahead cum death,2021-10-23,GM03,GM03,quantile,0.15,522
2021-10-05,3 wk ahead cum death,2021-10-23,GM03,GM03,quantile,0.2,522
2021-10-05,3 wk ahead cum death,2021-10-23,GM03,GM03,quantile,0.25,522
2021-10-05,3 wk ahead cum death,2021-10-23,GM03,GM03,quantile,0.3,522
2021-10-05,3 wk ahead cum death,2021-10-23,GM03,GM03,quantile,0.35,522
2021-10-05,3 wk ahead cum death,2021-10-23,GM03,GM03,quantile,0.4,523
2021-10-05,3 wk ahead cum death,2021-10-23,GM03,GM03,quantile,0.45,523
2021-10-05,3 wk ahead cum death,2021-10-23,GM03,GM03,quantile,0.5,523
2021-10-05,3 wk ahead cum death,2021-10-23,GM03,GM03,quantile,0.55,523
2021-10-05,3 wk ahead cum death,2021-10-23,GM03,GM03,quantile,0.6,523
2021-10-05,3 wk ahead cum death,2021-10-23,GM03,GM03,quantile,0.65,523
2021-10-05,3 wk ahead cum death,2021-10-23,GM03,GM03,quantile,0.7,524
2021-10-05,3 wk ahead cum death,2021-10-23,GM03,GM03,quantile,0.75,524
2021-10-05,3 wk ahead cum death,2021-10-23,GM03,GM03,quantile,0.8,524
2021-10-05,3 wk ahead cum death,2021-10-23,GM03,GM03,quantile,0.85,525
2021-10-05,3 wk ahead cum death,2021-10-23,GM03,GM03,quantile,0.9,525
2021-10-05,3 wk ahead cum death,2021-10-23,GM03,GM03,quantile,0.95,526
2021-10-05,3 wk ahead cum death,2021-10-23,GM03,GM03,quantile,0.975,527
2021-10-05,3 wk ahead cum death,2021-10-23,GM03,GM03,quantile,0.99,528
2021-10-05,4 wk ahead inc death,2021-10-30,GM03,GM03,point,NA,3
2021-10-05,4 wk ahead inc death,2021-10-30,GM03,GM03,quantile,0.01,0
2021-10-05,4 wk ahead inc death,2021-10-30,GM03,GM03,quantile,0.025,1
2021-10-05,4 wk ahead inc death,2021-10-30,GM03,GM03,quantile,0.05,1
2021-10-05,4 wk ahead inc death,2021-10-30,GM03,GM03,quantile,0.1,2
2021-10-05,4 wk ahead inc death,2021-10-30,GM03,GM03,quantile,0.15,2
2021-10-05,4 wk ahead inc death,2021-10-30,GM03,GM03,quantile,0.2,2
2021-10-05,4 wk ahead inc death,2021-10-30,GM03,GM03,quantile,0.25,3
2021-10-05,4 wk ahead inc death,2021-10-30,GM03,GM03,quantile,0.3,3
2021-10-05,4 wk ahead inc death,2021-10-30,GM03,GM03,quantile,0.35,3
2021-10-05,4 wk ahead inc death,2021-10-30,GM03,GM03,quantile,0.4,3
2021-10-05,4 wk ahead inc death,2021-10-30,GM03,GM03,quantile,0.45,3
2021-10-05,4 wk ahead inc death,2021-10-30,GM03,GM03,quantile,0.5,3
2021-10-05,4 wk ahead inc death,2021-10-30,GM03,GM03,quantile,0.55,4
2021-10-05,4 wk ahead inc death,2021-10-30,GM03,GM03,quantile,0.6,4
2021-10-05,4 wk ahead inc death,2021-10-30,GM03,GM03,quantile,0.65,4
2021-10-05,4 wk ahead inc death,2021-10-30,GM03,GM03,quantile,0.7,4
2021-10-05,4 wk ahead inc death,2021-10-30,GM03,GM03,quantile,0.75,5
2021-10-05,4 wk ahead inc death,2021-10-30,GM03,GM03,quantile,0.8,5
2021-10-05,4 wk ahead inc death,2021-10-30,GM03,GM03,quantile,0.85,5
2021-10-05,4 wk ahead inc death,2021-10-30,GM03,GM03,quantile,0.9,6
2021-10-05,4 wk ahead inc death,2021-10-30,GM03,GM03,quantile,0.95,7
2021-10-05,4 wk ahead inc death,2021-10-30,GM03,GM03,quantile,0.975,9
2021-10-05,4 wk ahead inc death,2021-10-30,GM03,GM03,quantile,0.99,10
2021-10-05,4 wk ahead cum death,2021-10-30,GM03,GM03,point,NA,526
2021-10-05,4 wk ahead cum death,2021-10-30,GM03,GM03,quantile,0.01,523
2021-10-05,4 wk ahead cum death,2021-10-30,GM03,GM03,quantile,0.025,524
2021-10-05,4 wk ahead cum death,2021-10-30,GM03,GM03,quantile,0.05,524
2021-10-05,4 wk ahead cum death,2021-10-30,GM03,GM03,quantile,0.1,525
2021-10-05,4 wk ahead cum death,2021-10-30,GM03,GM03,quantile,0.15,525
2021-10-05,4 wk ahead cum death,2021-10-30,GM03,GM03,quantile,0.2,525
2021-10-05,4 wk ahead cum death,2021-10-30,GM03,GM03,quantile,0.25,526
2021-10-05,4 wk ahead cum death,2021-10-30,GM03,GM03,quantile,0.3,526
2021-10-05,4 wk ahead cum death,2021-10-30,GM03,GM03,quantile,0.35,526
2021-10-05,4 wk ahead cum death,2021-10-30,GM03,GM03,quantile,0.4,526
2021-10-05,4 wk ahead cum death,2021-10-30,GM03,GM03,quantile,0.45,526
2021-10-05,4 wk ahead cum death,2021-10-30,GM03,GM03,quantile,0.5,526
2021-10-05,4 wk ahead cum death,2021-10-30,GM03,GM03,quantile,0.55,527
2021-10-05,4 wk ahead cum death,2021-10-30,GM03,GM03,quantile,0.6,527
2021-10-05,4 wk ahead cum death,2021-10-30,GM03,GM03,quantile,0.65,527
2021-10-05,4 wk ahead cum death,2021-10-30,GM03,GM03,quantile,0.7,527
2021-10-05,4 wk ahead cum death,2021-10-30,GM03,GM03,quantile,0.75,528
2021-10-05,4 wk ahead cum death,2021-10-30,GM03,GM03,quantile,0.8,528
2021-10-05,4 wk ahead cum death,2021-10-30,GM03,GM03,quantile,0.85,528
2021-10-05,4 wk ahead cum death,2021-10-30,GM03,GM03,quantile,0.9,529
2021-10-05,4 wk ahead cum death,2021-10-30,GM03,GM03,quantile,0.95,530
2021-10-05,4 wk ahead cum death,2021-10-30,GM03,GM03,quantile,0.975,532
2021-10-05,4 wk ahead cum death,2021-10-30,GM03,GM03,quantile,0.99,533
2021-10-05,1 wk ahead inc death,2021-10-09,GM04,GM04,point,NA,14
2021-10-05,1 wk ahead inc death,2021-10-09,GM04,GM04,quantile,0.01,0
2021-10-05,1 wk ahead inc death,2021-10-09,GM04,GM04,quantile,0.025,0
2021-10-05,1 wk ahead inc death,2021-10-09,GM04,GM04,quantile,0.05,0
2021-10-05,1 wk ahead inc death,2021-10-09,GM04,GM04,quantile,0.1,4
2021-10-05,1 wk ahead inc death,2021-10-09,GM04,GM04,quantile,0.15,7
2021-10-05,1 wk ahead inc death,2021-10-09,GM04,GM04,quantile,0.2,8
2021-10-05,1 wk ahead inc death,2021-10-09,GM04,GM04,quantile,0.25,9
2021-10-05,1 wk ahead inc death,2021-10-09,GM04,GM04,quantile,0.3,10
2021-10-05,1 wk ahead inc death,2021-10-09,GM04,GM04,quantile,0.35,10
2021-10-05,1 wk ahead inc death,2021-10-09,GM04,GM04,quantile,0.4,11
2021-10-05,1 wk ahead inc death,2021-10-09,GM04,GM04,quantile,0.45,13
2021-10-05,1 wk ahead inc death,2021-10-09,GM04,GM04,quantile,0.5,14
2021-10-05,1 wk ahead inc death,2021-10-09,GM04,GM04,quantile,0.55,14
2021-10-05,1 wk ahead inc death,2021-10-09,GM04,GM04,quantile,0.6,15
2021-10-05,1 wk ahead inc death,2021-10-09,GM04,GM04,quantile,0.65,18
2021-10-05,1 wk ahead inc death,2021-10-09,GM04,GM04,quantile,0.7,20
2021-10-05,1 wk ahead inc death,2021-10-09,GM04,GM04,quantile,0.75,21
2021-10-05,1 wk ahead inc death,2021-10-09,GM04,GM04,quantile,0.8,25
2021-10-05,1 wk ahead inc death,2021-10-09,GM04,GM04,quantile,0.85,31
2021-10-05,1 wk ahead inc death,2021-10-09,GM04,GM04,quantile,0.9,37
2021-10-05,1 wk ahead inc death,2021-10-09,GM04,GM04,quantile,0.95,60
2021-10-05,1 wk ahead inc death,2021-10-09,GM04,GM04,quantile,0.975,76
2021-10-05,1 wk ahead inc death,2021-10-09,GM04,GM04,quantile,0.99,81
2021-10-05,1 wk ahead cum death,2021-10-09,GM04,GM04,point,NA,1755
2021-10-05,1 wk ahead cum death,2021-10-09,GM04,GM04,quantile,0.01,1741
2021-10-05,1 wk ahead cum death,2021-10-09,GM04,GM04,quantile,0.025,1741
2021-10-05,1 wk ahead cum death,2021-10-09,GM04,GM04,quantile,0.05,1741
2021-10-05,1 wk ahead cum death,2021-10-09,GM04,GM04,quantile,0.1,1745
2021-10-05,1 wk ahead cum death,2021-10-09,GM04,GM04,quantile,0.15,1748
2021-10-05,1 wk ahead cum death,2021-10-09,GM04,GM04,quantile,0.2,1749
2021-10-05,1 wk ahead cum death,2021-10-09,GM04,GM04,quantile,0.25,1750
2021-10-05,1 wk ahead cum death,2021-10-09,GM04,GM04,quantile,0.3,1751
2021-10-05,1 wk ahead cum death,2021-10-09,GM04,GM04,quantile,0.35,1751
2021-10-05,1 wk ahead cum death,2021-10-09,GM04,GM04,quantile,0.4,1752
2021-10-05,1 wk ahead cum death,2021-10-09,GM04,GM04,quantile,0.45,1754
2021-10-05,1 wk ahead cum death,2021-10-09,GM04,GM04,quantile,0.5,1755
2021-10-05,1 wk ahead cum death,2021-10-09,GM04,GM04,quantile,0.55,1755
2021-10-05,1 wk ahead cum death,2021-10-09,GM04,GM04,quantile,0.6,1756
2021-10-05,1 wk ahead cum death,2021-10-09,GM04,GM04,quantile,0.65,1759
2021-10-05,1 wk ahead cum death,2021-10-09,GM04,GM04,quantile,0.7,1761
2021-10-05,1 wk ahead cum death,2021-10-09,GM04,GM04,quantile,0.75,1762
2021-10-05,1 wk ahead cum death,2021-10-09,GM04,GM04,quantile,0.8,1766
2021-10-05,1 wk ahead cum death,2021-10-09,GM04,GM04,quantile,0.85,1772
2021-10-05,1 wk ahead cum death,2021-10-09,GM04,GM04,quantile,0.9,1778
2021-10-05,1 wk ahead cum death,2021-10-09,GM04,GM04,quantile,0.95,1801
2021-10-05,1 wk ahead cum death,2021-10-09,GM04,GM04,quantile,0.975,1817
2021-10-05,1 wk ahead cum death,2021-10-09,GM04,GM04,quantile,0.99,1822
2021-10-05,2 wk ahead inc death,2021-10-16,GM04,GM04,point,NA,18
2021-10-05,2 wk ahead inc death,2021-10-16,GM04,GM04,quantile,0.01,0
2021-10-05,2 wk ahead inc death,2021-10-16,GM04,GM04,quantile,0.025,0
2021-10-05,2 wk ahead inc death,2021-10-16,GM04,GM04,quantile,0.05,4
2021-10-05,2 wk ahead inc death,2021-10-16,GM04,GM04,quantile,0.1,8
2021-10-05,2 wk ahead inc death,2021-10-16,GM04,GM04,quantile,0.15,11
2021-10-05,2 wk ahead inc death,2021-10-16,GM04,GM04,quantile,0.2,12
2021-10-05,2 wk ahead inc death,2021-10-16,GM04,GM04,quantile,0.25,13
2021-10-05,2 wk ahead inc death,2021-10-16,GM04,GM04,quantile,0.3,13
2021-10-05,2 wk ahead inc death,2021-10-16,GM04,GM04,quantile,0.35,14
2021-10-05,2 wk ahead inc death,2021-10-16,GM04,GM04,quantile,0.4,15
2021-10-05,2 wk ahead inc death,2021-10-16,GM04,GM04,quantile,0.45,16
2021-10-05,2 wk ahead inc death,2021-10-16,GM04,GM04,quantile,0.5,18
2021-10-05,2 wk ahead inc death,2021-10-16,GM04,GM04,quantile,0.55,19
2021-10-05,2 wk ahead inc death,2021-10-16,GM04,GM04,quantile,0.6,19
2021-10-05,2 wk ahead inc death,2021-10-16,GM04,GM04,quantile,0.65,21
2021-10-05,2 wk ahead inc death,2021-10-16,GM04,GM04,quantile,0.7,23
2021-10-05,2 wk ahead inc death,2021-10-16,GM04,GM04,quantile,0.75,24
2021-10-05,2 wk ahead inc death,2021-10-16,GM04,GM04,quantile,0.8,26
2021-10-05,2 wk ahead inc death,2021-10-16,GM04,GM04,quantile,0.85,31
2021-10-05,2 wk ahead inc death,2021-10-16,GM04,GM04,quantile,0.9,37
2021-10-05,2 wk ahead inc death,2021-10-16,GM04,GM04,quantile,0.95,65
2021-10-05,2 wk ahead inc death,2021-10-16,GM04,GM04,quantile,0.975,81
2021-10-05,2 wk ahead inc death,2021-10-16,GM04,GM04,quantile,0.99,86
2021-10-05,2 wk ahead cum death,2021-10-16,GM04,GM04,point,NA,1773
2021-10-05,2 wk ahead cum death,2021-10-16,GM04,GM04,quantile,0.01,1755
2021-10-05,2 wk ahead cum death,2021-10-16,GM04,GM04,quantile,0.025,1755
2021-10-05,2 wk ahead cum death,2021-10-16,GM04,GM04,quantile,0.05,1759
2021-10-05,2 wk ahead cum death,2021-10-16,GM04,GM04,quantile,0.1,1763
2021-10-05,2 wk ahead cum death,2021-10-16,GM04,GM04,quantile,0.15,1766
2021-10-05,2 wk ahead cum death,2021-10-16,GM04,GM04,quantile,0.2,1767
2021-10-05,2 wk ahead cum death,2021-10-16,GM04,GM04,quantile,0.25,1768
2021-10-05,2 wk ahead cum death,2021-10-16,GM04,GM04,quantile,0.3,1768
2021-10-05,2 wk ahead cum death,2021-10-16,GM04,GM04,quantile,0.35,1769
2021-10-05,2 wk ahead cum death,2021-10-16,GM04,GM04,quantile,0.4,1770
2021-10-05,2 wk ahead cum death,2021-10-16,GM04,GM04,quantile,0.45,1771
2021-10-05,2 wk ahead cum death,2021-10-16,GM04,GM04,quantile,0.5,1773
2021-10-05,2 wk ahead cum death,2021-10-16,GM04,GM04,quantile,0.55,1774
2021-10-05,2 wk ahead cum death,2021-10-16,GM04,GM04,quantile,0.6,1774
2021-10-05,2 wk ahead cum death,2021-10-16,GM04,GM04,quantile,0.65,1776
2021-10-05,2 wk ahead cum death,2021-10-16,GM04,GM04,quantile,0.7,1778
2021-10-05,2 wk ahead cum death,2021-10-16,GM04,GM04,quantile,0.75,1779
2021-10-05,2 wk ahead cum death,2021-10-16,GM04,GM04,quantile,0.8,1781
2021-10-05,2 wk ahead cum death,2021-10-16,GM04,GM04,quantile,0.85,1786
2021-10-05,2 wk ahead cum death,2021-10-16,GM04,GM04,quantile,0.9,1792
2021-10-05,2 wk ahead cum death,2021-10-16,GM04,GM04,quantile,0.95,1820
2021-10-05,2 wk ahead cum death,2021-10-16,GM04,GM04,quantile,0.975,1836
2021-10-05,2 wk ahead cum death,2021-10-16,GM04,GM04,quantile,0.99,1841
2021-10-05,3 wk ahead inc death,2021-10-23,GM04,GM04,point,NA,20
2021-10-05,3 wk ahead inc death,2021-10-23,GM04,GM04,quantile,0.01,0
2021-10-05,3 wk ahead inc death,2021-10-23,GM04,GM04,quantile,0.025,0
2021-10-05,3 wk ahead inc death,2021-10-23,GM04,GM04,quantile,0.05,8
2021-10-05,3 wk ahead inc death,2021-10-23,GM04,GM04,quantile,0.1,10
2021-10-05,3 wk ahead inc death,2021-10-23,GM04,GM04,quantile,0.15,13
2021-10-05,3 wk ahead inc death,2021-10-23,GM04,GM04,quantile,0.2,15
2021-10-05,3 wk ahead inc death,2021-10-23,GM04,GM04,quantile,0.25,16
2021-10-05,3 wk ahead inc death,2021-10-23,GM04,GM04,quantile,0.3,17
2021-10-05,3 wk ahead inc death,2021-10-23,GM04,GM04,quantile,0.35,17
2021-10-05,3 wk ahead inc death,2021-10-23,GM04,GM04,quantile,0.4,18
2021-10-05,3 wk ahead inc death,2021-10-23,GM04,GM04,quantile,0.45,19
2021-10-05,3 wk ahead inc death,2021-10-23,GM04,GM04,quantile,0.5,20
2021-10-05,3 wk ahead inc death,2021-10-23,GM04,GM04,quantile,0.55,22
2021-10-05,3 wk ahead inc death,2021-10-23,GM04,GM04,quantile,0.6,23
2021-10-05,3 wk ahead inc death,2021-10-23,GM04,GM04,quantile,0.65,23
2021-10-05,3 wk ahead inc death,2021-10-23,GM04,GM04,quantile,0.7,24
2021-10-05,3 wk ahead inc death,2021-10-23,GM04,GM04,quantile,0.75,27
2021-10-05,3 wk ahead inc death,2021-10-23,GM04,GM04,quantile,0.8,30
2021-10-05,3 wk ahead inc death,2021-10-23,GM04,GM04,quantile,0.85,35
2021-10-05,3 wk ahead inc death,2021-10-23,GM04,GM04,quantile,0.9,41
2021-10-05,3 wk ahead inc death,2021-10-23,GM04,GM04,quantile,0.95,71
2021-10-05,3 wk ahead inc death,2021-10-23,GM04,GM04,quantile,0.975,85
2021-10-05,3 wk ahead inc death,2021-10-23,GM04,GM04,quantile,0.99,91
2021-10-05,3 wk ahead cum death,2021-10-23,GM04,GM04,point,NA,1793
2021-10-05,3 wk ahead cum death,2021-10-23,GM04,GM04,quantile,0.01,1773
2021-10-05,3 wk ahead cum death,2021-10-23,GM04,GM04,quantile,0.025,1773
2021-10-05,3 wk ahead cum death,2021-10-23,GM04,GM04,quantile,0.05,1781
2021-10-05,3 wk ahead cum death,2021-10-23,GM04,GM04,quantile,0.1,1783
2021-10-05,3 wk ahead cum death,2021-10-23,GM04,GM04,quantile,0.15,1786
2021-10-05,3 wk ahead cum death,2021-10-23,GM04,GM04,quantile,0.2,1788
2021-10-05,3 wk ahead cum death,2021-10-23,GM04,GM04,quantile,0.25,1789
2021-10-05,3 wk ahead cum death,2021-10-23,GM04,GM04,quantile,0.3,1790
2021-10-05,3 wk ahead cum death,2021-10-23,GM04,GM04,quantile,0.35,1790
2021-10-05,3 wk ahead cum death,2021-10-23,GM04,GM04,quantile,0.4,1791
2021-10-05,3 wk ahead cum death,2021-10-23,GM04,GM04,quantile,0.45,1792
2021-10-05,3 wk ahead cum death,2021-10-23,GM04,GM04,quantile,0.5,1793
2021-10-05,3 wk ahead cum death,2021-10-23,GM04,GM04,quantile,0.55,1795
2021-10-05,3 wk ahead cum death,2021-10-23,GM04,GM04,quantile,0.6,1796
2021-10-05,3 wk ahead cum death,2021-10-23,GM04,GM04,quantile,0.65,1796
2021-10-05,3 wk ahead cum death,2021-10-23,GM04,GM04,quantile,0.7,1797
2021-10-05,3 wk ahead cum death,2021-10-23,GM04,GM04,quantile,0.75,1800
2021-10-05,3 wk ahead cum death,2021-10-23,GM04,GM04,quantile,0.8,1803
2021-10-05,3 wk ahead cum death,2021-10-23,GM04,GM04,quantile,0.85,1808
2021-10-05,3 wk ahead cum death,2021-10-23,GM04,GM04,quantile,0.9,1814
2021-10-05,3 wk ahead cum death,2021-10-23,GM04,GM04,quantile,0.95,1844
2021-10-05,3 wk ahead cum death,2021-10-23,GM04,GM04,quantile,0.975,1858
2021-10-05,3 wk ahead cum death,2021-10-23,GM04,GM04,quantile,0.99,1864
2021-10-05,4 wk ahead inc death,2021-10-30,GM04,GM04,point,NA,19
2021-10-05,4 wk ahead inc death,2021-10-30,GM04,GM04,quantile,0.01,0
2021-10-05,4 wk ahead inc death,2021-10-30,GM04,GM04,quantile,0.025,0
2021-10-05,4 wk ahead inc death,2021-10-30,GM04,GM04,quantile,0.05,7
2021-10-05,4 wk ahead inc death,2021-10-30,GM04,GM04,quantile,0.1,9
2021-10-05,4 wk ahead inc death,2021-10-30,GM04,GM04,quantile,0.15,12
2021-10-05,4 wk ahead inc death,2021-10-30,GM04,GM04,quantile,0.2,13
2021-10-05,4 wk ahead inc death,2021-10-30,GM04,GM04,quantile,0.25,15
2021-10-05,4 wk ahead inc death,2021-10-30,GM04,GM04,quantile,0.3,16
2021-10-05,4 wk ahead inc death,2021-10-30,GM04,GM04,quantile,0.35,17
2021-10-05,4 wk ahead inc death,2021-10-30,GM04,GM04,quantile,0.4,17
2021-10-05,4 wk ahead inc death,2021-10-30,GM04,GM04,quantile,0.45,18
2021-10-05,4 wk ahead inc death,2021-10-30,GM04,GM04,quantile,0.5,19
2021-10-05,4 wk ahead inc death,2021-10-30,GM04,GM04,quantile,0.55,20
2021-10-05,4 wk ahead inc death,2021-10-30,GM04,GM04,quantile,0.6,22
2021-10-05,4 wk ahead inc death,2021-10-30,GM04,GM04,quantile,0.65,23
2021-10-05,4 wk ahead inc death,2021-10-30,GM04,GM04,quantile,0.7,23
2021-10-05,4 wk ahead inc death,2021-10-30,GM04,GM04,quantile,0.75,27
2021-10-05,4 wk ahead inc death,2021-10-30,GM04,GM04,quantile,0.8,30
2021-10-05,4 wk ahead inc death,2021-10-30,GM04,GM04,quantile,0.85,37
2021-10-05,4 wk ahead inc death,2021-10-30,GM04,GM04,quantile,0.9,47
2021-10-05,4 wk ahead inc death,2021-10-30,GM04,GM04,quantile,0.95,73
2021-10-05,4 wk ahead inc death,2021-10-30,GM04,GM04,quantile,0.975,85
2021-10-05,4 wk ahead inc death,2021-10-30,GM04,GM04,quantile,0.99,90
2021-10-05,4 wk ahead cum death,2021-10-30,GM04,GM04,point,NA,1812
2021-10-05,4 wk ahead cum death,2021-10-30,GM04,GM04,quantile,0.01,1793
2021-10-05,4 wk ahead cum death,2021-10-30,GM04,GM04,quantile,0.025,1793
2021-10-05,4 wk ahead cum death,2021-10-30,GM04,GM04,quantile,0.05,1800
2021-10-05,4 wk ahead cum death,2021-10-30,GM04,GM04,quantile,0.1,1802
2021-10-05,4 wk ahead cum death,2021-10-30,GM04,GM04,quantile,0.15,1805
2021-10-05,4 wk ahead cum death,2021-10-30,GM04,GM04,quantile,0.2,1806
2021-10-05,4 wk ahead cum death,2021-10-30,GM04,GM04,quantile,0.25,1808
2021-10-05,4 wk ahead cum death,2021-10-30,GM04,GM04,quantile,0.3,1809
2021-10-05,4 wk ahead cum death,2021-10-30,GM04,GM04,quantile,0.35,1810
2021-10-05,4 wk ahead cum death,2021-10-30,GM04,GM04,quantile,0.4,1810
2021-10-05,4 wk ahead cum death,2021-10-30,GM04,GM04,quantile,0.45,1811
2021-10-05,4 wk ahead cum death,2021-10-30,GM04,GM04,quantile,0.5,1812
2021-10-05,4 wk ahead cum death,2021-10-30,GM04,GM04,quantile,0.55,1813
2021-10-05,4 wk ahead cum death,2021-10-30,GM04,GM04,quantile,0.6,1815
2021-10-05,4 wk ahead cum death,2021-10-30,GM04,GM04,quantile,0.65,1816
2021-10-05,4 wk ahead cum death,2021-10-30,GM04,GM04,quantile,0.7,1816
2021-10-05,4 wk ahead cum death,2021-10-30,GM04,GM04,quantile,0.75,1820
2021-10-05,4 wk ahead cum death,2021-10-30,GM04,GM04,quantile,0.8,1823
2021-10-05,4 wk ahead cum death,2021-10-30,GM04,GM04,quantile,0.85,1830
2021-10-05,4 wk ahead cum death,2021-10-30,GM04,GM04,quantile,0.9,1840
2021-10-05,4 wk ahead cum death,2021-10-30,GM04,GM04,quantile,0.95,1866
2021-10-05,4 wk ahead cum death,2021-10-30,GM04,GM04,quantile,0.975,1878
2021-10-05,4 wk ahead cum death,2021-10-30,GM04,GM04,quantile,0.99,1883
2021-10-05,1 wk ahead inc death,2021-10-09,GM05,GM05,point,NA,42
2021-10-05,1 wk ahead inc death,2021-10-09,GM05,GM05,quantile,0.01,0
2021-10-05,1 wk ahead inc death,2021-10-09,GM05,GM05,quantile,0.025,14
2021-10-05,1 wk ahead inc death,2021-10-09,GM05,GM05,quantile,0.05,29
2021-10-05,1 wk ahead inc death,2021-10-09,GM05,GM05,quantile,0.1,34
2021-10-05,1 wk ahead inc death,2021-10-09,GM05,GM05,quantile,0.15,36
2021-10-05,1 wk ahead inc death,2021-10-09,GM05,GM05,quantile,0.2,36
2021-10-05,1 wk ahead inc death,2021-10-09,GM05,GM05,quantile,0.25,37
2021-10-05,1 wk ahead inc death,2021-10-09,GM05,GM05,quantile,0.3,39
2021-10-05,1 wk ahead inc death,2021-10-09,GM05,GM05,quantile,0.35,40
2021-10-05,1 wk ahead inc death,2021-10-09,GM05,GM05,quantile,0.4,41
2021-10-05,1 wk ahead inc death,2021-10-09,GM05,GM05,quantile,0.45,42
2021-10-05,1 wk ahead inc death,2021-10-09,GM05,GM05,quantile,0.5,42
2021-10-05,1 wk ahead inc death,2021-10-09,GM05,GM05,quantile,0.55,43
2021-10-05,1 wk ahead inc death,2021-10-09,GM05,GM05,quantile,0.6,43
2021-10-05,1 wk ahead inc death,2021-10-09,GM05,GM05,quantile,0.65,43
2021-10-05,1 wk ahead inc death,2021-10-09,GM05,GM05,quantile,0.7,44
2021-10-05,1 wk ahead inc death,2021-10-09,GM05,GM05,quantile,0.75,47
2021-10-05,1 wk ahead inc death,2021-10-09,GM05,GM05,quantile,0.8,47
2021-10-05,1 wk ahead inc death,2021-10-09,GM05,GM05,quantile,0.85,51
2021-10-05,1 wk ahead inc death,2021-10-09,GM05,GM05,quantile,0.9,54
2021-10-05,1 wk ahead inc death,2021-10-09,GM05,GM05,quantile,0.95,64
2021-10-05,1 wk ahead inc death,2021-10-09,GM05,GM05,quantile,0.975,74
2021-10-05,1 wk ahead inc death,2021-10-09,GM05,GM05,quantile,0.99,89
2021-10-05,1 wk ahead cum death,2021-10-09,GM05,GM05,point,NA,7794
2021-10-05,1 wk ahead cum death,2021-10-09,GM05,GM05,quantile,0.01,7752
2021-10-05,1 wk ahead cum death,2021-10-09,GM05,GM05,quantile,0.025,7766
2021-10-05,1 wk ahead cum death,2021-10-09,GM05,GM05,quantile,0.05,7781
2021-10-05,1 wk ahead cum death,2021-10-09,GM05,GM05,quantile,0.1,7786
2021-10-05,1 wk ahead cum death,2021-10-09,GM05,GM05,quantile,0.15,7788
2021-10-05,1 wk ahead cum death,2021-10-09,GM05,GM05,quantile,0.2,7788
2021-10-05,1 wk ahead cum death,2021-10-09,GM05,GM05,quantile,0.25,7789
2021-10-05,1 wk ahead cum death,2021-10-09,GM05,GM05,quantile,0.3,7791
2021-10-05,1 wk ahead cum death,2021-10-09,GM05,GM05,quantile,0.35,7792
2021-10-05,1 wk ahead cum death,2021-10-09,GM05,GM05,quantile,0.4,7793
2021-10-05,1 wk ahead cum death,2021-10-09,GM05,GM05,quantile,0.45,7794
2021-10-05,1 wk ahead cum death,2021-10-09,GM05,GM05,quantile,0.5,7794
2021-10-05,1 wk ahead cum death,2021-10-09,GM05,GM05,quantile,0.55,7795
2021-10-05,1 wk ahead cum death,2021-10-09,GM05,GM05,quantile,0.6,7795
2021-10-05,1 wk ahead cum death,2021-10-09,GM05,GM05,quantile,0.65,7795
2021-10-05,1 wk ahead cum death,2021-10-09,GM05,GM05,quantile,0.7,7796
2021-10-05,1 wk ahead cum death,2021-10-09,GM05,GM05,quantile,0.75,7799
2021-10-05,1 wk ahead cum death,2021-10-09,GM05,GM05,quantile,0.8,7799
2021-10-05,1 wk ahead cum death,2021-10-09,GM05,GM05,quantile,0.85,7803
2021-10-05,1 wk ahead cum death,2021-10-09,GM05,GM05,quantile,0.9,7806
2021-10-05,1 wk ahead cum death,2021-10-09,GM05,GM05,quantile,0.95,7816
2021-10-05,1 wk ahead cum death,2021-10-09,GM05,GM05,quantile,0.975,7826
2021-10-05,1 wk ahead cum death,2021-10-09,GM05,GM05,quantile,0.99,7841
2021-10-05,2 wk ahead inc death,2021-10-16,GM05,GM05,point,NA,26
2021-10-05,2 wk ahead inc death,2021-10-16,GM05,GM05,quantile,0.01,0
2021-10-05,2 wk ahead inc death,2021-10-16,GM05,GM05,quantile,0.025,8
2021-10-05,2 wk ahead inc death,2021-10-16,GM05,GM05,quantile,0.05,11
2021-10-05,2 wk ahead inc death,2021-10-16,GM05,GM05,quantile,0.1,13
2021-10-05,2 wk ahead inc death,2021-10-16,GM05,GM05,quantile,0.15,15
2021-10-05,2 wk ahead inc death,2021-10-16,GM05,GM05,quantile,0.2,18
2021-10-05,2 wk ahead inc death,2021-10-16,GM05,GM05,quantile,0.25,19
2021-10-05,2 wk ahead inc death,2021-10-16,GM05,GM05,quantile,0.3,21
2021-10-05,2 wk ahead inc death,2021-10-16,GM05,GM05,quantile,0.35,22
2021-10-05,2 wk ahead inc death,2021-10-16,GM05,GM05,quantile,0.4,23
2021-10-05,2 wk ahead inc death,2021-10-16,GM05,GM05,quantile,0.45,24
2021-10-05,2 wk ahead inc death,2021-10-16,GM05,GM05,quantile,0.5,26
2021-10-05,2 wk ahead inc death,2021-10-16,GM05,GM05,quantile,0.55,27
2021-10-05,2 wk ahead inc death,2021-10-16,GM05,GM05,quantile,0.6,28
2021-10-05,2 wk ahead inc death,2021-10-16,GM05,GM05,quantile,0.65,29
2021-10-05,2 wk ahead inc death,2021-10-16,GM05,GM05,quantile,0.7,30
2021-10-05,2 wk ahead inc death,2021-10-16,GM05,GM05,quantile,0.75,30
2021-10-05,2 wk ahead inc death,2021-10-16,GM05,GM05,quantile,0.8,34
2021-10-05,2 wk ahead inc death,2021-10-16,GM05,GM05,quantile,0.85,37
2021-10-05,2 wk ahead inc death,2021-10-16,GM05,GM05,quantile,0.9,39
2021-10-05,2 wk ahead inc death,2021-10-16,GM05,GM05,quantile,0.95,40
2021-10-05,2 wk ahead inc death,2021-10-16,GM05,GM05,quantile,0.975,46
2021-10-05,2 wk ahead inc death,2021-10-16,GM05,GM05,quantile,0.99,51
2021-10-05,2 wk ahead cum death,2021-10-16,GM05,GM05,point,NA,7820
2021-10-05,2 wk ahead cum death,2021-10-16,GM05,GM05,quantile,0.01,7794
2021-10-05,2 wk ahead cum death,2021-10-16,GM05,GM05,quantile,0.025,7802
2021-10-05,2 wk ahead cum death,2021-10-16,GM05,GM05,quantile,0.05,7805
2021-10-05,2 wk ahead cum death,2021-10-16,GM05,GM05,quantile,0.1,7807
2021-10-05,2 wk ahead cum death,2021-10-16,GM05,GM05,quantile,0.15,7809
2021-10-05,2 wk ahead cum death,2021-10-16,GM05,GM05,quantile,0.2,7812
2021-10-05,2 wk ahead cum death,2021-10-16,GM05,GM05,quantile,0.25,7813
2021-10-05,2 wk ahead cum death,2021-10-16,GM05,GM05,quantile,0.3,7815
2021-10-05,2 wk ahead cum death,2021-10-16,GM05,GM05,quantile,0.35,7816
2021-10-05,2 wk ahead cum death,2021-10-16,GM05,GM05,quantile,0.4,7817
2021-10-05,2 wk ahead cum death,2021-10-16,GM05,GM05,quantile,0.45,7818
2021-10-05,2 wk ahead cum death,2021-10-16,GM05,GM05,quantile,0.5,7820
2021-10-05,2 wk ahead cum death,2021-10-16,GM05,GM05,quantile,0.55,7821
2021-10-05,2 wk ahead cum death,2021-10-16,GM05,GM05,quantile,0.6,7822
2021-10-05,2 wk ahead cum death,2021-10-16,GM05,GM05,quantile,0.65,7823
2021-10-05,2 wk ahead cum death,2021-10-16,GM05,GM05,quantile,0.7,7824
2021-10-05,2 wk ahead cum death,2021-10-16,GM05,GM05,quantile,0.75,7824
2021-10-05,2 wk ahead cum death,2021-10-16,GM05,GM05,quantile,0.8,7828
2021-10-05,2 wk ahead cum death,2021-10-16,GM05,GM05,quantile,0.85,7831
2021-10-05,2 wk ahead cum death,2021-10-16,GM05,GM05,quantile,0.9,7833
2021-10-05,2 wk ahead cum death,2021-10-16,GM05,GM05,quantile,0.95,7834
2021-10-05,2 wk ahead cum death,2021-10-16,GM05,GM05,quantile,0.975,7840
2021-10-05,2 wk ahead cum death,2021-10-16,GM05,GM05,quantile,0.99,7845
2021-10-05,3 wk ahead inc death,2021-10-23,GM05,GM05,point,NA,23
2021-10-05,3 wk ahead inc death,2021-10-23,GM05,GM05,quantile,0.01,0
2021-10-05,3 wk ahead inc death,2021-10-23,GM05,GM05,quantile,0.025,2
2021-10-05,3 wk ahead inc death,2021-10-23,GM05,GM05,quantile,0.05,7
2021-10-05,3 wk ahead inc death,2021-10-23,GM05,GM05,quantile,0.1,9
2021-10-05,3 wk ahead inc death,2021-10-23,GM05,GM05,quantile,0.15,13
2021-10-05,3 wk ahead inc death,2021-10-23,GM05,GM05,quantile,0.2,15
2021-10-05,3 wk ahead inc death,2021-10-23,GM05,GM05,quantile,0.25,16
2021-10-05,3 wk ahead inc death,2021-10-23,GM05,GM05,quantile,0.3,18
2021-10-05,3 wk ahead inc death,2021-10-23,GM05,GM05,quantile,0.35,19
2021-10-05,3 wk ahead inc death,2021-10-23,GM05,GM05,quantile,0.4,20
2021-10-05,3 wk ahead inc death,2021-10-23,GM05,GM05,quantile,0.45,21
2021-10-05,3 wk ahead inc death,2021-10-23,GM05,GM05,quantile,0.5,23
2021-10-05,3 wk ahead inc death,2021-10-23,GM05,GM05,quantile,0.55,24
2021-10-05,3 wk ahead inc death,2021-10-23,GM05,GM05,quantile,0.6,25
2021-10-05,3 wk ahead inc death,2021-10-23,GM05,GM05,quantile,0.65,26
2021-10-05,3 wk ahead inc death,2021-10-23,GM05,GM05,quantile,0.7,26
2021-10-05,3 wk ahead inc death,2021-10-23,GM05,GM05,quantile,0.75,30
2021-10-05,3 wk ahead inc death,2021-10-23,GM05,GM05,quantile,0.8,32
2021-10-05,3 wk ahead inc death,2021-10-23,GM05,GM05,quantile,0.85,34
2021-10-05,3 wk ahead inc death,2021-10-23,GM05,GM05,quantile,0.9,36
2021-10-05,3 wk ahead inc death,2021-10-23,GM05,GM05,quantile,0.95,38
2021-10-05,3 wk ahead inc death,2021-10-23,GM05,GM05,quantile,0.975,45
2021-10-05,3 wk ahead inc death,2021-10-23,GM05,GM05,quantile,0.99,57
2021-10-05,3 wk ahead cum death,2021-10-23,GM05,GM05,point,NA,7843
2021-10-05,3 wk ahead cum death,2021-10-23,GM05,GM05,quantile,0.01,7820
2021-10-05,3 wk ahead cum death,2021-10-23,GM05,GM05,quantile,0.025,7822
2021-10-05,3 wk ahead cum death,2021-10-23,GM05,GM05,quantile,0.05,7827
2021-10-05,3 wk ahead cum death,2021-10-23,GM05,GM05,quantile,0.1,7829
2021-10-05,3 wk ahead cum death,2021-10-23,GM05,GM05,quantile,0.15,7833
2021-10-05,3 wk ahead cum death,2021-10-23,GM05,GM05,quantile,0.2,7835
2021-10-05,3 wk ahead cum death,2021-10-23,GM05,GM05,quantile,0.25,7836
2021-10-05,3 wk ahead cum death,2021-10-23,GM05,GM05,quantile,0.3,7838
2021-10-05,3 wk ahead cum death,2021-10-23,GM05,GM05,quantile,0.35,7839
2021-10-05,3 wk ahead cum death,2021-10-23,GM05,GM05,quantile,0.4,7840
2021-10-05,3 wk ahead cum death,2021-10-23,GM05,GM05,quantile,0.45,7841
2021-10-05,3 wk ahead cum death,2021-10-23,GM05,GM05,quantile,0.5,7843
2021-10-05,3 wk ahead cum death,2021-10-23,GM05,GM05,quantile,0.55,7844
2021-10-05,3 wk ahead cum death,2021-10-23,GM05,GM05,quantile,0.6,7845
2021-10-05,3 wk ahead cum death,2021-10-23,GM05,GM05,quantile,0.65,7846
2021-10-05,3 wk ahead cum death,2021-10-23,GM05,GM05,quantile,0.7,7846
2021-10-05,3 wk ahead cum death,2021-10-23,GM05,GM05,quantile,0.75,7850
2021-10-05,3 wk ahead cum death,2021-10-23,GM05,GM05,quantile,0.8,7852
2021-10-05,3 wk ahead cum death,2021-10-23,GM05,GM05,quantile,0.85,7854
2021-10-05,3 wk ahead cum death,2021-10-23,GM05,GM05,quantile,0.9,7856
2021-10-05,3 wk ahead cum death,2021-10-23,GM05,GM05,quantile,0.95,7858
2021-10-05,3 wk ahead cum death,2021-10-23,GM05,GM05,quantile,0.975,7865
2021-10-05,3 wk ahead cum death,2021-10-23,GM05,GM05,quantile,0.99,7877
2021-10-05,4 wk ahead inc death,2021-10-30,GM05,GM05,point,NA,22
2021-10-05,4 wk ahead inc death,2021-10-30,GM05,GM05,quantile,0.01,0
2021-10-05,4 wk ahead inc death,2021-10-30,GM05,GM05,quantile,0.025,0
2021-10-05,4 wk ahead inc death,2021-10-30,GM05,GM05,quantile,0.05,0
2021-10-05,4 wk ahead inc death,2021-10-30,GM05,GM05,quantile,0.1,6
2021-10-05,4 wk ahead inc death,2021-10-30,GM05,GM05,quantile,0.15,8
2021-10-05,4 wk ahead inc death,2021-10-30,GM05,GM05,quantile,0.2,13
2021-10-05,4 wk ahead inc death,2021-10-30,GM05,GM05,quantile,0.25,15
2021-10-05,4 wk ahead inc death,2021-10-30,GM05,GM05,quantile,0.3,15
2021-10-05,4 wk ahead inc death,2021-10-30,GM05,GM05,quantile,0.35,18
2021-10-05,4 wk ahead inc death,2021-10-30,GM05,GM05,quantile,0.4,19
2021-10-05,4 wk ahead inc death,2021-10-30,GM05,GM05,quantile,0.45,20
2021-10-05,4 wk ahead inc death,2021-10-30,GM05,GM05,quantile,0.5,22
2021-10-05,4 wk ahead inc death,2021-10-30,GM05,GM05,quantile,0.55,23
2021-10-05,4 wk ahead inc death,2021-10-30,GM05,GM05,quantile,0.6,24
2021-10-05,4 wk ahead inc death,2021-10-30,GM05,GM05,quantile,0.65,25
2021-10-05,4 wk ahead inc death,2021-10-30,GM05,GM05,quantile,0.7,26
2021-10-05,4 wk ahead inc death,2021-10-30,GM05,GM05,quantile,0.75,26
2021-10-05,4 wk ahead inc death,2021-10-30,GM05,GM05,quantile,0.8,31
2021-10-05,4 wk ahead inc death,2021-10-30,GM05,GM05,quantile,0.85,33
2021-10-05,4 wk ahead inc death,2021-10-30,GM05,GM05,quantile,0.9,36
2021-10-05,4 wk ahead inc death,2021-10-30,GM05,GM05,quantile,0.95,38
2021-10-05,4 wk ahead inc death,2021-10-30,GM05,GM05,quantile,0.975,57
2021-10-05,4 wk ahead inc death,2021-10-30,GM05,GM05,quantile,0.99,62
2021-10-05,4 wk ahead cum death,2021-10-30,GM05,GM05,point,NA,7865
2021-10-05,4 wk ahead cum death,2021-10-30,GM05,GM05,quantile,0.01,7843
2021-10-05,4 wk ahead cum death,2021-10-30,GM05,GM05,quantile,0.025,7843
2021-10-05,4 wk ahead cum death,2021-10-30,GM05,GM05,quantile,0.05,7843
2021-10-05,4 wk ahead cum death,2021-10-30,GM05,GM05,quantile,0.1,7849
2021-10-05,4 wk ahead cum death,2021-10-30,GM05,GM05,quantile,0.15,7851
2021-10-05,4 wk ahead cum death,2021-10-30,GM05,GM05,quantile,0.2,7856
2021-10-05,4 wk ahead cum death,2021-10-30,GM05,GM05,quantile,0.25,7858
2021-10-05,4 wk ahead cum death,2021-10-30,GM05,GM05,quantile,0.3,7858
2021-10-05,4 wk ahead cum death,2021-10-30,GM05,GM05,quantile,0.35,7861
2021-10-05,4 wk ahead cum death,2021-10-30,GM05,GM05,quantile,0.4,7862
2021-10-05,4 wk ahead cum death,2021-10-30,GM05,GM05,quantile,0.45,7863
2021-10-05,4 wk ahead cum death,2021-10-30,GM05,GM05,quantile,0.5,7865
2021-10-05,4 wk ahead cum death,2021-10-30,GM05,GM05,quantile,0.55,7866
2021-10-05,4 wk ahead cum death,2021-10-30,GM05,GM05,quantile,0.6,7867
2021-10-05,4 wk ahead cum death,2021-10-30,GM05,GM05,quantile,0.65,7868
2021-10-05,4 wk ahead cum death,2021-10-30,GM05,GM05,quantile,0.7,7869
2021-10-05,4 wk ahead cum death,2021-10-30,GM05,GM05,quantile,0.75,7869
2021-10-05,4 wk ahead cum death,2021-10-30,GM05,GM05,quantile,0.8,7874
2021-10-05,4 wk ahead cum death,2021-10-30,GM05,GM05,quantile,0.85,7876
2021-10-05,4 wk ahead cum death,2021-10-30,GM05,GM05,quantile,0.9,7879
2021-10-05,4 wk ahead cum death,2021-10-30,GM05,GM05,quantile,0.95,7881
2021-10-05,4 wk ahead cum death,2021-10-30,GM05,GM05,quantile,0.975,7900
2021-10-05,4 wk ahead cum death,2021-10-30,GM05,GM05,quantile,0.99,7905
2021-10-05,1 wk ahead inc death,2021-10-09,GM06,GM06,point,NA,31
2021-10-05,1 wk ahead inc death,2021-10-09,GM06,GM06,quantile,0.01,19
2021-10-05,1 wk ahead inc death,2021-10-09,GM06,GM06,quantile,0.025,21
2021-10-05,1 wk ahead inc death,2021-10-09,GM06,GM06,quantile,0.05,23
2021-10-05,1 wk ahead inc death,2021-10-09,GM06,GM06,quantile,0.1,24
2021-10-05,1 wk ahead inc death,2021-10-09,GM06,GM06,quantile,0.15,25
2021-10-05,1 wk ahead inc death,2021-10-09,GM06,GM06,quantile,0.2,25
2021-10-05,1 wk ahead inc death,2021-10-09,GM06,GM06,quantile,0.25,28
2021-10-05,1 wk ahead inc death,2021-10-09,GM06,GM06,quantile,0.3,29
2021-10-05,1 wk ahead inc death,2021-10-09,GM06,GM06,quantile,0.35,29
2021-10-05,1 wk ahead inc death,2021-10-09,GM06,GM06,quantile,0.4,30
2021-10-05,1 wk ahead inc death,2021-10-09,GM06,GM06,quantile,0.45,30
2021-10-05,1 wk ahead inc death,2021-10-09,GM06,GM06,quantile,0.5,31
2021-10-05,1 wk ahead inc death,2021-10-09,GM06,GM06,quantile,0.55,31
2021-10-05,1 wk ahead inc death,2021-10-09,GM06,GM06,quantile,0.6,31
2021-10-05,1 wk ahead inc death,2021-10-09,GM06,GM06,quantile,0.65,33
2021-10-05,1 wk ahead inc death,2021-10-09,GM06,GM06,quantile,0.7,34
2021-10-05,1 wk ahead inc death,2021-10-09,GM06,GM06,quantile,0.75,35
2021-10-05,1 wk ahead inc death,2021-10-09,GM06,GM06,quantile,0.8,36
2021-10-05,1 wk ahead inc death,2021-10-09,GM06,GM06,quantile,0.85,37
2021-10-05,1 wk ahead inc death,2021-10-09,GM06,GM06,quantile,0.9,39
2021-10-05,1 wk ahead inc death,2021-10-09,GM06,GM06,quantile,0.95,42
2021-10-05,1 wk ahead inc death,2021-10-09,GM06,GM06,quantile,0.975,47
2021-10-05,1 wk ahead inc death,2021-10-09,GM06,GM06,quantile,0.99,53
2021-10-05,1 wk ahead cum death,2021-10-09,GM06,GM06,point,NA,5993
2021-10-05,1 wk ahead cum death,2021-10-09,GM06,GM06,quantile,0.01,5981
2021-10-05,1 wk ahead cum death,2021-10-09,GM06,GM06,quantile,0.025,5983
2021-10-05,1 wk ahead cum death,2021-10-09,GM06,GM06,quantile,0.05,5985
2021-10-05,1 wk ahead cum death,2021-10-09,GM06,GM06,quantile,0.1,5986
2021-10-05,1 wk ahead cum death,2021-10-09,GM06,GM06,quantile,0.15,5987
2021-10-05,1 wk ahead cum death,2021-10-09,GM06,GM06,quantile,0.2,5987
2021-10-05,1 wk ahead cum death,2021-10-09,GM06,GM06,quantile,0.25,5990
2021-10-05,1 wk ahead cum death,2021-10-09,GM06,GM06,quantile,0.3,5991
2021-10-05,1 wk ahead cum death,2021-10-09,GM06,GM06,quantile,0.35,5991
2021-10-05,1 wk ahead cum death,2021-10-09,GM06,GM06,quantile,0.4,5992
2021-10-05,1 wk ahead cum death,2021-10-09,GM06,GM06,quantile,0.45,5992
2021-10-05,1 wk ahead cum death,2021-10-09,GM06,GM06,quantile,0.5,5993
2021-10-05,1 wk ahead cum death,2021-10-09,GM06,GM06,quantile,0.55,5993
2021-10-05,1 wk ahead cum death,2021-10-09,GM06,GM06,quantile,0.6,5993
2021-10-05,1 wk ahead cum death,2021-10-09,GM06,GM06,quantile,0.65,5995
2021-10-05,1 wk ahead cum death,2021-10-09,GM06,GM06,quantile,0.7,5996
2021-10-05,1 wk ahead cum death,2021-10-09,GM06,GM06,quantile,0.75,5997
2021-10-05,1 wk ahead cum death,2021-10-09,GM06,GM06,quantile,0.8,5998
2021-10-05,1 wk ahead cum death,2021-10-09,GM06,GM06,quantile,0.85,5999
2021-10-05,1 wk ahead cum death,2021-10-09,GM06,GM06,quantile,0.9,6001
2021-10-05,1 wk ahead cum death,2021-10-09,GM06,GM06,quantile,0.95,6004
2021-10-05,1 wk ahead cum death,2021-10-09,GM06,GM06,quantile,0.975,6009
2021-10-05,1 wk ahead cum death,2021-10-09,GM06,GM06,quantile,0.99,6015
2021-10-05,2 wk ahead inc death,2021-10-16,GM06,GM06,point,NA,21
2021-10-05,2 wk ahead inc death,2021-10-16,GM06,GM06,quantile,0.01,5
2021-10-05,2 wk ahead inc death,2021-10-16,GM06,GM06,quantile,0.025,6
2021-10-05,2 wk ahead inc death,2021-10-16,GM06,GM06,quantile,0.05,7
2021-10-05,2 wk ahead inc death,2021-10-16,GM06,GM06,quantile,0.1,10
2021-10-05,2 wk ahead inc death,2021-10-16,GM06,GM06,quantile,0.15,12
2021-10-05,2 wk ahead inc death,2021-10-16,GM06,GM06,quantile,0.2,15
2021-10-05,2 wk ahead inc death,2021-10-16,GM06,GM06,quantile,0.25,16
2021-10-05,2 wk ahead inc death,2021-10-16,GM06,GM06,quantile,0.3,16
2021-10-05,2 wk ahead inc death,2021-10-16,GM06,GM06,quantile,0.35,18
2021-10-05,2 wk ahead inc death,2021-10-16,GM06,GM06,quantile,0.4,20
2021-10-05,2 wk ahead inc death,2021-10-16,GM06,GM06,quantile,0.45,20
2021-10-05,2 wk ahead inc death,2021-10-16,GM06,GM06,quantile,0.5,21
2021-10-05,2 wk ahead inc death,2021-10-16,GM06,GM06,quantile,0.55,22
2021-10-05,2 wk ahead inc death,2021-10-16,GM06,GM06,quantile,0.6,24
2021-10-05,2 wk ahead inc death,2021-10-16,GM06,GM06,quantile,0.65,24
2021-10-05,2 wk ahead inc death,2021-10-16,GM06,GM06,quantile,0.7,25
2021-10-05,2 wk ahead inc death,2021-10-16,GM06,GM06,quantile,0.75,26
2021-10-05,2 wk ahead inc death,2021-10-16,GM06,GM06,quantile,0.8,27
2021-10-05,2 wk ahead inc death,2021-10-16,GM06,GM06,quantile,0.85,27
2021-10-05,2 wk ahead inc death,2021-10-16,GM06,GM06,quantile,0.9,29
2021-10-05,2 wk ahead inc death,2021-10-16,GM06,GM06,quantile,0.95,34
2021-10-05,2 wk ahead inc death,2021-10-16,GM06,GM06,quantile,0.975,37
2021-10-05,2 wk ahead inc death,2021-10-16,GM06,GM06,quantile,0.99,45
2021-10-05,2 wk ahead cum death,2021-10-16,GM06,GM06,point,NA,6014
2021-10-05,2 wk ahead cum death,2021-10-16,GM06,GM06,quantile,0.01,5998
2021-10-05,2 wk ahead cum death,2021-10-16,GM06,GM06,quantile,0.025,5999
2021-10-05,2 wk ahead cum death,2021-10-16,GM06,GM06,quantile,0.05,6000
2021-10-05,2 wk ahead cum death,2021-10-16,GM06,GM06,quantile,0.1,6003
2021-10-05,2 wk ahead cum death,2021-10-16,GM06,GM06,quantile,0.15,6005
2021-10-05,2 wk ahead cum death,2021-10-16,GM06,GM06,quantile,0.2,6008
2021-10-05,2 wk ahead cum death,2021-10-16,GM06,GM06,quantile,0.25,6009
2021-10-05,2 wk ahead cum death,2021-10-16,GM06,GM06,quantile,0.3,6009
2021-10-05,2 wk ahead cum death,2021-10-16,GM06,GM06,quantile,0.35,6011
2021-10-05,2 wk ahead cum death,2021-10-16,GM06,GM06,quantile,0.4,6013
2021-10-05,2 wk ahead cum death,2021-10-16,GM06,GM06,quantile,0.45,6013
2021-10-05,2 wk ahead cum death,2021-10-16,GM06,GM06,quantile,0.5,6014
2021-10-05,2 wk ahead cum death,2021-10-16,GM06,GM06,quantile,0.55,6015
2021-10-05,2 wk ahead cum death,2021-10-16,GM06,GM06,quantile,0.6,6017
2021-10-05,2 wk ahead cum death,2021-10-16,GM06,GM06,quantile,0.65,6017
2021-10-05,2 wk ahead cum death,2021-10-16,GM06,GM06,quantile,0.7,6018
2021-10-05,2 wk ahead cum death,2021-10-16,GM06,GM06,quantile,0.75,6019
2021-10-05,2 wk ahead cum death,2021-10-16,GM06,GM06,quantile,0.8,6020
2021-10-05,2 wk ahead cum death,2021-10-16,GM06,GM06,quantile,0.85,6020
2021-10-05,2 wk ahead cum death,2021-10-16,GM06,GM06,quantile,0.9,6022
2021-10-05,2 wk ahead cum death,2021-10-16,GM06,GM06,quantile,0.95,6027
2021-10-05,2 wk ahead cum death,2021-10-16,GM06,GM06,quantile,0.975,6030
2021-10-05,2 wk ahead cum death,2021-10-16,GM06,GM06,quantile,0.99,6038
2021-10-05,3 wk ahead inc death,2021-10-23,GM06,GM06,point,NA,19
2021-10-05,3 wk ahead inc death,2021-10-23,GM06,GM06,quantile,0.01,0
2021-10-05,3 wk ahead inc death,2021-10-23,GM06,GM06,quantile,0.025,4
2021-10-05,3 wk ahead inc death,2021-10-23,GM06,GM06,quantile,0.05,6
2021-10-05,3 wk ahead inc death,2021-10-23,GM06,GM06,quantile,0.1,8
2021-10-05,3 wk ahead inc death,2021-10-23,GM06,GM06,quantile,0.15,12
2021-10-05,3 wk ahead inc death,2021-10-23,GM06,GM06,quantile,0.2,13
2021-10-05,3 wk ahead inc death,2021-10-23,GM06,GM06,quantile,0.25,14
2021-10-05,3 wk ahead inc death,2021-10-23,GM06,GM06,quantile,0.3,15
2021-10-05,3 wk ahead inc death,2021-10-23,GM06,GM06,quantile,0.35,17
2021-10-05,3 wk ahead inc death,2021-10-23,GM06,GM06,quantile,0.4,18
2021-10-05,3 wk ahead inc death,2021-10-23,GM06,GM06,quantile,0.45,18
2021-10-05,3 wk ahead inc death,2021-10-23,GM06,GM06,quantile,0.5,19
2021-10-05,3 wk ahead inc death,2021-10-23,GM06,GM06,quantile,0.55,21
2021-10-05,3 wk ahead inc death,2021-10-23,GM06,GM06,quantile,0.6,22
2021-10-05,3 wk ahead inc death,2021-10-23,GM06,GM06,quantile,0.65,23
2021-10-05,3 wk ahead inc death,2021-10-23,GM06,GM06,quantile,0.7,24
2021-10-05,3 wk ahead inc death,2021-10-23,GM06,GM06,quantile,0.75,24
2021-10-05,3 wk ahead inc death,2021-10-23,GM06,GM06,quantile,0.8,25
2021-10-05,3 wk ahead inc death,2021-10-23,GM06,GM06,quantile,0.85,27
2021-10-05,3 wk ahead inc death,2021-10-23,GM06,GM06,quantile,0.9,32
2021-10-05,3 wk ahead inc death,2021-10-23,GM06,GM06,quantile,0.95,34
2021-10-05,3 wk ahead inc death,2021-10-23,GM06,GM06,quantile,0.975,35
2021-10-05,3 wk ahead inc death,2021-10-23,GM06,GM06,quantile,0.99,41
2021-10-05,3 wk ahead cum death,2021-10-23,GM06,GM06,point,NA,6033
2021-10-05,3 wk ahead cum death,2021-10-23,GM06,GM06,quantile,0.01,6014
2021-10-05,3 wk ahead cum death,2021-10-23,GM06,GM06,quantile,0.025,6018
2021-10-05,3 wk ahead cum death,2021-10-23,GM06,GM06,quantile,0.05,6020
2021-10-05,3 wk ahead cum death,2021-10-23,GM06,GM06,quantile,0.1,6022
2021-10-05,3 wk ahead cum death,2021-10-23,GM06,GM06,quantile,0.15,6026
2021-10-05,3 wk ahead cum death,2021-10-23,GM06,GM06,quantile,0.2,6027
2021-10-05,3 wk ahead cum death,2021-10-23,GM06,GM06,quantile,0.25,6028
2021-10-05,3 wk ahead cum death,2021-10-23,GM06,GM06,quantile,0.3,6029
2021-10-05,3 wk ahead cum death,2021-10-23,GM06,GM06,quantile,0.35,6031
2021-10-05,3 wk ahead cum death,2021-10-23,GM06,GM06,quantile,0.4,6032
2021-10-05,3 wk ahead cum death,2021-10-23,GM06,GM06,quantile,0.45,6032
2021-10-05,3 wk ahead cum death,2021-10-23,GM06,GM06,quantile,0.5,6033
2021-10-05,3 wk ahead cum death,2021-10-23,GM06,GM06,quantile,0.55,6035
2021-10-05,3 wk ahead cum death,2021-10-23,GM06,GM06,quantile,0.6,6036
2021-10-05,3 wk ahead cum death,2021-10-23,GM06,GM06,quantile,0.65,6037
2021-10-05,3 wk ahead cum death,2021-10-23,GM06,GM06,quantile,0.7,6038
2021-10-05,3 wk ahead cum death,2021-10-23,GM06,GM06,quantile,0.75,6038
2021-10-05,3 wk ahead cum death,2021-10-23,GM06,GM06,quantile,0.8,6039
2021-10-05,3 wk ahead cum death,2021-10-23,GM06,GM06,quantile,0.85,6041
2021-10-05,3 wk ahead cum death,2021-10-23,GM06,GM06,quantile,0.9,6046
2021-10-05,3 wk ahead cum death,2021-10-23,GM06,GM06,quantile,0.95,6048
2021-10-05,3 wk ahead cum death,2021-10-23,GM06,GM06,quantile,0.975,6049
2021-10-05,3 wk ahead cum death,2021-10-23,GM06,GM06,quantile,0.99,6055
2021-10-05,4 wk ahead inc death,2021-10-30,GM06,GM06,point,NA,18
2021-10-05,4 wk ahead inc death,2021-10-30,GM06,GM06,quantile,0.01,0
2021-10-05,4 wk ahead inc death,2021-10-30,GM06,GM06,quantile,0.025,0
2021-10-05,4 wk ahead inc death,2021-10-30,GM06,GM06,quantile,0.05,1
2021-10-05,4 wk ahead inc death,2021-10-30,GM06,GM06,quantile,0.1,6
2021-10-05,4 wk ahead inc death,2021-10-30,GM06,GM06,quantile,0.15,8
2021-10-05,4 wk ahead inc death,2021-10-30,GM06,GM06,quantile,0.2,12
2021-10-05,4 wk ahead inc death,2021-10-30,GM06,GM06,quantile,0.25,13
2021-10-05,4 wk ahead inc death,2021-10-30,GM06,GM06,quantile,0.3,14
2021-10-05,4 wk ahead inc death,2021-10-30,GM06,GM06,quantile,0.35,15
2021-10-05,4 wk ahead inc death,2021-10-30,GM06,GM06,quantile,0.4,17
2021-10-05,4 wk ahead inc death,2021-10-30,GM06,GM06,quantile,0.45,18
2021-10-05,4 wk ahead inc death,2021-10-30,GM06,GM06,quantile,0.5,18
2021-10-05,4 wk ahead inc death,2021-10-30,GM06,GM06,quantile,0.55,19
2021-10-05,4 wk ahead inc death,2021-10-30,GM06,GM06,quantile,0.6,20
2021-10-05,4 wk ahead inc death,2021-10-30,GM06,GM06,quantile,0.65,21
2021-10-05,4 wk ahead inc death,2021-10-30,GM06,GM06,quantile,0.7,22
2021-10-05,4 wk ahead inc death,2021-10-30,GM06,GM06,quantile,0.75,24
2021-10-05,4 wk ahead inc death,2021-10-30,GM06,GM06,quantile,0.8,24
2021-10-05,4 wk ahead inc death,2021-10-30,GM06,GM06,quantile,0.85,25
2021-10-05,4 wk ahead inc death,2021-10-30,GM06,GM06,quantile,0.9,27
2021-10-05,4 wk ahead inc death,2021-10-30,GM06,GM06,quantile,0.95,34
2021-10-05,4 wk ahead inc death,2021-10-30,GM06,GM06,quantile,0.975,48
2021-10-05,4 wk ahead inc death,2021-10-30,GM06,GM06,quantile,0.99,59
2021-10-05,4 wk ahead cum death,2021-10-30,GM06,GM06,point,NA,6051
2021-10-05,4 wk ahead cum death,2021-10-30,GM06,GM06,quantile,0.01,6033
2021-10-05,4 wk ahead cum death,2021-10-30,GM06,GM06,quantile,0.025,6033
2021-10-05,4 wk ahead cum death,2021-10-30,GM06,GM06,quantile,0.05,6034
2021-10-05,4 wk ahead cum death,2021-10-30,GM06,GM06,quantile,0.1,6039
2021-10-05,4 wk ahead cum death,2021-10-30,GM06,GM06,quantile,0.15,6041
2021-10-05,4 wk ahead cum death,2021-10-30,GM06,GM06,quantile,0.2,6045
2021-10-05,4 wk ahead cum death,2021-10-30,GM06,GM06,quantile,0.25,6046
2021-10-05,4 wk ahead cum death,2021-10-30,GM06,GM06,quantile,0.3,6047
2021-10-05,4 wk ahead cum death,2021-10-30,GM06,GM06,quantile,0.35,6048
2021-10-05,4 wk ahead cum death,2021-10-30,GM06,GM06,quantile,0.4,6050
2021-10-05,4 wk ahead cum death,2021-10-30,GM06,GM06,quantile,0.45,6051
2021-10-05,4 wk ahead cum death,2021-10-30,GM06,GM06,quantile,0.5,6051
2021-10-05,4 wk ahead cum death,2021-10-30,GM06,GM06,quantile,0.55,6052
2021-10-05,4 wk ahead cum death,2021-10-30,GM06,GM06,quantile,0.6,6053
2021-10-05,4 wk ahead cum death,2021-10-30,GM06,GM06,quantile,0.65,6054
2021-10-05,4 wk ahead cum death,2021-10-30,GM06,GM06,quantile,0.7,6055
2021-10-05,4 wk ahead cum death,2021-10-30,GM06,GM06,quantile,0.75,6057
2021-10-05,4 wk ahead cum death,2021-10-30,GM06,GM06,quantile,0.8,6057
2021-10-05,4 wk ahead cum death,2021-10-30,GM06,GM06,quantile,0.85,6058
2021-10-05,4 wk ahead cum death,2021-10-30,GM06,GM06,quantile,0.9,6060
2021-10-05,4 wk ahead cum death,2021-10-30,GM06,GM06,quantile,0.95,6067
2021-10-05,4 wk ahead cum death,2021-10-30,GM06,GM06,quantile,0.975,6081
2021-10-05,4 wk ahead cum death,2021-10-30,GM06,GM06,quantile,0.99,6092
2021-10-05,1 wk ahead inc death,2021-10-09,GM07,GM07,point,NA,71
2021-10-05,1 wk ahead inc death,2021-10-09,GM07,GM07,quantile,0.01,30
2021-10-05,1 wk ahead inc death,2021-10-09,GM07,GM07,quantile,0.025,48
2021-10-05,1 wk ahead inc death,2021-10-09,GM07,GM07,quantile,0.05,49
2021-10-05,1 wk ahead inc death,2021-10-09,GM07,GM07,quantile,0.1,55
2021-10-05,1 wk ahead inc death,2021-10-09,GM07,GM07,quantile,0.15,55
2021-10-05,1 wk ahead inc death,2021-10-09,GM07,GM07,quantile,0.2,58
2021-10-05,1 wk ahead inc death,2021-10-09,GM07,GM07,quantile,0.25,61
2021-10-05,1 wk ahead inc death,2021-10-09,GM07,GM07,quantile,0.3,63
2021-10-05,1 wk ahead inc death,2021-10-09,GM07,GM07,quantile,0.35,67
2021-10-05,1 wk ahead inc death,2021-10-09,GM07,GM07,quantile,0.4,69
2021-10-05,1 wk ahead inc death,2021-10-09,GM07,GM07,quantile,0.45,71
2021-10-05,1 wk ahead inc death,2021-10-09,GM07,GM07,quantile,0.5,71
2021-10-05,1 wk ahead inc death,2021-10-09,GM07,GM07,quantile,0.55,72
2021-10-05,1 wk ahead inc death,2021-10-09,GM07,GM07,quantile,0.6,72
2021-10-05,1 wk ahead inc death,2021-10-09,GM07,GM07,quantile,0.65,73
2021-10-05,1 wk ahead inc death,2021-10-09,GM07,GM07,quantile,0.7,74
2021-10-05,1 wk ahead inc death,2021-10-09,GM07,GM07,quantile,0.75,78
2021-10-05,1 wk ahead inc death,2021-10-09,GM07,GM07,quantile,0.8,80
2021-10-05,1 wk ahead inc death,2021-10-09,GM07,GM07,quantile,0.85,82
2021-10-05,1 wk ahead inc death,2021-10-09,GM07,GM07,quantile,0.9,84
2021-10-05,1 wk ahead inc death,2021-10-09,GM07,GM07,quantile,0.95,88
2021-10-05,1 wk ahead inc death,2021-10-09,GM07,GM07,quantile,0.975,89
2021-10-05,1 wk ahead inc death,2021-10-09,GM07,GM07,quantile,0.99,90
2021-10-05,1 wk ahead cum death,2021-10-09,GM07,GM07,point,NA,17922
2021-10-05,1 wk ahead cum death,2021-10-09,GM07,GM07,quantile,0.01,17881
2021-10-05,1 wk ahead cum death,2021-10-09,GM07,GM07,quantile,0.025,17899
2021-10-05,1 wk ahead cum death,2021-10-09,GM07,GM07,quantile,0.05,17900
2021-10-05,1 wk ahead cum death,2021-10-09,GM07,GM07,quantile,0.1,17906
2021-10-05,1 wk ahead cum death,2021-10-09,GM07,GM07,quantile,0.15,17906
2021-10-05,1 wk ahead cum death,2021-10-09,GM07,GM07,quantile,0.2,17909
2021-10-05,1 wk ahead cum death,2021-10-09,GM07,GM07,quantile,0.25,17912
2021-10-05,1 wk ahead cum death,2021-10-09,GM07,GM07,quantile,0.3,17914
2021-10-05,1 wk ahead cum death,2021-10-09,GM07,GM07,quantile,0.35,17918
2021-10-05,1 wk ahead cum death,2021-10-09,GM07,GM07,quantile,0.4,17920
2021-10-05,1 wk ahead cum death,2021-10-09,GM07,GM07,quantile,0.45,17922
2021-10-05,1 wk ahead cum death,2021-10-09,GM07,GM07,quantile,0.5,17922
2021-10-05,1 wk ahead cum death,2021-10-09,GM07,GM07,quantile,0.55,17923
2021-10-05,1 wk ahead cum death,2021-10-09,GM07,GM07,quantile,0.6,17923
2021-10-05,1 wk ahead cum death,2021-10-09,GM07,GM07,quantile,0.65,17924
2021-10-05,1 wk ahead cum death,2021-10-09,GM07,GM07,quantile,0.7,17925
2021-10-05,1 wk ahead cum death,2021-10-09,GM07,GM07,quantile,0.75,17929
2021-10-05,1 wk ahead cum death,2021-10-09,GM07,GM07,quantile,0.8,17931
2021-10-05,1 wk ahead cum death,2021-10-09,GM07,GM07,quantile,0.85,17933
2021-10-05,1 wk ahead cum death,2021-10-09,GM07,GM07,quantile,0.9,17935
2021-10-05,1 wk ahead cum death,2021-10-09,GM07,GM07,quantile,0.95,17939
2021-10-05,1 wk ahead cum death,2021-10-09,GM07,GM07,quantile,0.975,17940
2021-10-05,1 wk ahead cum death,2021-10-09,GM07,GM07,quantile,0.99,17941
2021-10-05,2 wk ahead inc death,2021-10-16,GM07,GM07,point,NA,59
2021-10-05,2 wk ahead inc death,2021-10-16,GM07,GM07,quantile,0.01,0
2021-10-05,2 wk ahead inc death,2021-10-16,GM07,GM07,quantile,0.025,18
2021-10-05,2 wk ahead inc death,2021-10-16,GM07,GM07,quantile,0.05,25
2021-10-05,2 wk ahead inc death,2021-10-16,GM07,GM07,quantile,0.1,35
2021-10-05,2 wk ahead inc death,2021-10-16,GM07,GM07,quantile,0.15,39
2021-10-05,2 wk ahead inc death,2021-10-16,GM07,GM07,quantile,0.2,41
2021-10-05,2 wk ahead inc death,2021-10-16,GM07,GM07,quantile,0.25,43
2021-10-05,2 wk ahead inc death,2021-10-16,GM07,GM07,quantile,0.3,49
2021-10-05,2 wk ahead inc death,2021-10-16,GM07,GM07,quantile,0.35,51
2021-10-05,2 wk ahead inc death,2021-10-16,GM07,GM07,quantile,0.4,52
2021-10-05,2 wk ahead inc death,2021-10-16,GM07,GM07,quantile,0.45,55
2021-10-05,2 wk ahead inc death,2021-10-16,GM07,GM07,quantile,0.5,59
2021-10-05,2 wk ahead inc death,2021-10-16,GM07,GM07,quantile,0.55,61
2021-10-05,2 wk ahead inc death,2021-10-16,GM07,GM07,quantile,0.6,61
2021-10-05,2 wk ahead inc death,2021-10-16,GM07,GM07,quantile,0.65,61
2021-10-05,2 wk ahead inc death,2021-10-16,GM07,GM07,quantile,0.7,62
2021-10-05,2 wk ahead inc death,2021-10-16,GM07,GM07,quantile,0.75,64
2021-10-05,2 wk ahead inc death,2021-10-16,GM07,GM07,quantile,0.8,65
2021-10-05,2 wk ahead inc death,2021-10-16,GM07,GM07,quantile,0.85,68
2021-10-05,2 wk ahead inc death,2021-10-16,GM07,GM07,quantile,0.9,70
2021-10-05,2 wk ahead inc death,2021-10-16,GM07,GM07,quantile,0.95,76
2021-10-05,2 wk ahead inc death,2021-10-16,GM07,GM07,quantile,0.975,84
2021-10-05,2 wk ahead inc death,2021-10-16,GM07,GM07,quantile,0.99,89
2021-10-05,2 wk ahead cum death,2021-10-16,GM07,GM07,point,NA,17981
2021-10-05,2 wk ahead cum death,2021-10-16,GM07,GM07,quantile,0.01,17922
2021-10-05,2 wk ahead cum death,2021-10-16,GM07,GM07,quantile,0.025,17940
2021-10-05,2 wk ahead cum death,2021-10-16,GM07,GM07,quantile,0.05,17947
2021-10-05,2 wk ahead cum death,2021-10-16,GM07,GM07,quantile,0.1,17957
2021-10-05,2 wk ahead cum death,2021-10-16,GM07,GM07,quantile,0.15,17961
2021-10-05,2 wk ahead cum death,2021-10-16,GM07,GM07,quantile,0.2,17963
2021-10-05,2 wk ahead cum death,2021-10-16,GM07,GM07,quantile,0.25,17965
2021-10-05,2 wk ahead cum death,2021-10-16,GM07,GM07,quantile,0.3,17971
2021-10-05,2 wk ahead cum death,2021-10-16,GM07,GM07,quantile,0.35,17973
2021-10-05,2 wk ahead cum death,2021-10-16,GM07,GM07,quantile,0.4,17974
2021-10-05,2 wk ahead cum death,2021-10-16,GM07,GM07,quantile,0.45,17977
2021-10-05,2 wk ahead cum death,2021-10-16,GM07,GM07,quantile,0.5,17981
2021-10-05,2 wk ahead cum death,2021-10-16,GM07,GM07,quantile,0.55,17983
2021-10-05,2 wk ahead cum death,2021-10-16,GM07,GM07,quantile,0.6,17983
2021-10-05,2 wk ahead cum death,2021-10-16,GM07,GM07,quantile,0.65,17983
2021-10-05,2 wk ahead cum death,2021-10-16,GM07,GM07,quantile,0.7,17984
2021-10-05,2 wk ahead cum death,2021-10-16,GM07,GM07,quantile,0.75,17986
2021-10-05,2 wk ahead cum death,2021-10-16,GM07,GM07,quantile,0.8,17987
2021-10-05,2 wk ahead cum death,2021-10-16,GM07,GM07,quantile,0.85,17990
2021-10-05,2 wk ahead cum death,2021-10-16,GM07,GM07,quantile,0.9,17992
2021-10-05,2 wk ahead cum death,2021-10-16,GM07,GM07,quantile,0.95,17998
2021-10-05,2 wk ahead cum death,2021-10-16,GM07,GM07,quantile,0.975,18006
2021-10-05,2 wk ahead cum death,2021-10-16,GM07,GM07,quantile,0.99,18011
2021-10-05,3 wk ahead inc death,2021-10-23,GM07,GM07,point,NA,45
2021-10-05,3 wk ahead inc death,2021-10-23,GM07,GM07,quantile,0.01,0
2021-10-05,3 wk ahead inc death,2021-10-23,GM07,GM07,quantile,0.025,0
2021-10-05,3 wk ahead inc death,2021-10-23,GM07,GM07,quantile,0.05,12
2021-10-05,3 wk ahead inc death,2021-10-23,GM07,GM07,quantile,0.1,21
2021-10-05,3 wk ahead inc death,2021-10-23,GM07,GM07,quantile,0.15,26
2021-10-05,3 wk ahead inc death,2021-10-23,GM07,GM07,quantile,0.2,27
2021-10-05,3 wk ahead inc death,2021-10-23,GM07,GM07,quantile,0.25,34
2021-10-05,3 wk ahead inc death,2021-10-23,GM07,GM07,quantile,0.3,36
2021-10-05,3 wk ahead inc death,2021-10-23,GM07,GM07,quantile,0.35,38
2021-10-05,3 wk ahead inc death,2021-10-23,GM07,GM07,quantile,0.4,39
2021-10-05,3 wk ahead inc death,2021-10-23,GM07,GM07,quantile,0.45,41
2021-10-05,3 wk ahead inc death,2021-10-23,GM07,GM07,quantile,0.5,45
2021-10-05,3 wk ahead inc death,2021-10-23,GM07,GM07,quantile,0.55,47
2021-10-05,3 wk ahead inc death,2021-10-23,GM07,GM07,quantile,0.6,47
2021-10-05,3 wk ahead inc death,2021-10-23,GM07,GM07,quantile,0.65,47
2021-10-05,3 wk ahead inc death,2021-10-23,GM07,GM07,quantile,0.7,48
2021-10-05,3 wk ahead inc death,2021-10-23,GM07,GM07,quantile,0.75,49
2021-10-05,3 wk ahead inc death,2021-10-23,GM07,GM07,quantile,0.8,51
2021-10-05,3 wk ahead inc death,2021-10-23,GM07,GM07,quantile,0.85,54
2021-10-05,3 wk ahead inc death,2021-10-23,GM07,GM07,quantile,0.9,58
2021-10-05,3 wk ahead inc death,2021-10-23,GM07,GM07,quantile,0.95,66
2021-10-05,3 wk ahead inc death,2021-10-23,GM07,GM07,quantile,0.975,69
2021-10-05,3 wk ahead inc death,2021-10-23,GM07,GM07,quantile,0.99,80
2021-10-05,3 wk ahead cum death,2021-10-23,GM07,GM07,point,NA,18026
2021-10-05,3 wk ahead cum death,2021-10-23,GM07,GM07,quantile,0.01,17981
2021-10-05,3 wk ahead cum death,2021-10-23,GM07,GM07,quantile,0.025,17981
2021-10-05,3 wk ahead cum death,2021-10-23,GM07,GM07,quantile,0.05,17993
2021-10-05,3 wk ahead cum death,2021-10-23,GM07,GM07,quantile,0.1,18002
2021-10-05,3 wk ahead cum death,2021-10-23,GM07,GM07,quantile,0.15,18007
2021-10-05,3 wk ahead cum death,2021-10-23,GM07,GM07,quantile,0.2,18008
2021-10-05,3 wk ahead cum death,2021-10-23,GM07,GM07,quantile,0.25,18015
2021-10-05,3 wk ahead cum death,2021-10-23,GM07,GM07,quantile,0.3,18017
2021-10-05,3 wk ahead cum death,2021-10-23,GM07,GM07,quantile,0.35,18019
2021-10-05,3 wk ahead cum death,2021-10-23,GM07,GM07,quantile,0.4,18020
2021-10-05,3 wk ahead cum death,2021-10-23,GM07,GM07,quantile,0.45,18022
2021-10-05,3 wk ahead cum death,2021-10-23,GM07,GM07,quantile,0.5,18026
2021-10-05,3 wk ahead cum death,2021-10-23,GM07,GM07,quantile,0.55,18028
2021-10-05,3 wk ahead cum death,2021-10-23,GM07,GM07,quantile,0.6,18028
2021-10-05,3 wk ahead cum death,2021-10-23,GM07,GM07,quantile,0.65,18028
2021-10-05,3 wk ahead cum death,2021-10-23,GM07,GM07,quantile,0.7,18029
2021-10-05,3 wk ahead cum death,2021-10-23,GM07,GM07,quantile,0.75,18030
2021-10-05,3 wk ahead cum death,2021-10-23,GM07,GM07,quantile,0.8,18032
2021-10-05,3 wk ahead cum death,2021-10-23,GM07,GM07,quantile,0.85,18035
2021-10-05,3 wk ahead cum death,2021-10-23,GM07,GM07,quantile,0.9,18039
2021-10-05,3 wk ahead cum death,2021-10-23,GM07,GM07,quantile,0.95,18047
2021-10-05,3 wk ahead cum death,2021-10-23,GM07,GM07,quantile,0.975,18050
2021-10-05,3 wk ahead cum death,2021-10-23,GM07,GM07,quantile,0.99,18061
2021-10-05,4 wk ahead inc death,2021-10-30,GM07,GM07,point,NA,42
2021-10-05,4 wk ahead inc death,2021-10-30,GM07,GM07,quantile,0.01,0
2021-10-05,4 wk ahead inc death,2021-10-30,GM07,GM07,quantile,0.025,0
2021-10-05,4 wk ahead inc death,2021-10-30,GM07,GM07,quantile,0.05,1
2021-10-05,4 wk ahead inc death,2021-10-30,GM07,GM07,quantile,0.1,15
2021-10-05,4 wk ahead inc death,2021-10-30,GM07,GM07,quantile,0.15,19
2021-10-05,4 wk ahead inc death,2021-10-30,GM07,GM07,quantile,0.2,25
2021-10-05,4 wk ahead inc death,2021-10-30,GM07,GM07,quantile,0.25,31
2021-10-05,4 wk ahead inc death,2021-10-30,GM07,GM07,quantile,0.3,33
2021-10-05,4 wk ahead inc death,2021-10-30,GM07,GM07,quantile,0.35,35
2021-10-05,4 wk ahead inc death,2021-10-30,GM07,GM07,quantile,0.4,40
2021-10-05,4 wk ahead inc death,2021-10-30,GM07,GM07,quantile,0.45,42
2021-10-05,4 wk ahead inc death,2021-10-30,GM07,GM07,quantile,0.5,42
2021-10-05,4 wk ahead inc death,2021-10-30,GM07,GM07,quantile,0.55,43
2021-10-05,4 wk ahead inc death,2021-10-30,GM07,GM07,quantile,0.6,45
2021-10-05,4 wk ahead inc death,2021-10-30,GM07,GM07,quantile,0.65,52
2021-10-05,4 wk ahead inc death,2021-10-30,GM07,GM07,quantile,0.7,55
2021-10-05,4 wk ahead inc death,2021-10-30,GM07,GM07,quantile,0.75,59
2021-10-05,4 wk ahead inc death,2021-10-30,GM07,GM07,quantile,0.8,63
2021-10-05,4 wk ahead inc death,2021-10-30,GM07,GM07,quantile,0.85,65
2021-10-05,4 wk ahead inc death,2021-10-30,GM07,GM07,quantile,0.9,72
2021-10-05,4 wk ahead inc death,2021-10-30,GM07,GM07,quantile,0.95,76
2021-10-05,4 wk ahead inc death,2021-10-30,GM07,GM07,quantile,0.975,86
2021-10-05,4 wk ahead inc death,2021-10-30,GM07,GM07,quantile,0.99,89
2021-10-05,4 wk ahead cum death,2021-10-30,GM07,GM07,point,NA,18068
2021-10-05,4 wk ahead cum death,2021-10-30,GM07,GM07,quantile,0.01,18026
2021-10-05,4 wk ahead cum death,2021-10-30,GM07,GM07,quantile,0.025,18026
2021-10-05,4 wk ahead cum death,2021-10-30,GM07,GM07,quantile,0.05,18027
2021-10-05,4 wk ahead cum death,2021-10-30,GM07,GM07,quantile,0.1,18041
2021-10-05,4 wk ahead cum death,2021-10-30,GM07,GM07,quantile,0.15,18045
2021-10-05,4 wk ahead cum death,2021-10-30,GM07,GM07,quantile,0.2,18051
2021-10-05,4 wk ahead cum death,2021-10-30,GM07,GM07,quantile,0.25,18057
2021-10-05,4 wk ahead cum death,2021-10-30,GM07,GM07,quantile,0.3,18059
2021-10-05,4 wk ahead cum death,2021-10-30,GM07,GM07,quantile,0.35,18061
2021-10-05,4 wk ahead cum death,2021-10-30,GM07,GM07,quantile,0.4,18066
2021-10-05,4 wk ahead cum death,2021-10-30,GM07,GM07,quantile,0.45,18068
2021-10-05,4 wk ahead cum death,2021-10-30,GM07,GM07,quantile,0.5,18068
2021-10-05,4 wk ahead cum death,2021-10-30,GM07,GM07,quantile,0.55,18069
2021-10-05,4 wk ahead cum death,2021-10-30,GM07,GM07,quantile,0.6,18071
2021-10-05,4 wk ahead cum death,2021-10-30,GM07,GM07,quantile,0.65,18078
2021-10-05,4 wk ahead cum death,2021-10-30,GM07,GM07,quantile,0.7,18081
2021-10-05,4 wk ahead cum death,2021-10-30,GM07,GM07,quantile,0.75,18085
2021-10-05,4 wk ahead cum death,2021-10-30,GM07,GM07,quantile,0.8,18089
2021-10-05,4 wk ahead cum death,2021-10-30,GM07,GM07,quantile,0.85,18091
2021-10-05,4 wk ahead cum death,2021-10-30,GM07,GM07,quantile,0.9,18098
2021-10-05,4 wk ahead cum death,2021-10-30,GM07,GM07,quantile,0.95,18102
2021-10-05,4 wk ahead cum death,2021-10-30,GM07,GM07,quantile,0.975,18112
2021-10-05,4 wk ahead cum death,2021-10-30,GM07,GM07,quantile,0.99,18115
2021-10-05,1 wk ahead inc death,2021-10-09,GM08,GM08,point,NA,16
2021-10-05,1 wk ahead inc death,2021-10-09,GM08,GM08,quantile,0.01,0
2021-10-05,1 wk ahead inc death,2021-10-09,GM08,GM08,quantile,0.025,1
2021-10-05,1 wk ahead inc death,2021-10-09,GM08,GM08,quantile,0.05,5
2021-10-05,1 wk ahead inc death,2021-10-09,GM08,GM08,quantile,0.1,7
2021-10-05,1 wk ahead inc death,2021-10-09,GM08,GM08,quantile,0.15,10
2021-10-05,1 wk ahead inc death,2021-10-09,GM08,GM08,quantile,0.2,11
2021-10-05,1 wk ahead inc death,2021-10-09,GM08,GM08,quantile,0.25,13
2021-10-05,1 wk ahead inc death,2021-10-09,GM08,GM08,quantile,0.3,14
2021-10-05,1 wk ahead inc death,2021-10-09,GM08,GM08,quantile,0.35,15
2021-10-05,1 wk ahead inc death,2021-10-09,GM08,GM08,quantile,0.4,15
2021-10-05,1 wk ahead inc death,2021-10-09,GM08,GM08,quantile,0.45,16
2021-10-05,1 wk ahead inc death,2021-10-09,GM08,GM08,quantile,0.5,16
2021-10-05,1 wk ahead inc death,2021-10-09,GM08,GM08,quantile,0.55,17
2021-10-05,1 wk ahead inc death,2021-10-09,GM08,GM08,quantile,0.6,17
2021-10-05,1 wk ahead inc death,2021-10-09,GM08,GM08,quantile,0.65,17
2021-10-05,1 wk ahead inc death,2021-10-09,GM08,GM08,quantile,0.7,18
2021-10-05,1 wk ahead inc death,2021-10-09,GM08,GM08,quantile,0.75,19
2021-10-05,1 wk ahead inc death,2021-10-09,GM08,GM08,quantile,0.8,19
2021-10-05,1 wk ahead inc death,2021-10-09,GM08,GM08,quantile,0.85,20
2021-10-05,1 wk ahead inc death,2021-10-09,GM08,GM08,quantile,0.9,25
2021-10-05,1 wk ahead inc death,2021-10-09,GM08,GM08,quantile,0.95,28
2021-10-05,1 wk ahead inc death,2021-10-09,GM08,GM08,quantile,0.975,35
2021-10-05,1 wk ahead inc death,2021-10-09,GM08,GM08,quantile,0.99,39
2021-10-05,1 wk ahead cum death,2021-10-09,GM08,GM08,point,NA,4014
2021-10-05,1 wk ahead cum death,2021-10-09,GM08,GM08,quantile,0.01,3998
2021-10-05,1 wk ahead cum death,2021-10-09,GM08,GM08,quantile,0.025,3999
2021-10-05,1 wk ahead cum death,2021-10-09,GM08,GM08,quantile,0.05,4003
2021-10-05,1 wk ahead cum death,2021-10-09,GM08,GM08,quantile,0.1,4005
2021-10-05,1 wk ahead cum death,2021-10-09,GM08,GM08,quantile,0.15,4008
2021-10-05,1 wk ahead cum death,2021-10-09,GM08,GM08,quantile,0.2,4009
2021-10-05,1 wk ahead cum death,2021-10-09,GM08,GM08,quantile,0.25,4011
2021-10-05,1 wk ahead cum death,2021-10-09,GM08,GM08,quantile,0.3,4012
2021-10-05,1 wk ahead cum death,2021-10-09,GM08,GM08,quantile,0.35,4013
2021-10-05,1 wk ahead cum death,2021-10-09,GM08,GM08,quantile,0.4,4013
2021-10-05,1 wk ahead cum death,2021-10-09,GM08,GM08,quantile,0.45,4014
2021-10-05,1 wk ahead cum death,2021-10-09,GM08,GM08,quantile,0.5,4014
2021-10-05,1 wk ahead cum death,2021-10-09,GM08,GM08,quantile,0.55,4015
2021-10-05,1 wk ahead cum death,2021-10-09,GM08,GM08,quantile,0.6,4015
2021-10-05,1 wk ahead cum death,2021-10-09,GM08,GM08,quantile,0.65,4015
2021-10-05,1 wk ahead cum death,2021-10-09,GM08,GM08,quantile,0.7,4016
2021-10-05,1 wk ahead cum death,2021-10-09,GM08,GM08,quantile,0.75,4017
2021-10-05,1 wk ahead cum death,2021-10-09,GM08,GM08,quantile,0.8,4017
2021-10-05,1 wk ahead cum death,2021-10-09,GM08,GM08,quantile,0.85,4018
2021-10-05,1 wk ahead cum death,2021-10-09,GM08,GM08,quantile,0.9,4023
2021-10-05,1 wk ahead cum death,2021-10-09,GM08,GM08,quantile,0.95,4026
2021-10-05,1 wk ahead cum death,2021-10-09,GM08,GM08,quantile,0.975,4033
2021-10-05,1 wk ahead cum death,2021-10-09,GM08,GM08,quantile,0.99,4037
2021-10-05,2 wk ahead inc death,2021-10-16,GM08,GM08,point,NA,12
2021-10-05,2 wk ahead inc death,2021-10-16,GM08,GM08,quantile,0.01,0
2021-10-05,2 wk ahead inc death,2021-10-16,GM08,GM08,quantile,0.025,0
2021-10-05,2 wk ahead inc death,2021-10-16,GM08,GM08,quantile,0.05,0
2021-10-05,2 wk ahead inc death,2021-10-16,GM08,GM08,quantile,0.1,2
2021-10-05,2 wk ahead inc death,2021-10-16,GM08,GM08,quantile,0.15,6
2021-10-05,2 wk ahead inc death,2021-10-16,GM08,GM08,quantile,0.2,7
2021-10-05,2 wk ahead inc death,2021-10-16,GM08,GM08,quantile,0.25,9
2021-10-05,2 wk ahead inc death,2021-10-16,GM08,GM08,quantile,0.3,9
2021-10-05,2 wk ahead inc death,2021-10-16,GM08,GM08,quantile,0.35,11
2021-10-05,2 wk ahead inc death,2021-10-16,GM08,GM08,quantile,0.4,11
2021-10-05,2 wk ahead inc death,2021-10-16,GM08,GM08,quantile,0.45,11
2021-10-05,2 wk ahead inc death,2021-10-16,GM08,GM08,quantile,0.5,12
2021-10-05,2 wk ahead inc death,2021-10-16,GM08,GM08,quantile,0.55,12
2021-10-05,2 wk ahead inc death,2021-10-16,GM08,GM08,quantile,0.6,13
2021-10-05,2 wk ahead inc death,2021-10-16,GM08,GM08,quantile,0.65,13
2021-10-05,2 wk ahead inc death,2021-10-16,GM08,GM08,quantile,0.7,13
2021-10-05,2 wk ahead inc death,2021-10-16,GM08,GM08,quantile,0.75,14
2021-10-05,2 wk ahead inc death,2021-10-16,GM08,GM08,quantile,0.8,15
2021-10-05,2 wk ahead inc death,2021-10-16,GM08,GM08,quantile,0.85,17
2021-10-05,2 wk ahead inc death,2021-10-16,GM08,GM08,quantile,0.9,21
2021-10-05,2 wk ahead inc death,2021-10-16,GM08,GM08,quantile,0.95,24
2021-10-05,2 wk ahead inc death,2021-10-16,GM08,GM08,quantile,0.975,30
2021-10-05,2 wk ahead inc death,2021-10-16,GM08,GM08,quantile,0.99,33
2021-10-05,2 wk ahead cum death,2021-10-16,GM08,GM08,point,NA,4026
2021-10-05,2 wk ahead cum death,2021-10-16,GM08,GM08,quantile,0.01,4014
2021-10-05,2 wk ahead cum death,2021-10-16,GM08,GM08,quantile,0.025,4014
2021-10-05,2 wk ahead cum death,2021-10-16,GM08,GM08,quantile,0.05,4014
2021-10-05,2 wk ahead cum death,2021-10-16,GM08,GM08,quantile,0.1,4016
2021-10-05,2 wk ahead cum death,2021-10-16,GM08,GM08,quantile,0.15,4020
2021-10-05,2 wk ahead cum death,2021-10-16,GM08,GM08,quantile,0.2,4021
2021-10-05,2 wk ahead cum death,2021-10-16,GM08,GM08,quantile,0.25,4023
2021-10-05,2 wk ahead cum death,2021-10-16,GM08,GM08,quantile,0.3,4023
2021-10-05,2 wk ahead cum death,2021-10-16,GM08,GM08,quantile,0.35,4025
2021-10-05,2 wk ahead cum death,2021-10-16,GM08,GM08,quantile,0.4,4025
2021-10-05,2 wk ahead cum death,2021-10-16,GM08,GM08,quantile,0.45,4025
2021-10-05,2 wk ahead cum death,2021-10-16,GM08,GM08,quantile,0.5,4026
2021-10-05,2 wk ahead cum death,2021-10-16,GM08,GM08,quantile,0.55,4026
2021-10-05,2 wk ahead cum death,2021-10-16,GM08,GM08,quantile,0.6,4027
2021-10-05,2 wk ahead cum death,2021-10-16,GM08,GM08,quantile,0.65,4027
2021-10-05,2 wk ahead cum death,2021-10-16,GM08,GM08,quantile,0.7,4027
2021-10-05,2 wk ahead cum death,2021-10-16,GM08,GM08,quantile,0.75,4028
2021-10-05,2 wk ahead cum death,2021-10-16,GM08,GM08,quantile,0.8,4029
2021-10-05,2 wk ahead cum death,2021-10-16,GM08,GM08,quantile,0.85,4031
2021-10-05,2 wk ahead cum death,2021-10-16,GM08,GM08,quantile,0.9,4035
2021-10-05,2 wk ahead cum death,2021-10-16,GM08,GM08,quantile,0.95,4038
2021-10-05,2 wk ahead cum death,2021-10-16,GM08,GM08,quantile,0.975,4044
2021-10-05,2 wk ahead cum death,2021-10-16,GM08,GM08,quantile,0.99,4047
2021-10-05,3 wk ahead inc death,2021-10-23,GM08,GM08,point,NA,11
2021-10-05,3 wk ahead inc death,2021-10-23,GM08,GM08,quantile,0.01,0
2021-10-05,3 wk ahead inc death,2021-10-23,GM08,GM08,quantile,0.025,0
2021-10-05,3 wk ahead inc death,2021-10-23,GM08,GM08,quantile,0.05,0
2021-10-05,3 wk ahead inc death,2021-10-23,GM08,GM08,quantile,0.1,0
2021-10-05,3 wk ahead inc death,2021-10-23,GM08,GM08,quantile,0.15,2
2021-10-05,3 wk ahead inc death,2021-10-23,GM08,GM08,quantile,0.2,5
2021-10-05,3 wk ahead inc death,2021-10-23,GM08,GM08,quantile,0.25,6
2021-10-05,3 wk ahead inc death,2021-10-23,GM08,GM08,quantile,0.3,7
2021-10-05,3 wk ahead inc death,2021-10-23,GM08,GM08,quantile,0.35,8
2021-10-05,3 wk ahead inc death,2021-10-23,GM08,GM08,quantile,0.4,9
2021-10-05,3 wk ahead inc death,2021-10-23,GM08,GM08,quantile,0.45,10
2021-10-05,3 wk ahead inc death,2021-10-23,GM08,GM08,quantile,0.5,11
2021-10-05,3 wk ahead inc death,2021-10-23,GM08,GM08,quantile,0.55,11
2021-10-05,3 wk ahead inc death,2021-10-23,GM08,GM08,quantile,0.6,12
2021-10-05,3 wk ahead inc death,2021-10-23,GM08,GM08,quantile,0.65,12
2021-10-05,3 wk ahead inc death,2021-10-23,GM08,GM08,quantile,0.7,13
2021-10-05,3 wk ahead inc death,2021-10-23,GM08,GM08,quantile,0.75,14
2021-10-05,3 wk ahead inc death,2021-10-23,GM08,GM08,quantile,0.8,14
2021-10-05,3 wk ahead inc death,2021-10-23,GM08,GM08,quantile,0.85,17
2021-10-05,3 wk ahead inc death,2021-10-23,GM08,GM08,quantile,0.9,21
2021-10-05,3 wk ahead inc death,2021-10-23,GM08,GM08,quantile,0.95,25
2021-10-05,3 wk ahead inc death,2021-10-23,GM08,GM08,quantile,0.975,31
2021-10-05,3 wk ahead inc death,2021-10-23,GM08,GM08,quantile,0.99,42
2021-10-05,3 wk ahead cum death,2021-10-23,GM08,GM08,point,NA,4037
2021-10-05,3 wk ahead cum death,2021-10-23,GM08,GM08,quantile,0.01,4026
2021-10-05,3 wk ahead cum death,2021-10-23,GM08,GM08,quantile,0.025,4026
2021-10-05,3 wk ahead cum death,2021-10-23,GM08,GM08,quantile,0.05,4026
2021-10-05,3 wk ahead cum death,2021-10-23,GM08,GM08,quantile,0.1,4026
2021-10-05,3 wk ahead cum death,2021-10-23,GM08,GM08,quantile,0.15,4028
2021-10-05,3 wk ahead cum death,2021-10-23,GM08,GM08,quantile,0.2,4031
2021-10-05,3 wk ahead cum death,2021-10-23,GM08,GM08,quantile,0.25,4032
2021-10-05,3 wk ahead cum death,2021-10-23,GM08,GM08,quantile,0.3,4033
2021-10-05,3 wk ahead cum death,2021-10-23,GM08,GM08,quantile,0.35,4034
2021-10-05,3 wk ahead cum death,2021-10-23,GM08,GM08,quantile,0.4,4035
2021-10-05,3 wk ahead cum death,2021-10-23,GM08,GM08,quantile,0.45,4036
2021-10-05,3 wk ahead cum death,2021-10-23,GM08,GM08,quantile,0.5,4037
2021-10-05,3 wk ahead cum death,2021-10-23,GM08,GM08,quantile,0.55,4037
2021-10-05,3 wk ahead cum death,2021-10-23,GM08,GM08,quantile,0.6,4038
2021-10-05,3 wk ahead cum death,2021-10-23,GM08,GM08,quantile,0.65,4038
2021-10-05,3 wk ahead cum death,2021-10-23,GM08,GM08,quantile,0.7,4039
2021-10-05,3 wk ahead cum death,2021-10-23,GM08,GM08,quantile,0.75,4040
2021-10-05,3 wk ahead cum death,2021-10-23,GM08,GM08,quantile,0.8,4040
2021-10-05,3 wk ahead cum death,2021-10-23,GM08,GM08,quantile,0.85,4043
2021-10-05,3 wk ahead cum death,2021-10-23,GM08,GM08,quantile,0.9,4047
2021-10-05,3 wk ahead cum death,2021-10-23,GM08,GM08,quantile,0.95,4051
2021-10-05,3 wk ahead cum death,2021-10-23,GM08,GM08,quantile,0.975,4057
2021-10-05,3 wk ahead cum death,2021-10-23,GM08,GM08,quantile,0.99,4068
2021-10-05,4 wk ahead inc death,2021-10-30,GM08,GM08,point,NA,9
2021-10-05,4 wk ahead inc death,2021-10-30,GM08,GM08,quantile,0.01,0
2021-10-05,4 wk ahead inc death,2021-10-30,GM08,GM08,quantile,0.025,0
2021-10-05,4 wk ahead inc death,2021-10-30,GM08,GM08,quantile,0.05,0
2021-10-05,4 wk ahead inc death,2021-10-30,GM08,GM08,quantile,0.1,0
2021-10-05,4 wk ahead inc death,2021-10-30,GM08,GM08,quantile,0.15,1
2021-10-05,4 wk ahead inc death,2021-10-30,GM08,GM08,quantile,0.2,3
2021-10-05,4 wk ahead inc death,2021-10-30,GM08,GM08,quantile,0.25,4
2021-10-05,4 wk ahead inc death,2021-10-30,GM08,GM08,quantile,0.3,5
2021-10-05,4 wk ahead inc death,2021-10-30,GM08,GM08,quantile,0.35,7
2021-10-05,4 wk ahead inc death,2021-10-30,GM08,GM08,quantile,0.4,8
2021-10-05,4 wk ahead inc death,2021-10-30,GM08,GM08,quantile,0.45,9
2021-10-05,4 wk ahead inc death,2021-10-30,GM08,GM08,quantile,0.5,9
2021-10-05,4 wk ahead inc death,2021-10-30,GM08,GM08,quantile,0.55,10
2021-10-05,4 wk ahead inc death,2021-10-30,GM08,GM08,quantile,0.6,10
2021-10-05,4 wk ahead inc death,2021-10-30,GM08,GM08,quantile,0.65,11
2021-10-05,4 wk ahead inc death,2021-10-30,GM08,GM08,quantile,0.7,11
2021-10-05,4 wk ahead inc death,2021-10-30,GM08,GM08,quantile,0.75,12
2021-10-05,4 wk ahead inc death,2021-10-30,GM08,GM08,quantile,0.8,13
2021-10-05,4 wk ahead inc death,2021-10-30,GM08,GM08,quantile,0.85,14
2021-10-05,4 wk ahead inc death,2021-10-30,GM08,GM08,quantile,0.9,19
2021-10-05,4 wk ahead inc death,2021-10-30,GM08,GM08,quantile,0.95,26
2021-10-05,4 wk ahead inc death,2021-10-30,GM08,GM08,quantile,0.975,39
2021-10-05,4 wk ahead inc death,2021-10-30,GM08,GM08,quantile,0.99,43
2021-10-05,4 wk ahead cum death,2021-10-30,GM08,GM08,point,NA,4046
2021-10-05,4 wk ahead cum death,2021-10-30,GM08,GM08,quantile,0.01,4037
2021-10-05,4 wk ahead cum death,2021-10-30,GM08,GM08,quantile,0.025,4037
2021-10-05,4 wk ahead cum death,2021-10-30,GM08,GM08,quantile,0.05,4037
2021-10-05,4 wk ahead cum death,2021-10-30,GM08,GM08,quantile,0.1,4037
2021-10-05,4 wk ahead cum death,2021-10-30,GM08,GM08,quantile,0.15,4038
2021-10-05,4 wk ahead cum death,2021-10-30,GM08,GM08,quantile,0.2,4040
2021-10-05,4 wk ahead cum death,2021-10-30,GM08,GM08,quantile,0.25,4041
2021-10-05,4 wk ahead cum death,2021-10-30,GM08,GM08,quantile,0.3,4042
2021-10-05,4 wk ahead cum death,2021-10-30,GM08,GM08,quantile,0.35,4044
2021-10-05,4 wk ahead cum death,2021-10-30,GM08,GM08,quantile,0.4,4045
2021-10-05,4 wk ahead cum death,2021-10-30,GM08,GM08,quantile,0.45,4046
2021-10-05,4 wk ahead cum death,2021-10-30,GM08,GM08,quantile,0.5,4046
2021-10-05,4 wk ahead cum death,2021-10-30,GM08,GM08,quantile,0.55,4047
2021-10-05,4 wk ahead cum death,2021-10-30,GM08,GM08,quantile,0.6,4047
2021-10-05,4 wk ahead cum death,2021-10-30,GM08,GM08,quantile,0.65,4048
2021-10-05,4 wk ahead cum death,2021-10-30,GM08,GM08,quantile,0.7,4048
2021-10-05,4 wk ahead cum death,2021-10-30,GM08,GM08,quantile,0.75,4049
2021-10-05,4 wk ahead cum death,2021-10-30,GM08,GM08,quantile,0.8,4050
2021-10-05,4 wk ahead cum death,2021-10-30,GM08,GM08,quantile,0.85,4051
2021-10-05,4 wk ahead cum death,2021-10-30,GM08,GM08,quantile,0.9,4056
2021-10-05,4 wk ahead cum death,2021-10-30,GM08,GM08,quantile,0.95,4063
2021-10-05,4 wk ahead cum death,2021-10-30,GM08,GM08,quantile,0.975,4076
2021-10-05,4 wk ahead cum death,2021-10-30,GM08,GM08,quantile,0.99,4080
2021-10-05,1 wk ahead inc death,2021-10-09,GM09,GM09,point,NA,2
2021-10-05,1 wk ahead inc death,2021-10-09,GM09,GM09,quantile,0.01,0
2021-10-05,1 wk ahead inc death,2021-10-09,GM09,GM09,quantile,0.025,0
2021-10-05,1 wk ahead inc death,2021-10-09,GM09,GM09,quantile,0.05,0
2021-10-05,1 wk ahead inc death,2021-10-09,GM09,GM09,quantile,0.1,0
2021-10-05,1 wk ahead inc death,2021-10-09,GM09,GM09,quantile,0.15,1
2021-10-05,1 wk ahead inc death,2021-10-09,GM09,GM09,quantile,0.2,1
2021-10-05,1 wk ahead inc death,2021-10-09,GM09,GM09,quantile,0.25,1
2021-10-05,1 wk ahead inc death,2021-10-09,GM09,GM09,quantile,0.3,2
2021-10-05,1 wk ahead inc death,2021-10-09,GM09,GM09,quantile,0.35,2
2021-10-05,1 wk ahead inc death,2021-10-09,GM09,GM09,quantile,0.4,2
2021-10-05,1 wk ahead inc death,2021-10-09,GM09,GM09,quantile,0.45,2
2021-10-05,1 wk ahead inc death,2021-10-09,GM09,GM09,quantile,0.5,2
2021-10-05,1 wk ahead inc death,2021-10-09,GM09,GM09,quantile,0.55,3
2021-10-05,1 wk ahead inc death,2021-10-09,GM09,GM09,quantile,0.6,3
2021-10-05,1 wk ahead inc death,2021-10-09,GM09,GM09,quantile,0.65,3
2021-10-05,1 wk ahead inc death,2021-10-09,GM09,GM09,quantile,0.7,3
2021-10-05,1 wk ahead inc death,2021-10-09,GM09,GM09,quantile,0.75,3
2021-10-05,1 wk ahead inc death,2021-10-09,GM09,GM09,quantile,0.8,4
2021-10-05,1 wk ahead inc death,2021-10-09,GM09,GM09,quantile,0.85,4
2021-10-05,1 wk ahead inc death,2021-10-09,GM09,GM09,quantile,0.9,4
2021-10-05,1 wk ahead inc death,2021-10-09,GM09,GM09,quantile,0.95,4
2021-10-05,1 wk ahead inc death,2021-10-09,GM09,GM09,quantile,0.975,6
2021-10-05,1 wk ahead inc death,2021-10-09,GM09,GM09,quantile,0.99,9
2021-10-05,1 wk ahead cum death,2021-10-09,GM09,GM09,point,NA,1054
2021-10-05,1 wk ahead cum death,2021-10-09,GM09,GM09,quantile,0.01,1052
2021-10-05,1 wk ahead cum death,2021-10-09,GM09,GM09,quantile,0.025,1052
2021-10-05,1 wk ahead cum death,2021-10-09,GM09,GM09,quantile,0.05,1052
2021-10-05,1 wk ahead cum death,2021-10-09,GM09,GM09,quantile,0.1,1052
2021-10-05,1 wk ahead cum death,2021-10-09,GM09,GM09,quantile,0.15,1053
2021-10-05,1 wk ahead cum death,2021-10-09,GM09,GM09,quantile,0.2,1053
2021-10-05,1 wk ahead cum death,2021-10-09,GM09,GM09,quantile,0.25,1053
2021-10-05,1 wk ahead cum death,2021-10-09,GM09,GM09,quantile,0.3,1054
2021-10-05,1 wk ahead cum death,2021-10-09,GM09,GM09,quantile,0.35,1054
2021-10-05,1 wk ahead cum death,2021-10-09,GM09,GM09,quantile,0.4,1054
2021-10-05,1 wk ahead cum death,2021-10-09,GM09,GM09,quantile,0.45,1054
2021-10-05,1 wk ahead cum death,2021-10-09,GM09,GM09,quantile,0.5,1054
2021-10-05,1 wk ahead cum death,2021-10-09,GM09,GM09,quantile,0.55,1055
2021-10-05,1 wk ahead cum death,2021-10-09,GM09,GM09,quantile,0.6,1055
2021-10-05,1 wk ahead cum death,2021-10-09,GM09,GM09,quantile,0.65,1055
2021-10-05,1 wk ahead cum death,2021-10-09,GM09,GM09,quantile,0.7,1055
2021-10-05,1 wk ahead cum death,2021-10-09,GM09,GM09,quantile,0.75,1055
2021-10-05,1 wk ahead cum death,2021-10-09,GM09,GM09,quantile,0.8,1056
2021-10-05,1 wk ahead cum death,2021-10-09,GM09,GM09,quantile,0.85,1056
2021-10-05,1 wk ahead cum death,2021-10-09,GM09,GM09,quantile,0.9,1056
2021-10-05,1 wk ahead cum death,2021-10-09,GM09,GM09,quantile,0.95,1056
2021-10-05,1 wk ahead cum death,2021-10-09,GM09,GM09,quantile,0.975,1058
2021-10-05,1 wk ahead cum death,2021-10-09,GM09,GM09,quantile,0.99,1061
2021-10-05,2 wk ahead inc death,2021-10-16,GM09,GM09,point,NA,3
2021-10-05,2 wk ahead inc death,2021-10-16,GM09,GM09,quantile,0.01,0
2021-10-05,2 wk ahead inc death,2021-10-16,GM09,GM09,quantile,0.025,0
2021-10-05,2 wk ahead inc death,2021-10-16,GM09,GM09,quantile,0.05,1
2021-10-05,2 wk ahead inc death,2021-10-16,GM09,GM09,quantile,0.1,1
2021-10-05,2 wk ahead inc death,2021-10-16,GM09,GM09,quantile,0.15,1
2021-10-05,2 wk ahead inc death,2021-10-16,GM09,GM09,quantile,0.2,2
2021-10-05,2 wk ahead inc death,2021-10-16,GM09,GM09,quantile,0.25,2
2021-10-05,2 wk ahead inc death,2021-10-16,GM09,GM09,quantile,0.3,2
2021-10-05,2 wk ahead inc death,2021-10-16,GM09,GM09,quantile,0.35,2
2021-10-05,2 wk ahead inc death,2021-10-16,GM09,GM09,quantile,0.4,3
2021-10-05,2 wk ahead inc death,2021-10-16,GM09,GM09,quantile,0.45,3
2021-10-05,2 wk ahead inc death,2021-10-16,GM09,GM09,quantile,0.5,3
2021-10-05,2 wk ahead inc death,2021-10-16,GM09,GM09,quantile,0.55,3
2021-10-05,2 wk ahead inc death,2021-10-16,GM09,GM09,quantile,0.6,3
2021-10-05,2 wk ahead inc death,2021-10-16,GM09,GM09,quantile,0.65,4
2021-10-05,2 wk ahead inc death,2021-10-16,GM09,GM09,quantile,0.7,4
2021-10-05,2 wk ahead inc death,2021-10-16,GM09,GM09,quantile,0.75,4
2021-10-05,2 wk ahead inc death,2021-10-16,GM09,GM09,quantile,0.8,4
2021-10-05,2 wk ahead inc death,2021-10-16,GM09,GM09,quantile,0.85,4
2021-10-05,2 wk ahead inc death,2021-10-16,GM09,GM09,quantile,0.9,5
2021-10-05,2 wk ahead inc death,2021-10-16,GM09,GM09,quantile,0.95,5
2021-10-05,2 wk ahead inc death,2021-10-16,GM09,GM09,quantile,0.975,7
2021-10-05,2 wk ahead inc death,2021-10-16,GM09,GM09,quantile,0.99,13
2021-10-05,2 wk ahead cum death,2021-10-16,GM09,GM09,point,NA,1057
2021-10-05,2 wk ahead cum death,2021-10-16,GM09,GM09,quantile,0.01,1054
2021-10-05,2 wk ahead cum death,2021-10-16,GM09,GM09,quantile,0.025,1054
2021-10-05,2 wk ahead cum death,2021-10-16,GM09,GM09,quantile,0.05,1055
2021-10-05,2 wk ahead cum death,2021-10-16,GM09,GM09,quantile,0.1,1055
2021-10-05,2 wk ahead cum death,2021-10-16,GM09,GM09,quantile,0.15,1055
2021-10-05,2 wk ahead cum death,2021-10-16,GM09,GM09,quantile,0.2,1056
2021-10-05,2 wk ahead cum death,2021-10-16,GM09,GM09,quantile,0.25,1056
2021-10-05,2 wk ahead cum death,2021-10-16,GM09,GM09,quantile,0.3,1056
2021-10-05,2 wk ahead cum death,2021-10-16,GM09,GM09,quantile,0.35,1056
2021-10-05,2 wk ahead cum death,2021-10-16,GM09,GM09,quantile,0.4,1057
2021-10-05,2 wk ahead cum death,2021-10-16,GM09,GM09,quantile,0.45,1057
2021-10-05,2 wk ahead cum death,2021-10-16,GM09,GM09,quantile,0.5,1057
2021-10-05,2 wk ahead cum death,2021-10-16,GM09,GM09,quantile,0.55,1057
2021-10-05,2 wk ahead cum death,2021-10-16,GM09,GM09,quantile,0.6,1057
2021-10-05,2 wk ahead cum death,2021-10-16,GM09,GM09,quantile,0.65,1058
2021-10-05,2 wk ahead cum death,2021-10-16,GM09,GM09,quantile,0.7,1058
2021-10-05,2 wk ahead cum death,2021-10-16,GM09,GM09,quantile,0.75,1058
2021-10-05,2 wk ahead cum death,2021-10-16,GM09,GM09,quantile,0.8,1058
2021-10-05,2 wk ahead cum death,2021-10-16,GM09,GM09,quantile,0.85,1058
2021-10-05,2 wk ahead cum death,2021-10-16,GM09,GM09,quantile,0.9,1059
2021-10-05,2 wk ahead cum death,2021-10-16,GM09,GM09,quantile,0.95,1059
2021-10-05,2 wk ahead cum death,2021-10-16,GM09,GM09,quantile,0.975,1061
2021-10-05,2 wk ahead cum death,2021-10-16,GM09,GM09,quantile,0.99,1067
2021-10-05,3 wk ahead inc death,2021-10-23,GM09,GM09,point,NA,2
2021-10-05,3 wk ahead inc death,2021-10-23,GM09,GM09,quantile,0.01,0
2021-10-05,3 wk ahead inc death,2021-10-23,GM09,GM09,quantile,0.025,0
2021-10-05,3 wk ahead inc death,2021-10-23,GM09,GM09,quantile,0.05,0
2021-10-05,3 wk ahead inc death,2021-10-23,GM09,GM09,quantile,0.1,0
2021-10-05,3 wk ahead inc death,2021-10-23,GM09,GM09,quantile,0.15,0
2021-10-05,3 wk ahead inc death,2021-10-23,GM09,GM09,quantile,0.2,1
2021-10-05,3 wk ahead inc death,2021-10-23,GM09,GM09,quantile,0.25,1
2021-10-05,3 wk ahead inc death,2021-10-23,GM09,GM09,quantile,0.3,1
2021-10-05,3 wk ahead inc death,2021-10-23,GM09,GM09,quantile,0.35,2
2021-10-05,3 wk ahead inc death,2021-10-23,GM09,GM09,quantile,0.4,2
2021-10-05,3 wk ahead inc death,2021-10-23,GM09,GM09,quantile,0.45,2
2021-10-05,3 wk ahead inc death,2021-10-23,GM09,GM09,quantile,0.5,2
2021-10-05,3 wk ahead inc death,2021-10-23,GM09,GM09,quantile,0.55,3
2021-10-05,3 wk ahead inc death,2021-10-23,GM09,GM09,quantile,0.6,3
2021-10-05,3 wk ahead inc death,2021-10-23,GM09,GM09,quantile,0.65,3
2021-10-05,3 wk ahead inc death,2021-10-23,GM09,GM09,quantile,0.7,3
2021-10-05,3 wk ahead inc death,2021-10-23,GM09,GM09,quantile,0.75,4
2021-10-05,3 wk ahead inc death,2021-10-23,GM09,GM09,quantile,0.8,4
2021-10-05,3 wk ahead inc death,2021-10-23,GM09,GM09,quantile,0.85,4
2021-10-05,3 wk ahead inc death,2021-10-23,GM09,GM09,quantile,0.9,5
2021-10-05,3 wk ahead inc death,2021-10-23,GM09,GM09,quantile,0.95,7
2021-10-05,3 wk ahead inc death,2021-10-23,GM09,GM09,quantile,0.975,8
2021-10-05,3 wk ahead inc death,2021-10-23,GM09,GM09,quantile,0.99,12
2021-10-05,3 wk ahead cum death,2021-10-23,GM09,GM09,point,NA,1059
2021-10-05,3 wk ahead cum death,2021-10-23,GM09,GM09,quantile,0.01,1057
2021-10-05,3 wk ahead cum death,2021-10-23,GM09,GM09,quantile,0.025,1057
2021-10-05,3 wk ahead cum death,2021-10-23,GM09,GM09,quantile,0.05,1057
2021-10-05,3 wk ahead cum death,2021-10-23,GM09,GM09,quantile,0.1,1057
2021-10-05,3 wk ahead cum death,2021-10-23,GM09,GM09,quantile,0.15,1057
2021-10-05,3 wk ahead cum death,2021-10-23,GM09,GM09,quantile,0.2,1058
2021-10-05,3 wk ahead cum death,2021-10-23,GM09,GM09,quantile,0.25,1058
2021-10-05,3 wk ahead cum death,2021-10-23,GM09,GM09,quantile,0.3,1058
2021-10-05,3 wk ahead cum death,2021-10-23,GM09,GM09,quantile,0.35,1059
2021-10-05,3 wk ahead cum death,2021-10-23,GM09,GM09,quantile,0.4,1059
2021-10-05,3 wk ahead cum death,2021-10-23,GM09,GM09,quantile,0.45,1059
2021-10-05,3 wk ahead cum death,2021-10-23,GM09,GM09,quantile,0.5,1059
2021-10-05,3 wk ahead cum death,2021-10-23,GM09,GM09,quantile,0.55,1060
2021-10-05,3 wk ahead cum death,2021-10-23,GM09,GM09,quantile,0.6,1060
2021-10-05,3 wk ahead cum death,2021-10-23,GM09,GM09,quantile,0.65,1060
2021-10-05,3 wk ahead cum death,2021-10-23,GM09,GM09,quantile,0.7,1060
2021-10-05,3 wk ahead cum death,2021-10-23,GM09,GM09,quantile,0.75,1061
2021-10-05,3 wk ahead cum death,2021-10-23,GM09,GM09,quantile,0.8,1061
2021-10-05,3 wk ahead cum death,2021-10-23,GM09,GM09,quantile,0.85,1061
2021-10-05,3 wk ahead cum death,2021-10-23,GM09,GM09,quantile,0.9,1062
2021-10-05,3 wk ahead cum death,2021-10-23,GM09,GM09,quantile,0.95,1064
2021-10-05,3 wk ahead cum death,2021-10-23,GM09,GM09,quantile,0.975,1065
2021-10-05,3 wk ahead cum death,2021-10-23,GM09,GM09,quantile,0.99,1069
2021-10-05,4 wk ahead inc death,2021-10-30,GM09,GM09,point,NA,1
2021-10-05,4 wk ahead inc death,2021-10-30,GM09,GM09,quantile,0.01,0
2021-10-05,4 wk ahead inc death,2021-10-30,GM09,GM09,quantile,0.025,0
2021-10-05,4 wk ahead inc death,2021-10-30,GM09,GM09,quantile,0.05,0
2021-10-05,4 wk ahead inc death,2021-10-30,GM09,GM09,quantile,0.1,0
2021-10-05,4 wk ahead inc death,2021-10-30,GM09,GM09,quantile,0.15,0
2021-10-05,4 wk ahead inc death,2021-10-30,GM09,GM09,quantile,0.2,0
2021-10-05,4 wk ahead inc death,2021-10-30,GM09,GM09,quantile,0.25,0
2021-10-05,4 wk ahead inc death,2021-10-30,GM09,GM09,quantile,0.3,0
2021-10-05,4 wk ahead inc death,2021-10-30,GM09,GM09,quantile,0.35,0
2021-10-05,4 wk ahead inc death,2021-10-30,GM09,GM09,quantile,0.4,0
2021-10-05,4 wk ahead inc death,2021-10-30,GM09,GM09,quantile,0.45,0
2021-10-05,4 wk ahead inc death,2021-10-30,GM09,GM09,quantile,0.5,1
2021-10-05,4 wk ahead inc death,2021-10-30,GM09,GM09,quantile,0.55,1
2021-10-05,4 wk ahead inc death,2021-10-30,GM09,GM09,quantile,0.6,1
2021-10-05,4 wk ahead inc death,2021-10-30,GM09,GM09,quantile,0.65,2
2021-10-05,4 wk ahead inc death,2021-10-30,GM09,GM09,quantile,0.7,2
2021-10-05,4 wk ahead inc death,2021-10-30,GM09,GM09,quantile,0.75,2
2021-10-05,4 wk ahead inc death,2021-10-30,GM09,GM09,quantile,0.8,3
2021-10-05,4 wk ahead inc death,2021-10-30,GM09,GM09,quantile,0.85,4
2021-10-05,4 wk ahead inc death,2021-10-30,GM09,GM09,quantile,0.9,6
2021-10-05,4 wk ahead inc death,2021-10-30,GM09,GM09,quantile,0.95,8
2021-10-05,4 wk ahead inc death,2021-10-30,GM09,GM09,quantile,0.975,10
2021-10-05,4 wk ahead inc death,2021-10-30,GM09,GM09,quantile,0.99,14
2021-10-05,4 wk ahead cum death,2021-10-30,GM09,GM09,point,NA,1060
2021-10-05,4 wk ahead cum death,2021-10-30,GM09,GM09,quantile,0.01,1059
2021-10-05,4 wk ahead cum death,2021-10-30,GM09,GM09,quantile,0.025,1059
2021-10-05,4 wk ahead cum death,2021-10-30,GM09,GM09,quantile,0.05,1059
2021-10-05,4 wk ahead cum death,2021-10-30,GM09,GM09,quantile,0.1,1059
2021-10-05,4 wk ahead cum death,2021-10-30,GM09,GM09,quantile,0.15,1059
2021-10-05,4 wk ahead cum death,2021-10-30,GM09,GM09,quantile,0.2,1059
2021-10-05,4 wk ahead cum death,2021-10-30,GM09,GM09,quantile,0.25,1059
2021-10-05,4 wk ahead cum death,2021-10-30,GM09,GM09,quantile,0.3,1059
2021-10-05,4 wk ahead cum death,2021-10-30,GM09,GM09,quantile,0.35,1059
2021-10-05,4 wk ahead cum death,2021-10-30,GM09,GM09,quantile,0.4,1059
2021-10-05,4 wk ahead cum death,2021-10-30,GM09,GM09,quantile,0.45,1059
2021-10-05,4 wk ahead cum death,2021-10-30,GM09,GM09,quantile,0.5,1060
2021-10-05,4 wk ahead cum death,2021-10-30,GM09,GM09,quantile,0.55,1060
2021-10-05,4 wk ahead cum death,2021-10-30,GM09,GM09,quantile,0.6,1060
2021-10-05,4 wk ahead cum death,2021-10-30,GM09,GM09,quantile,0.65,1061
2021-10-05,4 wk ahead cum death,2021-10-30,GM09,GM09,quantile,0.7,1061
2021-10-05,4 wk ahead cum death,2021-10-30,GM09,GM09,quantile,0.75,1061
2021-10-05,4 wk ahead cum death,2021-10-30,GM09,GM09,quantile,0.8,1062
2021-10-05,4 wk ahead cum death,2021-10-30,GM09,GM09,quantile,0.85,1063
2021-10-05,4 wk ahead cum death,2021-10-30,GM09,GM09,quantile,0.9,1065
2021-10-05,4 wk ahead cum death,2021-10-30,GM09,GM09,quantile,0.95,1067
2021-10-05,4 wk ahead cum death,2021-10-30,GM09,GM09,quantile,0.975,1069
2021-10-05,4 wk ahead cum death,2021-10-30,GM09,GM09,quantile,0.99,1073
2021-10-05,1 wk ahead inc death,2021-10-09,GM10,GM10,point,NA,6
2021-10-05,1 wk ahead inc death,2021-10-09,GM10,GM10,quantile,0.01,3
2021-10-05,1 wk ahead inc death,2021-10-09,GM10,GM10,quantile,0.025,3
2021-10-05,1 wk ahead inc death,2021-10-09,GM10,GM10,quantile,0.05,4
2021-10-05,1 wk ahead inc death,2021-10-09,GM10,GM10,quantile,0.1,5
2021-10-05,1 wk ahead inc death,2021-10-09,GM10,GM10,quantile,0.15,5
2021-10-05,1 wk ahead inc death,2021-10-09,GM10,GM10,quantile,0.2,5
2021-10-05,1 wk ahead inc death,2021-10-09,GM10,GM10,quantile,0.25,5
2021-10-05,1 wk ahead inc death,2021-10-09,GM10,GM10,quantile,0.3,5
2021-10-05,1 wk ahead inc death,2021-10-09,GM10,GM10,quantile,0.35,5
2021-10-05,1 wk ahead inc death,2021-10-09,GM10,GM10,quantile,0.4,6
2021-10-05,1 wk ahead inc death,2021-10-09,GM10,GM10,quantile,0.45,6
2021-10-05,1 wk ahead inc death,2021-10-09,GM10,GM10,quantile,0.5,6
2021-10-05,1 wk ahead inc death,2021-10-09,GM10,GM10,quantile,0.55,7
2021-10-05,1 wk ahead inc death,2021-10-09,GM10,GM10,quantile,0.6,7
2021-10-05,1 wk ahead inc death,2021-10-09,GM10,GM10,quantile,0.65,8
2021-10-05,1 wk ahead inc death,2021-10-09,GM10,GM10,quantile,0.7,9
2021-10-05,1 wk ahead inc death,2021-10-09,GM10,GM10,quantile,0.75,9
2021-10-05,1 wk ahead inc death,2021-10-09,GM10,GM10,quantile,0.8,10
2021-10-05,1 wk ahead inc death,2021-10-09,GM10,GM10,quantile,0.85,12
2021-10-05,1 wk ahead inc death,2021-10-09,GM10,GM10,quantile,0.9,13
2021-10-05,1 wk ahead inc death,2021-10-09,GM10,GM10,quantile,0.95,13
2021-10-05,1 wk ahead inc death,2021-10-09,GM10,GM10,quantile,0.975,17
2021-10-05,1 wk ahead inc death,2021-10-09,GM10,GM10,quantile,0.99,22
2021-10-05,1 wk ahead cum death,2021-10-09,GM10,GM10,point,NA,1693
2021-10-05,1 wk ahead cum death,2021-10-09,GM10,GM10,quantile,0.01,1690
2021-10-05,1 wk ahead cum death,2021-10-09,GM10,GM10,quantile,0.025,1690
2021-10-05,1 wk ahead cum death,2021-10-09,GM10,GM10,quantile,0.05,1691
2021-10-05,1 wk ahead cum death,2021-10-09,GM10,GM10,quantile,0.1,1692
2021-10-05,1 wk ahead cum death,2021-10-09,GM10,GM10,quantile,0.15,1692
2021-10-05,1 wk ahead cum death,2021-10-09,GM10,GM10,quantile,0.2,1692
2021-10-05,1 wk ahead cum death,2021-10-09,GM10,GM10,quantile,0.25,1692
2021-10-05,1 wk ahead cum death,2021-10-09,GM10,GM10,quantile,0.3,1692
2021-10-05,1 wk ahead cum death,2021-10-09,GM10,GM10,quantile,0.35,1692
2021-10-05,1 wk ahead cum death,2021-10-09,GM10,GM10,quantile,0.4,1693
2021-10-05,1 wk ahead cum death,2021-10-09,GM10,GM10,quantile,0.45,1693
2021-10-05,1 wk ahead cum death,2021-10-09,GM10,GM10,quantile,0.5,1693
2021-10-05,1 wk ahead cum death,2021-10-09,GM10,GM10,quantile,0.55,1694
2021-10-05,1 wk ahead cum death,2021-10-09,GM10,GM10,quantile,0.6,1694
2021-10-05,1 wk ahead cum death,2021-10-09,GM10,GM10,quantile,0.65,1695
2021-10-05,1 wk ahead cum death,2021-10-09,GM10,GM10,quantile,0.7,1696
2021-10-05,1 wk ahead cum death,2021-10-09,GM10,GM10,quantile,0.75,1696
2021-10-05,1 wk ahead cum death,2021-10-09,GM10,GM10,quantile,0.8,1697
2021-10-05,1 wk ahead cum death,2021-10-09,GM10,GM10,quantile,0.85,1699
2021-10-05,1 wk ahead cum death,2021-10-09,GM10,GM10,quantile,0.9,1700
2021-10-05,1 wk ahead cum death,2021-10-09,GM10,GM10,quantile,0.95,1700
2021-10-05,1 wk ahead cum death,2021-10-09,GM10,GM10,quantile,0.975,1704
2021-10-05,1 wk ahead cum death,2021-10-09,GM10,GM10,quantile,0.99,1709
2021-10-05,2 wk ahead inc death,2021-10-16,GM10,GM10,point,NA,4
2021-10-05,2 wk ahead inc death,2021-10-16,GM10,GM10,quantile,0.01,0
2021-10-05,2 wk ahead inc death,2021-10-16,GM10,GM10,quantile,0.025,0
2021-10-05,2 wk ahead inc death,2021-10-16,GM10,GM10,quantile,0.05,0
2021-10-05,2 wk ahead inc death,2021-10-16,GM10,GM10,quantile,0.1,1
2021-10-05,2 wk ahead inc death,2021-10-16,GM10,GM10,quantile,0.15,2
2021-10-05,2 wk ahead inc death,2021-10-16,GM10,GM10,quantile,0.2,2
2021-10-05,2 wk ahead inc death,2021-10-16,GM10,GM10,quantile,0.25,2
2021-10-05,2 wk ahead inc death,2021-10-16,GM10,GM10,quantile,0.3,2
2021-10-05,2 wk ahead inc death,2021-10-16,GM10,GM10,quantile,0.35,3
2021-10-05,2 wk ahead inc death,2021-10-16,GM10,GM10,quantile,0.4,3
2021-10-05,2 wk ahead inc death,2021-10-16,GM10,GM10,quantile,0.45,4
2021-10-05,2 wk ahead inc death,2021-10-16,GM10,GM10,quantile,0.5,4
2021-10-05,2 wk ahead inc death,2021-10-16,GM10,GM10,quantile,0.55,4
2021-10-05,2 wk ahead inc death,2021-10-16,GM10,GM10,quantile,0.6,4
2021-10-05,2 wk ahead inc death,2021-10-16,GM10,GM10,quantile,0.65,5
2021-10-05,2 wk ahead inc death,2021-10-16,GM10,GM10,quantile,0.7,6
2021-10-05,2 wk ahead inc death,2021-10-16,GM10,GM10,quantile,0.75,7
2021-10-05,2 wk ahead inc death,2021-10-16,GM10,GM10,quantile,0.8,7
2021-10-05,2 wk ahead inc death,2021-10-16,GM10,GM10,quantile,0.85,8
2021-10-05,2 wk ahead inc death,2021-10-16,GM10,GM10,quantile,0.9,8
2021-10-05,2 wk ahead inc death,2021-10-16,GM10,GM10,quantile,0.95,9
2021-10-05,2 wk ahead inc death,2021-10-16,GM10,GM10,quantile,0.975,14
2021-10-05,2 wk ahead inc death,2021-10-16,GM10,GM10,quantile,0.99,19
2021-10-05,2 wk ahead cum death,2021-10-16,GM10,GM10,point,NA,1697
2021-10-05,2 wk ahead cum death,2021-10-16,GM10,GM10,quantile,0.01,1693
2021-10-05,2 wk ahead cum death,2021-10-16,GM10,GM10,quantile,0.025,1693
2021-10-05,2 wk ahead cum death,2021-10-16,GM10,GM10,quantile,0.05,1693
2021-10-05,2 wk ahead cum death,2021-10-16,GM10,GM10,quantile,0.1,1694
2021-10-05,2 wk ahead cum death,2021-10-16,GM10,GM10,quantile,0.15,1695
2021-10-05,2 wk ahead cum death,2021-10-16,GM10,GM10,quantile,0.2,1695
2021-10-05,2 wk ahead cum death,2021-10-16,GM10,GM10,quantile,0.25,1695
2021-10-05,2 wk ahead cum death,2021-10-16,GM10,GM10,quantile,0.3,1695
2021-10-05,2 wk ahead cum death,2021-10-16,GM10,GM10,quantile,0.35,1696
2021-10-05,2 wk ahead cum death,2021-10-16,GM10,GM10,quantile,0.4,1696
2021-10-05,2 wk ahead cum death,2021-10-16,GM10,GM10,quantile,0.45,1697
2021-10-05,2 wk ahead cum death,2021-10-16,GM10,GM10,quantile,0.5,1697
2021-10-05,2 wk ahead cum death,2021-10-16,GM10,GM10,quantile,0.55,1697
2021-10-05,2 wk ahead cum death,2021-10-16,GM10,GM10,quantile,0.6,1697
2021-10-05,2 wk ahead cum death,2021-10-16,GM10,GM10,quantile,0.65,1698
2021-10-05,2 wk ahead cum death,2021-10-16,GM10,GM10,quantile,0.7,1699
2021-10-05,2 wk ahead cum death,2021-10-16,GM10,GM10,quantile,0.75,1700
2021-10-05,2 wk ahead cum death,2021-10-16,GM10,GM10,quantile,0.8,1700
2021-10-05,2 wk ahead cum death,2021-10-16,GM10,GM10,quantile,0.85,1701
2021-10-05,2 wk ahead cum death,2021-10-16,GM10,GM10,quantile,0.9,1701
2021-10-05,2 wk ahead cum death,2021-10-16,GM10,GM10,quantile,0.95,1702
2021-10-05,2 wk ahead cum death,2021-10-16,GM10,GM10,quantile,0.975,1707
2021-10-05,2 wk ahead cum death,2021-10-16,GM10,GM10,quantile,0.99,1712
2021-10-05,3 wk ahead inc death,2021-10-23,GM10,GM10,point,NA,4
2021-10-05,3 wk ahead inc death,2021-10-23,GM10,GM10,quantile,0.01,0
2021-10-05,3 wk ahead inc death,2021-10-23,GM10,GM10,quantile,0.025,0
2021-10-05,3 wk ahead inc death,2021-10-23,GM10,GM10,quantile,0.05,0
2021-10-05,3 wk ahead inc death,2021-10-23,GM10,GM10,quantile,0.1,1
2021-10-05,3 wk ahead inc death,2021-10-23,GM10,GM10,quantile,0.15,2
2021-10-05,3 wk ahead inc death,2021-10-23,GM10,GM10,quantile,0.2,2
2021-10-05,3 wk ahead inc death,2021-10-23,GM10,GM10,quantile,0.25,2
2021-10-05,3 wk ahead inc death,2021-10-23,GM10,GM10,quantile,0.3,3
2021-10-05,3 wk ahead inc death,2021-10-23,GM10,GM10,quantile,0.35,3
2021-10-05,3 wk ahead inc death,2021-10-23,GM10,GM10,quantile,0.4,4
2021-10-05,3 wk ahead inc death,2021-10-23,GM10,GM10,quantile,0.45,4
2021-10-05,3 wk ahead inc death,2021-10-23,GM10,GM10,quantile,0.5,4
2021-10-05,3 wk ahead inc death,2021-10-23,GM10,GM10,quantile,0.55,4
2021-10-05,3 wk ahead inc death,2021-10-23,GM10,GM10,quantile,0.6,5
2021-10-05,3 wk ahead inc death,2021-10-23,GM10,GM10,quantile,0.65,5
2021-10-05,3 wk ahead inc death,2021-10-23,GM10,GM10,quantile,0.7,6
2021-10-05,3 wk ahead inc death,2021-10-23,GM10,GM10,quantile,0.75,7
2021-10-05,3 wk ahead inc death,2021-10-23,GM10,GM10,quantile,0.8,8
2021-10-05,3 wk ahead inc death,2021-10-23,GM10,GM10,quantile,0.85,8
2021-10-05,3 wk ahead inc death,2021-10-23,GM10,GM10,quantile,0.9,9
2021-10-05,3 wk ahead inc death,2021-10-23,GM10,GM10,quantile,0.95,13
2021-10-05,3 wk ahead inc death,2021-10-23,GM10,GM10,quantile,0.975,20
2021-10-05,3 wk ahead inc death,2021-10-23,GM10,GM10,quantile,0.99,24
2021-10-05,3 wk ahead cum death,2021-10-23,GM10,GM10,point,NA,1701
2021-10-05,3 wk ahead cum death,2021-10-23,GM10,GM10,quantile,0.01,1697
2021-10-05,3 wk ahead cum death,2021-10-23,GM10,GM10,quantile,0.025,1697
2021-10-05,3 wk ahead cum death,2021-10-23,GM10,GM10,quantile,0.05,1697
2021-10-05,3 wk ahead cum death,2021-10-23,GM10,GM10,quantile,0.1,1698
2021-10-05,3 wk ahead cum death,2021-10-23,GM10,GM10,quantile,0.15,1699
2021-10-05,3 wk ahead cum death,2021-10-23,GM10,GM10,quantile,0.2,1699
2021-10-05,3 wk ahead cum death,2021-10-23,GM10,GM10,quantile,0.25,1699
2021-10-05,3 wk ahead cum death,2021-10-23,GM10,GM10,quantile,0.3,1700
2021-10-05,3 wk ahead cum death,2021-10-23,GM10,GM10,quantile,0.35,1700
2021-10-05,3 wk ahead cum death,2021-10-23,GM10,GM10,quantile,0.4,1701
2021-10-05,3 wk ahead cum death,2021-10-23,GM10,GM10,quantile,0.45,1701
2021-10-05,3 wk ahead cum death,2021-10-23,GM10,GM10,quantile,0.5,1701
2021-10-05,3 wk ahead cum death,2021-10-23,GM10,GM10,quantile,0.55,1701
2021-10-05,3 wk ahead cum death,2021-10-23,GM10,GM10,quantile,0.6,1702
2021-10-05,3 wk ahead cum death,2021-10-23,GM10,GM10,quantile,0.65,1702
2021-10-05,3 wk ahead cum death,2021-10-23,GM10,GM10,quantile,0.7,1703
2021-10-05,3 wk ahead cum death,2021-10-23,GM10,GM10,quantile,0.75,1704
2021-10-05,3 wk ahead cum death,2021-10-23,GM10,GM10,quantile,0.8,1705
2021-10-05,3 wk ahead cum death,2021-10-23,GM10,GM10,quantile,0.85,1705
2021-10-05,3 wk ahead cum death,2021-10-23,GM10,GM10,quantile,0.9,1706
2021-10-05,3 wk ahead cum death,2021-10-23,GM10,GM10,quantile,0.95,1710
2021-10-05,3 wk ahead cum death,2021-10-23,GM10,GM10,quantile,0.975,1717
2021-10-05,3 wk ahead cum death,2021-10-23,GM10,GM10,quantile,0.99,1721
2021-10-05,4 wk ahead inc death,2021-10-30,GM10,GM10,point,NA,4
2021-10-05,4 wk ahead inc death,2021-10-30,GM10,GM10,quantile,0.01,0
2021-10-05,4 wk ahead inc death,2021-10-30,GM10,GM10,quantile,0.025,0
2021-10-05,4 wk ahead inc death,2021-10-30,GM10,GM10,quantile,0.05,0
2021-10-05,4 wk ahead inc death,2021-10-30,GM10,GM10,quantile,0.1,1
2021-10-05,4 wk ahead inc death,2021-10-30,GM10,GM10,quantile,0.15,2
2021-10-05,4 wk ahead inc death,2021-10-30,GM10,GM10,quantile,0.2,2
2021-10-05,4 wk ahead inc death,2021-10-30,GM10,GM10,quantile,0.25,2
2021-10-05,4 wk ahead inc death,2021-10-30,GM10,GM10,quantile,0.3,3
2021-10-05,4 wk ahead inc death,2021-10-30,GM10,GM10,quantile,0.35,3
2021-10-05,4 wk ahead inc death,2021-10-30,GM10,GM10,quantile,0.4,4
2021-10-05,4 wk ahead inc death,2021-10-30,GM10,GM10,quantile,0.45,4
2021-10-05,4 wk ahead inc death,2021-10-30,GM10,GM10,quantile,0.5,4
2021-10-05,4 wk ahead inc death,2021-10-30,GM10,GM10,quantile,0.55,4
2021-10-05,4 wk ahead inc death,2021-10-30,GM10,GM10,quantile,0.6,5
2021-10-05,4 wk ahead inc death,2021-10-30,GM10,GM10,quantile,0.65,5
2021-10-05,4 wk ahead inc death,2021-10-30,GM10,GM10,quantile,0.7,7
2021-10-05,4 wk ahead inc death,2021-10-30,GM10,GM10,quantile,0.75,7
2021-10-05,4 wk ahead inc death,2021-10-30,GM10,GM10,quantile,0.8,8
2021-10-05,4 wk ahead inc death,2021-10-30,GM10,GM10,quantile,0.85,8
2021-10-05,4 wk ahead inc death,2021-10-30,GM10,GM10,quantile,0.9,10
2021-10-05,4 wk ahead inc death,2021-10-30,GM10,GM10,quantile,0.95,15
2021-10-05,4 wk ahead inc death,2021-10-30,GM10,GM10,quantile,0.975,22
2021-10-05,4 wk ahead inc death,2021-10-30,GM10,GM10,quantile,0.99,24
2021-10-05,4 wk ahead cum death,2021-10-30,GM10,GM10,point,NA,1705
2021-10-05,4 wk ahead cum death,2021-10-30,GM10,GM10,quantile,0.01,1701
2021-10-05,4 wk ahead cum death,2021-10-30,GM10,GM10,quantile,0.025,1701
2021-10-05,4 wk ahead cum death,2021-10-30,GM10,GM10,quantile,0.05,1701
2021-10-05,4 wk ahead cum death,2021-10-30,GM10,GM10,quantile,0.1,1702
2021-10-05,4 wk ahead cum death,2021-10-30,GM10,GM10,quantile,0.15,1703
2021-10-05,4 wk ahead cum death,2021-10-30,GM10,GM10,quantile,0.2,1703
2021-10-05,4 wk ahead cum death,2021-10-30,GM10,GM10,quantile,0.25,1703
2021-10-05,4 wk ahead cum death,2021-10-30,GM10,GM10,quantile,0.3,1704
2021-10-05,4 wk ahead cum death,2021-10-30,GM10,GM10,quantile,0.35,1704
2021-10-05,4 wk ahead cum death,2021-10-30,GM10,GM10,quantile,0.4,1705
2021-10-05,4 wk ahead cum death,2021-10-30,GM10,GM10,quantile,0.45,1705
2021-10-05,4 wk ahead cum death,2021-10-30,GM10,GM10,quantile,0.5,1705
2021-10-05,4 wk ahead cum death,2021-10-30,GM10,GM10,quantile,0.55,1705
2021-10-05,4 wk ahead cum death,2021-10-30,GM10,GM10,quantile,0.6,1706
2021-10-05,4 wk ahead cum death,2021-10-30,GM10,GM10,quantile,0.65,1706
2021-10-05,4 wk ahead cum death,2021-10-30,GM10,GM10,quantile,0.7,1708
2021-10-05,4 wk ahead cum death,2021-10-30,GM10,GM10,quantile,0.75,1708
2021-10-05,4 wk ahead cum death,2021-10-30,GM10,GM10,quantile,0.8,1709
2021-10-05,4 wk ahead cum death,2021-10-30,GM10,GM10,quantile,0.85,1709
2021-10-05,4 wk ahead cum death,2021-10-30,GM10,GM10,quantile,0.9,1711
2021-10-05,4 wk ahead cum death,2021-10-30,GM10,GM10,quantile,0.95,1716
2021-10-05,4 wk ahead cum death,2021-10-30,GM10,GM10,quantile,0.975,1723
2021-10-05,4 wk ahead cum death,2021-10-30,GM10,GM10,quantile,0.99,1725
2021-10-05,1 wk ahead inc death,2021-10-09,GM11,GM11,point,NA,7
2021-10-05,1 wk ahead inc death,2021-10-09,GM11,GM11,quantile,0.01,0
2021-10-05,1 wk ahead inc death,2021-10-09,GM11,GM11,quantile,0.025,0
2021-10-05,1 wk ahead inc death,2021-10-09,GM11,GM11,quantile,0.05,0
2021-10-05,1 wk ahead inc death,2021-10-09,GM11,GM11,quantile,0.1,1
2021-10-05,1 wk ahead inc death,2021-10-09,GM11,GM11,quantile,0.15,2
2021-10-05,1 wk ahead inc death,2021-10-09,GM11,GM11,quantile,0.2,3
2021-10-05,1 wk ahead inc death,2021-10-09,GM11,GM11,quantile,0.25,4
2021-10-05,1 wk ahead inc death,2021-10-09,GM11,GM11,quantile,0.3,5
2021-10-05,1 wk ahead inc death,2021-10-09,GM11,GM11,quantile,0.35,5
2021-10-05,1 wk ahead inc death,2021-10-09,GM11,GM11,quantile,0.4,6
2021-10-05,1 wk ahead inc death,2021-10-09,GM11,GM11,quantile,0.45,6
2021-10-05,1 wk ahead inc death,2021-10-09,GM11,GM11,quantile,0.5,7
2021-10-05,1 wk ahead inc death,2021-10-09,GM11,GM11,quantile,0.55,7
2021-10-05,1 wk ahead inc death,2021-10-09,GM11,GM11,quantile,0.6,7
2021-10-05,1 wk ahead inc death,2021-10-09,GM11,GM11,quantile,0.65,8
2021-10-05,1 wk ahead inc death,2021-10-09,GM11,GM11,quantile,0.7,8
2021-10-05,1 wk ahead inc death,2021-10-09,GM11,GM11,quantile,0.75,9
2021-10-05,1 wk ahead inc death,2021-10-09,GM11,GM11,quantile,0.8,9
2021-10-05,1 wk ahead inc death,2021-10-09,GM11,GM11,quantile,0.85,10
2021-10-05,1 wk ahead inc death,2021-10-09,GM11,GM11,quantile,0.9,11
2021-10-05,1 wk ahead inc death,2021-10-09,GM11,GM11,quantile,0.95,16
2021-10-05,1 wk ahead inc death,2021-10-09,GM11,GM11,quantile,0.975,19
2021-10-05,1 wk ahead inc death,2021-10-09,GM11,GM11,quantile,0.99,23
2021-10-05,1 wk ahead cum death,2021-10-09,GM11,GM11,point,NA,3859
2021-10-05,1 wk ahead cum death,2021-10-09,GM11,GM11,quantile,0.01,3852
2021-10-05,1 wk ahead cum death,2021-10-09,GM11,GM11,quantile,0.025,3852
2021-10-05,1 wk ahead cum death,2021-10-09,GM11,GM11,quantile,0.05,3852
2021-10-05,1 wk ahead cum death,2021-10-09,GM11,GM11,quantile,0.1,3853
2021-10-05,1 wk ahead cum death,2021-10-09,GM11,GM11,quantile,0.15,3854
2021-10-05,1 wk ahead cum death,2021-10-09,GM11,GM11,quantile,0.2,3855
2021-10-05,1 wk ahead cum death,2021-10-09,GM11,GM11,quantile,0.25,3856
2021-10-05,1 wk ahead cum death,2021-10-09,GM11,GM11,quantile,0.3,3857
2021-10-05,1 wk ahead cum death,2021-10-09,GM11,GM11,quantile,0.35,3857
2021-10-05,1 wk ahead cum death,2021-10-09,GM11,GM11,quantile,0.4,3858
2021-10-05,1 wk ahead cum death,2021-10-09,GM11,GM11,quantile,0.45,3858
2021-10-05,1 wk ahead cum death,2021-10-09,GM11,GM11,quantile,0.5,3859
2021-10-05,1 wk ahead cum death,2021-10-09,GM11,GM11,quantile,0.55,3859
2021-10-05,1 wk ahead cum death,2021-10-09,GM11,GM11,quantile,0.6,3859
2021-10-05,1 wk ahead cum death,2021-10-09,GM11,GM11,quantile,0.65,3860
2021-10-05,1 wk ahead cum death,2021-10-09,GM11,GM11,quantile,0.7,3860
2021-10-05,1 wk ahead cum death,2021-10-09,GM11,GM11,quantile,0.75,3861
2021-10-05,1 wk ahead cum death,2021-10-09,GM11,GM11,quantile,0.8,3861
2021-10-05,1 wk ahead cum death,2021-10-09,GM11,GM11,quantile,0.85,3862
2021-10-05,1 wk ahead cum death,2021-10-09,GM11,GM11,quantile,0.9,3863
2021-10-05,1 wk ahead cum death,2021-10-09,GM11,GM11,quantile,0.95,3868
2021-10-05,1 wk ahead cum death,2021-10-09,GM11,GM11,quantile,0.975,3871
2021-10-05,1 wk ahead cum death,2021-10-09,GM11,GM11,quantile,0.99,3875
2021-10-05,2 wk ahead inc death,2021-10-16,GM11,GM11,point,NA,7
2021-10-05,2 wk ahead inc death,2021-10-16,GM11,GM11,quantile,0.01,0
2021-10-05,2 wk ahead inc death,2021-10-16,GM11,GM11,quantile,0.025,0
2021-10-05,2 wk ahead inc death,2021-10-16,GM11,GM11,quantile,0.05,0
2021-10-05,2 wk ahead inc death,2021-10-16,GM11,GM11,quantile,0.1,1
2021-10-05,2 wk ahead inc death,2021-10-16,GM11,GM11,quantile,0.15,2
2021-10-05,2 wk ahead inc death,2021-10-16,GM11,GM11,quantile,0.2,3
2021-10-05,2 wk ahead inc death,2021-10-16,GM11,GM11,quantile,0.25,3
2021-10-05,2 wk ahead inc death,2021-10-16,GM11,GM11,quantile,0.3,5
2021-10-05,2 wk ahead inc death,2021-10-16,GM11,GM11,quantile,0.35,5
2021-10-05,2 wk ahead inc death,2021-10-16,GM11,GM11,quantile,0.4,6
2021-10-05,2 wk ahead inc death,2021-10-16,GM11,GM11,quantile,0.45,7
2021-10-05,2 wk ahead inc death,2021-10-16,GM11,GM11,quantile,0.5,7
2021-10-05,2 wk ahead inc death,2021-10-16,GM11,GM11,quantile,0.55,8
2021-10-05,2 wk ahead inc death,2021-10-16,GM11,GM11,quantile,0.6,8
2021-10-05,2 wk ahead inc death,2021-10-16,GM11,GM11,quantile,0.65,8
2021-10-05,2 wk ahead inc death,2021-10-16,GM11,GM11,quantile,0.7,9
2021-10-05,2 wk ahead inc death,2021-10-16,GM11,GM11,quantile,0.75,9
2021-10-05,2 wk ahead inc death,2021-10-16,GM11,GM11,quantile,0.8,10
2021-10-05,2 wk ahead inc death,2021-10-16,GM11,GM11,quantile,0.85,11
2021-10-05,2 wk ahead inc death,2021-10-16,GM11,GM11,quantile,0.9,13
2021-10-05,2 wk ahead inc death,2021-10-16,GM11,GM11,quantile,0.95,18
2021-10-05,2 wk ahead inc death,2021-10-16,GM11,GM11,quantile,0.975,20
2021-10-05,2 wk ahead inc death,2021-10-16,GM11,GM11,quantile,0.99,24
2021-10-05,2 wk ahead cum death,2021-10-16,GM11,GM11,point,NA,3866
2021-10-05,2 wk ahead cum death,2021-10-16,GM11,GM11,quantile,0.01,3859
2021-10-05,2 wk ahead cum death,2021-10-16,GM11,GM11,quantile,0.025,3859
2021-10-05,2 wk ahead cum death,2021-10-16,GM11,GM11,quantile,0.05,3859
2021-10-05,2 wk ahead cum death,2021-10-16,GM11,GM11,quantile,0.1,3860
2021-10-05,2 wk ahead cum death,2021-10-16,GM11,GM11,quantile,0.15,3861
2021-10-05,2 wk ahead cum death,2021-10-16,GM11,GM11,quantile,0.2,3862
2021-10-05,2 wk ahead cum death,2021-10-16,GM11,GM11,quantile,0.25,3862
2021-10-05,2 wk ahead cum death,2021-10-16,GM11,GM11,quantile,0.3,3864
2021-10-05,2 wk ahead cum death,2021-10-16,GM11,GM11,quantile,0.35,3864
2021-10-05,2 wk ahead cum death,2021-10-16,GM11,GM11,quantile,0.4,3865
2021-10-05,2 wk ahead cum death,2021-10-16,GM11,GM11,quantile,0.45,3866
2021-10-05,2 wk ahead cum death,2021-10-16,GM11,GM11,quantile,0.5,3866
2021-10-05,2 wk ahead cum death,2021-10-16,GM11,GM11,quantile,0.55,3867
2021-10-05,2 wk ahead cum death,2021-10-16,GM11,GM11,quantile,0.6,3867
2021-10-05,2 wk ahead cum death,2021-10-16,GM11,GM11,quantile,0.65,3867
2021-10-05,2 wk ahead cum death,2021-10-16,GM11,GM11,quantile,0.7,3868
2021-10-05,2 wk ahead cum death,2021-10-16,GM11,GM11,quantile,0.75,3868
2021-10-05,2 wk ahead cum death,2021-10-16,GM11,GM11,quantile,0.8,3869
2021-10-05,2 wk ahead cum death,2021-10-16,GM11,GM11,quantile,0.85,3870
2021-10-05,2 wk ahead cum death,2021-10-16,GM11,GM11,quantile,0.9,3872
2021-10-05,2 wk ahead cum death,2021-10-16,GM11,GM11,quantile,0.95,3877
2021-10-05,2 wk ahead cum death,2021-10-16,GM11,GM11,quantile,0.975,3879
2021-10-05,2 wk ahead cum death,2021-10-16,GM11,GM11,quantile,0.99,3883
2021-10-05,3 wk ahead inc death,2021-10-23,GM11,GM11,point,NA,7
2021-10-05,3 wk ahead inc death,2021-10-23,GM11,GM11,quantile,0.01,0
2021-10-05,3 wk ahead inc death,2021-10-23,GM11,GM11,quantile,0.025,0
2021-10-05,3 wk ahead inc death,2021-10-23,GM11,GM11,quantile,0.05,0
2021-10-05,3 wk ahead inc death,2021-10-23,GM11,GM11,quantile,0.1,0
2021-10-05,3 wk ahead inc death,2021-10-23,GM11,GM11,quantile,0.15,1
2021-10-05,3 wk ahead inc death,2021-10-23,GM11,GM11,quantile,0.2,2
2021-10-05,3 wk ahead inc death,2021-10-23,GM11,GM11,quantile,0.25,3
2021-10-05,3 wk ahead inc death,2021-10-23,GM11,GM11,quantile,0.3,4
2021-10-05,3 wk ahead inc death,2021-10-23,GM11,GM11,quantile,0.35,5
2021-10-05,3 wk ahead inc death,2021-10-23,GM11,GM11,quantile,0.4,6
2021-10-05,3 wk ahead inc death,2021-10-23,GM11,GM11,quantile,0.45,6
2021-10-05,3 wk ahead inc death,2021-10-23,GM11,GM11,quantile,0.5,7
2021-10-05,3 wk ahead inc death,2021-10-23,GM11,GM11,quantile,0.55,7
2021-10-05,3 wk ahead inc death,2021-10-23,GM11,GM11,quantile,0.6,8
2021-10-05,3 wk ahead inc death,2021-10-23,GM11,GM11,quantile,0.65,8
2021-10-05,3 wk ahead inc death,2021-10-23,GM11,GM11,quantile,0.7,8
2021-10-05,3 wk ahead inc death,2021-10-23,GM11,GM11,quantile,0.75,9
2021-10-05,3 wk ahead inc death,2021-10-23,GM11,GM11,quantile,0.8,9
2021-10-05,3 wk ahead inc death,2021-10-23,GM11,GM11,quantile,0.85,11
2021-10-05,3 wk ahead inc death,2021-10-23,GM11,GM11,quantile,0.9,15
2021-10-05,3 wk ahead inc death,2021-10-23,GM11,GM11,quantile,0.95,21
2021-10-05,3 wk ahead inc death,2021-10-23,GM11,GM11,quantile,0.975,23
2021-10-05,3 wk ahead inc death,2021-10-23,GM11,GM11,quantile,0.99,24
2021-10-05,3 wk ahead cum death,2021-10-23,GM11,GM11,point,NA,3873
2021-10-05,3 wk ahead cum death,2021-10-23,GM11,GM11,quantile,0.01,3866
2021-10-05,3 wk ahead cum death,2021-10-23,GM11,GM11,quantile,0.025,3866
2021-10-05,3 wk ahead cum death,2021-10-23,GM11,GM11,quantile,0.05,3866
2021-10-05,3 wk ahead cum death,2021-10-23,GM11,GM11,quantile,0.1,3866
2021-10-05,3 wk ahead cum death,2021-10-23,GM11,GM11,quantile,0.15,3867
2021-10-05,3 wk ahead cum death,2021-10-23,GM11,GM11,quantile,0.2,3868
2021-10-05,3 wk ahead cum death,2021-10-23,GM11,GM11,quantile,0.25,3869
2021-10-05,3 wk ahead cum death,2021-10-23,GM11,GM11,quantile,0.3,3870
2021-10-05,3 wk ahead cum death,2021-10-23,GM11,GM11,quantile,0.35,3871
2021-10-05,3 wk ahead cum death,2021-10-23,GM11,GM11,quantile,0.4,3872
2021-10-05,3 wk ahead cum death,2021-10-23,GM11,GM11,quantile,0.45,3872
2021-10-05,3 wk ahead cum death,2021-10-23,GM11,GM11,quantile,0.5,3873
2021-10-05,3 wk ahead cum death,2021-10-23,GM11,GM11,quantile,0.55,3873
2021-10-05,3 wk ahead cum death,2021-10-23,GM11,GM11,quantile,0.6,3874
2021-10-05,3 wk ahead cum death,2021-10-23,GM11,GM11,quantile,0.65,3874
2021-10-05,3 wk ahead cum death,2021-10-23,GM11,GM11,quantile,0.7,3874
2021-10-05,3 wk ahead cum death,2021-10-23,GM11,GM11,quantile,0.75,3875
2021-10-05,3 wk ahead cum death,2021-10-23,GM11,GM11,quantile,0.8,3875
2021-10-05,3 wk ahead cum death,2021-10-23,GM11,GM11,quantile,0.85,3877
2021-10-05,3 wk ahead cum death,2021-10-23,GM11,GM11,quantile,0.9,3881
2021-10-05,3 wk ahead cum death,2021-10-23,GM11,GM11,quantile,0.95,3887
2021-10-05,3 wk ahead cum death,2021-10-23,GM11,GM11,quantile,0.975,3889
2021-10-05,3 wk ahead cum death,2021-10-23,GM11,GM11,quantile,0.99,3890
2021-10-05,4 wk ahead inc death,2021-10-30,GM11,GM11,point,NA,7
2021-10-05,4 wk ahead inc death,2021-10-30,GM11,GM11,quantile,0.01,0
2021-10-05,4 wk ahead inc death,2021-10-30,GM11,GM11,quantile,0.025,0
2021-10-05,4 wk ahead inc death,2021-10-30,GM11,GM11,quantile,0.05,0
2021-10-05,4 wk ahead inc death,2021-10-30,GM11,GM11,quantile,0.1,0
2021-10-05,4 wk ahead inc death,2021-10-30,GM11,GM11,quantile,0.15,1
2021-10-05,4 wk ahead inc death,2021-10-30,GM11,GM11,quantile,0.2,3
2021-10-05,4 wk ahead inc death,2021-10-30,GM11,GM11,quantile,0.25,3
2021-10-05,4 wk ahead inc death,2021-10-30,GM11,GM11,quantile,0.3,4
2021-10-05,4 wk ahead inc death,2021-10-30,GM11,GM11,quantile,0.35,5
2021-10-05,4 wk ahead inc death,2021-10-30,GM11,GM11,quantile,0.4,6
2021-10-05,4 wk ahead inc death,2021-10-30,GM11,GM11,quantile,0.45,6
2021-10-05,4 wk ahead inc death,2021-10-30,GM11,GM11,quantile,0.5,7
2021-10-05,4 wk ahead inc death,2021-10-30,GM11,GM11,quantile,0.55,7
2021-10-05,4 wk ahead inc death,2021-10-30,GM11,GM11,quantile,0.6,8
2021-10-05,4 wk ahead inc death,2021-10-30,GM11,GM11,quantile,0.65,8
2021-10-05,4 wk ahead inc death,2021-10-30,GM11,GM11,quantile,0.7,9
2021-10-05,4 wk ahead inc death,2021-10-30,GM11,GM11,quantile,0.75,9
2021-10-05,4 wk ahead inc death,2021-10-30,GM11,GM11,quantile,0.8,10
2021-10-05,4 wk ahead inc death,2021-10-30,GM11,GM11,quantile,0.85,11
2021-10-05,4 wk ahead inc death,2021-10-30,GM11,GM11,quantile,0.9,15
2021-10-05,4 wk ahead inc death,2021-10-30,GM11,GM11,quantile,0.95,20
2021-10-05,4 wk ahead inc death,2021-10-30,GM11,GM11,quantile,0.975,23
2021-10-05,4 wk ahead inc death,2021-10-30,GM11,GM11,quantile,0.99,23
2021-10-05,4 wk ahead cum death,2021-10-30,GM11,GM11,point,NA,3880
2021-10-05,4 wk ahead cum death,2021-10-30,GM11,GM11,quantile,0.01,3873
2021-10-05,4 wk ahead cum death,2021-10-30,GM11,GM11,quantile,0.025,3873
2021-10-05,4 wk ahead cum death,2021-10-30,GM11,GM11,quantile,0.05,3873
2021-10-05,4 wk ahead cum death,2021-10-30,GM11,GM11,quantile,0.1,3873
2021-10-05,4 wk ahead cum death,2021-10-30,GM11,GM11,quantile,0.15,3874
2021-10-05,4 wk ahead cum death,2021-10-30,GM11,GM11,quantile,0.2,3876
2021-10-05,4 wk ahead cum death,2021-10-30,GM11,GM11,quantile,0.25,3876
2021-10-05,4 wk ahead cum death,2021-10-30,GM11,GM11,quantile,0.3,3877
2021-10-05,4 wk ahead cum death,2021-10-30,GM11,GM11,quantile,0.35,3878
2021-10-05,4 wk ahead cum death,2021-10-30,GM11,GM11,quantile,0.4,3879
2021-10-05,4 wk ahead cum death,2021-10-30,GM11,GM11,quantile,0.45,3879
2021-10-05,4 wk ahead cum death,2021-10-30,GM11,GM11,quantile,0.5,3880
2021-10-05,4 wk ahead cum death,2021-10-30,GM11,GM11,quantile,0.55,3880
2021-10-05,4 wk ahead cum death,2021-10-30,GM11,GM11,quantile,0.6,3881
2021-10-05,4 wk ahead cum death,2021-10-30,GM11,GM11,quantile,0.65,3881
2021-10-05,4 wk ahead cum death,2021-10-30,GM11,GM11,quantile,0.7,3882
2021-10-05,4 wk ahead cum death,2021-10-30,GM11,GM11,quantile,0.75,3882
2021-10-05,4 wk ahead cum death,2021-10-30,GM11,GM11,quantile,0.8,3883
2021-10-05,4 wk ahead cum death,2021-10-30,GM11,GM11,quantile,0.85,3884
2021-10-05,4 wk ahead cum death,2021-10-30,GM11,GM11,quantile,0.9,3888
2021-10-05,4 wk ahead cum death,2021-10-30,GM11,GM11,quantile,0.95,3893
2021-10-05,4 wk ahead cum death,2021-10-30,GM11,GM11,quantile,0.975,3896
2021-10-05,4 wk ahead cum death,2021-10-30,GM11,GM11,quantile,0.99,3896
2021-10-05,1 wk ahead inc death,2021-10-09,GM12,GM12,point,NA,2
2021-10-05,1 wk ahead inc death,2021-10-09,GM12,GM12,quantile,0.01,0
2021-10-05,1 wk ahead inc death,2021-10-09,GM12,GM12,quantile,0.025,0
2021-10-05,1 wk ahead inc death,2021-10-09,GM12,GM12,quantile,0.05,0
2021-10-05,1 wk ahead inc death,2021-10-09,GM12,GM12,quantile,0.1,0
2021-10-05,1 wk ahead inc death,2021-10-09,GM12,GM12,quantile,0.15,0
2021-10-05,1 wk ahead inc death,2021-10-09,GM12,GM12,quantile,0.2,0
2021-10-05,1 wk ahead inc death,2021-10-09,GM12,GM12,quantile,0.25,1
2021-10-05,1 wk ahead inc death,2021-10-09,GM12,GM12,quantile,0.3,1
2021-10-05,1 wk ahead inc death,2021-10-09,GM12,GM12,quantile,0.35,2
2021-10-05,1 wk ahead inc death,2021-10-09,GM12,GM12,quantile,0.4,2
2021-10-05,1 wk ahead inc death,2021-10-09,GM12,GM12,quantile,0.45,2
2021-10-05,1 wk ahead inc death,2021-10-09,GM12,GM12,quantile,0.5,2
2021-10-05,1 wk ahead inc death,2021-10-09,GM12,GM12,quantile,0.55,3
2021-10-05,1 wk ahead inc death,2021-10-09,GM12,GM12,quantile,0.6,3
2021-10-05,1 wk ahead inc death,2021-10-09,GM12,GM12,quantile,0.65,3
2021-10-05,1 wk ahead inc death,2021-10-09,GM12,GM12,quantile,0.7,4
2021-10-05,1 wk ahead inc death,2021-10-09,GM12,GM12,quantile,0.75,4
2021-10-05,1 wk ahead inc death,2021-10-09,GM12,GM12,quantile,0.8,4
2021-10-05,1 wk ahead inc death,2021-10-09,GM12,GM12,quantile,0.85,4
2021-10-05,1 wk ahead inc death,2021-10-09,GM12,GM12,quantile,0.9,5
2021-10-05,1 wk ahead inc death,2021-10-09,GM12,GM12,quantile,0.95,6
2021-10-05,1 wk ahead inc death,2021-10-09,GM12,GM12,quantile,0.975,7
2021-10-05,1 wk ahead inc death,2021-10-09,GM12,GM12,quantile,0.99,8
2021-10-05,1 wk ahead cum death,2021-10-09,GM12,GM12,point,NA,1204
2021-10-05,1 wk ahead cum death,2021-10-09,GM12,GM12,quantile,0.01,1202
2021-10-05,1 wk ahead cum death,2021-10-09,GM12,GM12,quantile,0.025,1202
2021-10-05,1 wk ahead cum death,2021-10-09,GM12,GM12,quantile,0.05,1202
2021-10-05,1 wk ahead cum death,2021-10-09,GM12,GM12,quantile,0.1,1202
2021-10-05,1 wk ahead cum death,2021-10-09,GM12,GM12,quantile,0.15,1202
2021-10-05,1 wk ahead cum death,2021-10-09,GM12,GM12,quantile,0.2,1202
2021-10-05,1 wk ahead cum death,2021-10-09,GM12,GM12,quantile,0.25,1203
2021-10-05,1 wk ahead cum death,2021-10-09,GM12,GM12,quantile,0.3,1203
2021-10-05,1 wk ahead cum death,2021-10-09,GM12,GM12,quantile,0.35,1204
2021-10-05,1 wk ahead cum death,2021-10-09,GM12,GM12,quantile,0.4,1204
2021-10-05,1 wk ahead cum death,2021-10-09,GM12,GM12,quantile,0.45,1204
2021-10-05,1 wk ahead cum death,2021-10-09,GM12,GM12,quantile,0.5,1204
2021-10-05,1 wk ahead cum death,2021-10-09,GM12,GM12,quantile,0.55,1205
2021-10-05,1 wk ahead cum death,2021-10-09,GM12,GM12,quantile,0.6,1205
2021-10-05,1 wk ahead cum death,2021-10-09,GM12,GM12,quantile,0.65,1205
2021-10-05,1 wk ahead cum death,2021-10-09,GM12,GM12,quantile,0.7,1206
2021-10-05,1 wk ahead cum death,2021-10-09,GM12,GM12,quantile,0.75,1206
2021-10-05,1 wk ahead cum death,2021-10-09,GM12,GM12,quantile,0.8,1206
2021-10-05,1 wk ahead cum death,2021-10-09,GM12,GM12,quantile,0.85,1206
2021-10-05,1 wk ahead cum death,2021-10-09,GM12,GM12,quantile,0.9,1207
2021-10-05,1 wk ahead cum death,2021-10-09,GM12,GM12,quantile,0.95,1208
2021-10-05,1 wk ahead cum death,2021-10-09,GM12,GM12,quantile,0.975,1209
2021-10-05,1 wk ahead cum death,2021-10-09,GM12,GM12,quantile,0.99,1210
2021-10-05,2 wk ahead inc death,2021-10-16,GM12,GM12,point,NA,2
2021-10-05,2 wk ahead inc death,2021-10-16,GM12,GM12,quantile,0.01,0
2021-10-05,2 wk ahead inc death,2021-10-16,GM12,GM12,quantile,0.025,0
2021-10-05,2 wk ahead inc death,2021-10-16,GM12,GM12,quantile,0.05,0
2021-10-05,2 wk ahead inc death,2021-10-16,GM12,GM12,quantile,0.1,0
2021-10-05,2 wk ahead inc death,2021-10-16,GM12,GM12,quantile,0.15,0
2021-10-05,2 wk ahead inc death,2021-10-16,GM12,GM12,quantile,0.2,1
2021-10-05,2 wk ahead inc death,2021-10-16,GM12,GM12,quantile,0.25,1
2021-10-05,2 wk ahead inc death,2021-10-16,GM12,GM12,quantile,0.3,2
2021-10-05,2 wk ahead inc death,2021-10-16,GM12,GM12,quantile,0.35,2
2021-10-05,2 wk ahead inc death,2021-10-16,GM12,GM12,quantile,0.4,2
2021-10-05,2 wk ahead inc death,2021-10-16,GM12,GM12,quantile,0.45,2
2021-10-05,2 wk ahead inc death,2021-10-16,GM12,GM12,quantile,0.5,2
2021-10-05,2 wk ahead inc death,2021-10-16,GM12,GM12,quantile,0.55,3
2021-10-05,2 wk ahead inc death,2021-10-16,GM12,GM12,quantile,0.6,3
2021-10-05,2 wk ahead inc death,2021-10-16,GM12,GM12,quantile,0.65,3
2021-10-05,2 wk ahead inc death,2021-10-16,GM12,GM12,quantile,0.7,3
2021-10-05,2 wk ahead inc death,2021-10-16,GM12,GM12,quantile,0.75,4
2021-10-05,2 wk ahead inc death,2021-10-16,GM12,GM12,quantile,0.8,4
2021-10-05,2 wk ahead inc death,2021-10-16,GM12,GM12,quantile,0.85,4
2021-10-05,2 wk ahead inc death,2021-10-16,GM12,GM12,quantile,0.9,5
2021-10-05,2 wk ahead inc death,2021-10-16,GM12,GM12,quantile,0.95,6
2021-10-05,2 wk ahead inc death,2021-10-16,GM12,GM12,quantile,0.975,8
2021-10-05,2 wk ahead inc death,2021-10-16,GM12,GM12,quantile,0.99,11
2021-10-05,2 wk ahead cum death,2021-10-16,GM12,GM12,point,NA,1206
2021-10-05,2 wk ahead cum death,2021-10-16,GM12,GM12,quantile,0.01,1204
2021-10-05,2 wk ahead cum death,2021-10-16,GM12,GM12,quantile,0.025,1204
2021-10-05,2 wk ahead cum death,2021-10-16,GM12,GM12,quantile,0.05,1204
2021-10-05,2 wk ahead cum death,2021-10-16,GM12,GM12,quantile,0.1,1204
2021-10-05,2 wk ahead cum death,2021-10-16,GM12,GM12,quantile,0.15,1204
2021-10-05,2 wk ahead cum death,2021-10-16,GM12,GM12,quantile,0.2,1205
2021-10-05,2 wk ahead cum death,2021-10-16,GM12,GM12,quantile,0.25,1205
2021-10-05,2 wk ahead cum death,2021-10-16,GM12,GM12,quantile,0.3,1206
2021-10-05,2 wk ahead cum death,2021-10-16,GM12,GM12,quantile,0.35,1206
2021-10-05,2 wk ahead cum death,2021-10-16,GM12,GM12,quantile,0.4,1206
2021-10-05,2 wk ahead cum death,2021-10-16,GM12,GM12,quantile,0.45,1206
2021-10-05,2 wk ahead cum death,2021-10-16,GM12,GM12,quantile,0.5,1206
2021-10-05,2 wk ahead cum death,2021-10-16,GM12,GM12,quantile,0.55,1207
2021-10-05,2 wk ahead cum death,2021-10-16,GM12,GM12,quantile,0.6,1207
2021-10-05,2 wk ahead cum death,2021-10-16,GM12,GM12,quantile,0.65,1207
2021-10-05,2 wk ahead cum death,2021-10-16,GM12,GM12,quantile,0.7,1207
2021-10-05,2 wk ahead cum death,2021-10-16,GM12,GM12,quantile,0.75,1208
2021-10-05,2 wk ahead cum death,2021-10-16,GM12,GM12,quantile,0.8,1208
2021-10-05,2 wk ahead cum death,2021-10-16,GM12,GM12,quantile,0.85,1208
2021-10-05,2 wk ahead cum death,2021-10-16,GM12,GM12,quantile,0.9,1209
2021-10-05,2 wk ahead cum death,2021-10-16,GM12,GM12,quantile,0.95,1210
2021-10-05,2 wk ahead cum death,2021-10-16,GM12,GM12,quantile,0.975,1212
2021-10-05,2 wk ahead cum death,2021-10-16,GM12,GM12,quantile,0.99,1215
2021-10-05,3 wk ahead inc death,2021-10-23,GM12,GM12,point,NA,3
2021-10-05,3 wk ahead inc death,2021-10-23,GM12,GM12,quantile,0.01,1
2021-10-05,3 wk ahead inc death,2021-10-23,GM12,GM12,quantile,0.025,1
2021-10-05,3 wk ahead inc death,2021-10-23,GM12,GM12,quantile,0.05,1
2021-10-05,3 wk ahead inc death,2021-10-23,GM12,GM12,quantile,0.1,1
2021-10-05,3 wk ahead inc death,2021-10-23,GM12,GM12,quantile,0.15,2
2021-10-05,3 wk ahead inc death,2021-10-23,GM12,GM12,quantile,0.2,2
2021-10-05,3 wk ahead inc death,2021-10-23,GM12,GM12,quantile,0.25,2
2021-10-05,3 wk ahead inc death,2021-10-23,GM12,GM12,quantile,0.3,3
2021-10-05,3 wk ahead inc death,2021-10-23,GM12,GM12,quantile,0.35,3
2021-10-05,3 wk ahead inc death,2021-10-23,GM12,GM12,quantile,0.4,3
2021-10-05,3 wk ahead inc death,2021-10-23,GM12,GM12,quantile,0.45,3
2021-10-05,3 wk ahead inc death,2021-10-23,GM12,GM12,quantile,0.5,3
2021-10-05,3 wk ahead inc death,2021-10-23,GM12,GM12,quantile,0.55,4
2021-10-05,3 wk ahead inc death,2021-10-23,GM12,GM12,quantile,0.6,4
2021-10-05,3 wk ahead inc death,2021-10-23,GM12,GM12,quantile,0.65,4
2021-10-05,3 wk ahead inc death,2021-10-23,GM12,GM12,quantile,0.7,5
2021-10-05,3 wk ahead inc death,2021-10-23,GM12,GM12,quantile,0.75,5
2021-10-05,3 wk ahead inc death,2021-10-23,GM12,GM12,quantile,0.8,6
2021-10-05,3 wk ahead inc death,2021-10-23,GM12,GM12,quantile,0.85,6
2021-10-05,3 wk ahead inc death,2021-10-23,GM12,GM12,quantile,0.9,7
2021-10-05,3 wk ahead inc death,2021-10-23,GM12,GM12,quantile,0.95,8
2021-10-05,3 wk ahead inc death,2021-10-23,GM12,GM12,quantile,0.975,9
2021-10-05,3 wk ahead inc death,2021-10-23,GM12,GM12,quantile,0.99,14
2021-10-05,3 wk ahead cum death,2021-10-23,GM12,GM12,point,NA,1209
2021-10-05,3 wk ahead cum death,2021-10-23,GM12,GM12,quantile,0.01,1207
2021-10-05,3 wk ahead cum death,2021-10-23,GM12,GM12,quantile,0.025,1207
2021-10-05,3 wk ahead cum death,2021-10-23,GM12,GM12,quantile,0.05,1207
2021-10-05,3 wk ahead cum death,2021-10-23,GM12,GM12,quantile,0.1,1207
2021-10-05,3 wk ahead cum death,2021-10-23,GM12,GM12,quantile,0.15,1208
2021-10-05,3 wk ahead cum death,2021-10-23,GM12,GM12,quantile,0.2,1208
2021-10-05,3 wk ahead cum death,2021-10-23,GM12,GM12,quantile,0.25,1208
2021-10-05,3 wk ahead cum death,2021-10-23,GM12,GM12,quantile,0.3,1209
2021-10-05,3 wk ahead cum death,2021-10-23,GM12,GM12,quantile,0.35,1209
2021-10-05,3 wk ahead cum death,2021-10-23,GM12,GM12,quantile,0.4,1209
2021-10-05,3 wk ahead cum death,2021-10-23,GM12,GM12,quantile,0.45,1209
2021-10-05,3 wk ahead cum death,2021-10-23,GM12,GM12,quantile,0.5,1209
2021-10-05,3 wk ahead cum death,2021-10-23,GM12,GM12,quantile,0.55,1210
2021-10-05,3 wk ahead cum death,2021-10-23,GM12,GM12,quantile,0.6,1210
2021-10-05,3 wk ahead cum death,2021-10-23,GM12,GM12,quantile,0.65,1210
2021-10-05,3 wk ahead cum death,2021-10-23,GM12,GM12,quantile,0.7,1211
2021-10-05,3 wk ahead cum death,2021-10-23,GM12,GM12,quantile,0.75,1211
2021-10-05,3 wk ahead cum death,2021-10-23,GM12,GM12,quantile,0.8,1212
2021-10-05,3 wk ahead cum death,2021-10-23,GM12,GM12,quantile,0.85,1212
2021-10-05,3 wk ahead cum death,2021-10-23,GM12,GM12,quantile,0.9,1213
2021-10-05,3 wk ahead cum death,2021-10-23,GM12,GM12,quantile,0.95,1214
2021-10-05,3 wk ahead cum death,2021-10-23,GM12,GM12,quantile,0.975,1215
2021-10-05,3 wk ahead cum death,2021-10-23,GM12,GM12,quantile,0.99,1220
2021-10-05,4 wk ahead inc death,2021-10-30,GM12,GM12,point,NA,3
2021-10-05,4 wk ahead inc death,2021-10-30,GM12,GM12,quantile,0.01,0
2021-10-05,4 wk ahead inc death,2021-10-30,GM12,GM12,quantile,0.025,0
2021-10-05,4 wk ahead inc death,2021-10-30,GM12,GM12,quantile,0.05,0
2021-10-05,4 wk ahead inc death,2021-10-30,GM12,GM12,quantile,0.1,0
2021-10-05,4 wk ahead inc death,2021-10-30,GM12,GM12,quantile,0.15,1
2021-10-05,4 wk ahead inc death,2021-10-30,GM12,GM12,quantile,0.2,1
2021-10-05,4 wk ahead inc death,2021-10-30,GM12,GM12,quantile,0.25,1
2021-10-05,4 wk ahead inc death,2021-10-30,GM12,GM12,quantile,0.3,1
2021-10-05,4 wk ahead inc death,2021-10-30,GM12,GM12,quantile,0.35,2
2021-10-05,4 wk ahead inc death,2021-10-30,GM12,GM12,quantile,0.4,2
2021-10-05,4 wk ahead inc death,2021-10-30,GM12,GM12,quantile,0.45,2
2021-10-05,4 wk ahead inc death,2021-10-30,GM12,GM12,quantile,0.5,3
2021-10-05,4 wk ahead inc death,2021-10-30,GM12,GM12,quantile,0.55,3
2021-10-05,4 wk ahead inc death,2021-10-30,GM12,GM12,quantile,0.6,3
2021-10-05,4 wk ahead inc death,2021-10-30,GM12,GM12,quantile,0.65,3
2021-10-05,4 wk ahead inc death,2021-10-30,GM12,GM12,quantile,0.7,4
2021-10-05,4 wk ahead inc death,2021-10-30,GM12,GM12,quantile,0.75,5
2021-10-05,4 wk ahead inc death,2021-10-30,GM12,GM12,quantile,0.8,5
2021-10-05,4 wk ahead inc death,2021-10-30,GM12,GM12,quantile,0.85,6
2021-10-05,4 wk ahead inc death,2021-10-30,GM12,GM12,quantile,0.9,7
2021-10-05,4 wk ahead inc death,2021-10-30,GM12,GM12,quantile,0.95,8
2021-10-05,4 wk ahead inc death,2021-10-30,GM12,GM12,quantile,0.975,9
2021-10-05,4 wk ahead inc death,2021-10-30,GM12,GM12,quantile,0.99,13
2021-10-05,4 wk ahead cum death,2021-10-30,GM12,GM12,point,NA,1212
2021-10-05,4 wk ahead cum death,2021-10-30,GM12,GM12,quantile,0.01,1209
2021-10-05,4 wk ahead cum death,2021-10-30,GM12,GM12,quantile,0.025,1209
2021-10-05,4 wk ahead cum death,2021-10-30,GM12,GM12,quantile,0.05,1209
2021-10-05,4 wk ahead cum death,2021-10-30,GM12,GM12,quantile,0.1,1209
2021-10-05,4 wk ahead cum death,2021-10-30,GM12,GM12,quantile,0.15,1210
2021-10-05,4 wk ahead cum death,2021-10-30,GM12,GM12,quantile,0.2,1210
2021-10-05,4 wk ahead cum death,2021-10-30,GM12,GM12,quantile,0.25,1210
2021-10-05,4 wk ahead cum death,2021-10-30,GM12,GM12,quantile,0.3,1210
2021-10-05,4 wk ahead cum death,2021-10-30,GM12,GM12,quantile,0.35,1211
2021-10-05,4 wk ahead cum death,2021-10-30,GM12,GM12,quantile,0.4,1211
2021-10-05,4 wk ahead cum death,2021-10-30,GM12,GM12,quantile,0.45,1211
2021-10-05,4 wk ahead cum death,2021-10-30,GM12,GM12,quantile,0.5,1212
2021-10-05,4 wk ahead cum death,2021-10-30,GM12,GM12,quantile,0.55,1212
2021-10-05,4 wk ahead cum death,2021-10-30,GM12,GM12,quantile,0.6,1212
2021-10-05,4 wk ahead cum death,2021-10-30,GM12,GM12,quantile,0.65,1212
2021-10-05,4 wk ahead cum death,2021-10-30,GM12,GM12,quantile,0.7,1213
2021-10-05,4 wk ahead cum death,2021-10-30,GM12,GM12,quantile,0.75,1214
2021-10-05,4 wk ahead cum death,2021-10-30,GM12,GM12,quantile,0.8,1214
2021-10-05,4 wk ahead cum death,2021-10-30,GM12,GM12,quantile,0.85,1215
2021-10-05,4 wk ahead cum death,2021-10-30,GM12,GM12,quantile,0.9,1216
2021-10-05,4 wk ahead cum death,2021-10-30,GM12,GM12,quantile,0.95,1217
2021-10-05,4 wk ahead cum death,2021-10-30,GM12,GM12,quantile,0.975,1218
2021-10-05,4 wk ahead cum death,2021-10-30,GM12,GM12,quantile,0.99,1222
2021-10-05,1 wk ahead inc death,2021-10-09,GM13,GM13,point,NA,8
2021-10-05,1 wk ahead inc death,2021-10-09,GM13,GM13,quantile,0.01,0
2021-10-05,1 wk ahead inc death,2021-10-09,GM13,GM13,quantile,0.025,0
2021-10-05,1 wk ahead inc death,2021-10-09,GM13,GM13,quantile,0.05,0
2021-10-05,1 wk ahead inc death,2021-10-09,GM13,GM13,quantile,0.1,0
2021-10-05,1 wk ahead inc death,2021-10-09,GM13,GM13,quantile,0.15,0
2021-10-05,1 wk ahead inc death,2021-10-09,GM13,GM13,quantile,0.2,1
2021-10-05,1 wk ahead inc death,2021-10-09,GM13,GM13,quantile,0.25,3
2021-10-05,1 wk ahead inc death,2021-10-09,GM13,GM13,quantile,0.3,4
2021-10-05,1 wk ahead inc death,2021-10-09,GM13,GM13,quantile,0.35,5
2021-10-05,1 wk ahead inc death,2021-10-09,GM13,GM13,quantile,0.4,6
2021-10-05,1 wk ahead inc death,2021-10-09,GM13,GM13,quantile,0.45,7
2021-10-05,1 wk ahead inc death,2021-10-09,GM13,GM13,quantile,0.5,8
2021-10-05,1 wk ahead inc death,2021-10-09,GM13,GM13,quantile,0.55,9
2021-10-05,1 wk ahead inc death,2021-10-09,GM13,GM13,quantile,0.6,10
2021-10-05,1 wk ahead inc death,2021-10-09,GM13,GM13,quantile,0.65,10
2021-10-05,1 wk ahead inc death,2021-10-09,GM13,GM13,quantile,0.7,11
2021-10-05,1 wk ahead inc death,2021-10-09,GM13,GM13,quantile,0.75,12
2021-10-05,1 wk ahead inc death,2021-10-09,GM13,GM13,quantile,0.8,13
2021-10-05,1 wk ahead inc death,2021-10-09,GM13,GM13,quantile,0.85,16
2021-10-05,1 wk ahead inc death,2021-10-09,GM13,GM13,quantile,0.9,19
2021-10-05,1 wk ahead inc death,2021-10-09,GM13,GM13,quantile,0.95,23
2021-10-05,1 wk ahead inc death,2021-10-09,GM13,GM13,quantile,0.975,28
2021-10-05,1 wk ahead inc death,2021-10-09,GM13,GM13,quantile,0.99,29
2021-10-05,1 wk ahead cum death,2021-10-09,GM13,GM13,point,NA,10237
2021-10-05,1 wk ahead cum death,2021-10-09,GM13,GM13,quantile,0.01,10229
2021-10-05,1 wk ahead cum death,2021-10-09,GM13,GM13,quantile,0.025,10229
2021-10-05,1 wk ahead cum death,2021-10-09,GM13,GM13,quantile,0.05,10229
2021-10-05,1 wk ahead cum death,2021-10-09,GM13,GM13,quantile,0.1,10229
2021-10-05,1 wk ahead cum death,2021-10-09,GM13,GM13,quantile,0.15,10229
2021-10-05,1 wk ahead cum death,2021-10-09,GM13,GM13,quantile,0.2,10230
2021-10-05,1 wk ahead cum death,2021-10-09,GM13,GM13,quantile,0.25,10232
2021-10-05,1 wk ahead cum death,2021-10-09,GM13,GM13,quantile,0.3,10233
2021-10-05,1 wk ahead cum death,2021-10-09,GM13,GM13,quantile,0.35,10234
2021-10-05,1 wk ahead cum death,2021-10-09,GM13,GM13,quantile,0.4,10235
2021-10-05,1 wk ahead cum death,2021-10-09,GM13,GM13,quantile,0.45,10236
2021-10-05,1 wk ahead cum death,2021-10-09,GM13,GM13,quantile,0.5,10237
2021-10-05,1 wk ahead cum death,2021-10-09,GM13,GM13,quantile,0.55,10238
2021-10-05,1 wk ahead cum death,2021-10-09,GM13,GM13,quantile,0.6,10239
2021-10-05,1 wk ahead cum death,2021-10-09,GM13,GM13,quantile,0.65,10239
2021-10-05,1 wk ahead cum death,2021-10-09,GM13,GM13,quantile,0.7,10240
2021-10-05,1 wk ahead cum death,2021-10-09,GM13,GM13,quantile,0.75,10241
2021-10-05,1 wk ahead cum death,2021-10-09,GM13,GM13,quantile,0.8,10242
2021-10-05,1 wk ahead cum death,2021-10-09,GM13,GM13,quantile,0.85,10245
2021-10-05,1 wk ahead cum death,2021-10-09,GM13,GM13,quantile,0.9,10248
2021-10-05,1 wk ahead cum death,2021-10-09,GM13,GM13,quantile,0.95,10252
2021-10-05,1 wk ahead cum death,2021-10-09,GM13,GM13,quantile,0.975,10257
2021-10-05,1 wk ahead cum death,2021-10-09,GM13,GM13,quantile,0.99,10258
2021-10-05,2 wk ahead inc death,2021-10-16,GM13,GM13,point,NA,10
2021-10-05,2 wk ahead inc death,2021-10-16,GM13,GM13,quantile,0.01,0
2021-10-05,2 wk ahead inc death,2021-10-16,GM13,GM13,quantile,0.025,0
2021-10-05,2 wk ahead inc death,2021-10-16,GM13,GM13,quantile,0.05,0
2021-10-05,2 wk ahead inc death,2021-10-16,GM13,GM13,quantile,0.1,0
2021-10-05,2 wk ahead inc death,2021-10-16,GM13,GM13,quantile,0.15,0
2021-10-05,2 wk ahead inc death,2021-10-16,GM13,GM13,quantile,0.2,3
2021-10-05,2 wk ahead inc death,2021-10-16,GM13,GM13,quantile,0.25,5
2021-10-05,2 wk ahead inc death,2021-10-16,GM13,GM13,quantile,0.3,7
2021-10-05,2 wk ahead inc death,2021-10-16,GM13,GM13,quantile,0.35,8
2021-10-05,2 wk ahead inc death,2021-10-16,GM13,GM13,quantile,0.4,8
2021-10-05,2 wk ahead inc death,2021-10-16,GM13,GM13,quantile,0.45,9
2021-10-05,2 wk ahead inc death,2021-10-16,GM13,GM13,quantile,0.5,10
2021-10-05,2 wk ahead inc death,2021-10-16,GM13,GM13,quantile,0.55,11
2021-10-05,2 wk ahead inc death,2021-10-16,GM13,GM13,quantile,0.6,12
2021-10-05,2 wk ahead inc death,2021-10-16,GM13,GM13,quantile,0.65,13
2021-10-05,2 wk ahead inc death,2021-10-16,GM13,GM13,quantile,0.7,13
2021-10-05,2 wk ahead inc death,2021-10-16,GM13,GM13,quantile,0.75,14
2021-10-05,2 wk ahead inc death,2021-10-16,GM13,GM13,quantile,0.8,16
2021-10-05,2 wk ahead inc death,2021-10-16,GM13,GM13,quantile,0.85,18
2021-10-05,2 wk ahead inc death,2021-10-16,GM13,GM13,quantile,0.9,20
2021-10-05,2 wk ahead inc death,2021-10-16,GM13,GM13,quantile,0.95,23
2021-10-05,2 wk ahead inc death,2021-10-16,GM13,GM13,quantile,0.975,28
2021-10-05,2 wk ahead inc death,2021-10-16,GM13,GM13,quantile,0.99,30
2021-10-05,2 wk ahead cum death,2021-10-16,GM13,GM13,point,NA,10247
2021-10-05,2 wk ahead cum death,2021-10-16,GM13,GM13,quantile,0.01,10237
2021-10-05,2 wk ahead cum death,2021-10-16,GM13,GM13,quantile,0.025,10237
2021-10-05,2 wk ahead cum death,2021-10-16,GM13,GM13,quantile,0.05,10237
2021-10-05,2 wk ahead cum death,2021-10-16,GM13,GM13,quantile,0.1,10237
2021-10-05,2 wk ahead cum death,2021-10-16,GM13,GM13,quantile,0.15,10237
2021-10-05,2 wk ahead cum death,2021-10-16,GM13,GM13,quantile,0.2,10240
2021-10-05,2 wk ahead cum death,2021-10-16,GM13,GM13,quantile,0.25,10242
2021-10-05,2 wk ahead cum death,2021-10-16,GM13,GM13,quantile,0.3,10244
2021-10-05,2 wk ahead cum death,2021-10-16,GM13,GM13,quantile,0.35,10245
2021-10-05,2 wk ahead cum death,2021-10-16,GM13,GM13,quantile,0.4,10245
2021-10-05,2 wk ahead cum death,2021-10-16,GM13,GM13,quantile,0.45,10246
2021-10-05,2 wk ahead cum death,2021-10-16,GM13,GM13,quantile,0.5,10247
2021-10-05,2 wk ahead cum death,2021-10-16,GM13,GM13,quantile,0.55,10248
2021-10-05,2 wk ahead cum death,2021-10-16,GM13,GM13,quantile,0.6,10249
2021-10-05,2 wk ahead cum death,2021-10-16,GM13,GM13,quantile,0.65,10250
2021-10-05,2 wk ahead cum death,2021-10-16,GM13,GM13,quantile,0.7,10250
2021-10-05,2 wk ahead cum death,2021-10-16,GM13,GM13,quantile,0.75,10251
2021-10-05,2 wk ahead cum death,2021-10-16,GM13,GM13,quantile,0.8,10253
2021-10-05,2 wk ahead cum death,2021-10-16,GM13,GM13,quantile,0.85,10255
2021-10-05,2 wk ahead cum death,2021-10-16,GM13,GM13,quantile,0.9,10257
2021-10-05,2 wk ahead cum death,2021-10-16,GM13,GM13,quantile,0.95,10260
2021-10-05,2 wk ahead cum death,2021-10-16,GM13,GM13,quantile,0.975,10265
2021-10-05,2 wk ahead cum death,2021-10-16,GM13,GM13,quantile,0.99,10267
2021-10-05,3 wk ahead inc death,2021-10-23,GM13,GM13,point,NA,14
2021-10-05,3 wk ahead inc death,2021-10-23,GM13,GM13,quantile,0.01,0
2021-10-05,3 wk ahead inc death,2021-10-23,GM13,GM13,quantile,0.025,0
2021-10-05,3 wk ahead inc death,2021-10-23,GM13,GM13,quantile,0.05,0
2021-10-05,3 wk ahead inc death,2021-10-23,GM13,GM13,quantile,0.1,3
2021-10-05,3 wk ahead inc death,2021-10-23,GM13,GM13,quantile,0.15,4
2021-10-05,3 wk ahead inc death,2021-10-23,GM13,GM13,quantile,0.2,7
2021-10-05,3 wk ahead inc death,2021-10-23,GM13,GM13,quantile,0.25,9
2021-10-05,3 wk ahead inc death,2021-10-23,GM13,GM13,quantile,0.3,11
2021-10-05,3 wk ahead inc death,2021-10-23,GM13,GM13,quantile,0.35,12
2021-10-05,3 wk ahead inc death,2021-10-23,GM13,GM13,quantile,0.4,13
2021-10-05,3 wk ahead inc death,2021-10-23,GM13,GM13,quantile,0.45,14
2021-10-05,3 wk ahead inc death,2021-10-23,GM13,GM13,quantile,0.5,14
2021-10-05,3 wk ahead inc death,2021-10-23,GM13,GM13,quantile,0.55,15
2021-10-05,3 wk ahead inc death,2021-10-23,GM13,GM13,quantile,0.6,16
2021-10-05,3 wk ahead inc death,2021-10-23,GM13,GM13,quantile,0.65,17
2021-10-05,3 wk ahead inc death,2021-10-23,GM13,GM13,quantile,0.7,17
2021-10-05,3 wk ahead inc death,2021-10-23,GM13,GM13,quantile,0.75,18
2021-10-05,3 wk ahead inc death,2021-10-23,GM13,GM13,quantile,0.8,20
2021-10-05,3 wk ahead inc death,2021-10-23,GM13,GM13,quantile,0.85,23
2021-10-05,3 wk ahead inc death,2021-10-23,GM13,GM13,quantile,0.9,25
2021-10-05,3 wk ahead inc death,2021-10-23,GM13,GM13,quantile,0.95,30
2021-10-05,3 wk ahead inc death,2021-10-23,GM13,GM13,quantile,0.975,34
2021-10-05,3 wk ahead inc death,2021-10-23,GM13,GM13,quantile,0.99,47
2021-10-05,3 wk ahead cum death,2021-10-23,GM13,GM13,point,NA,10261
2021-10-05,3 wk ahead cum death,2021-10-23,GM13,GM13,quantile,0.01,10247
2021-10-05,3 wk ahead cum death,2021-10-23,GM13,GM13,quantile,0.025,10247
2021-10-05,3 wk ahead cum death,2021-10-23,GM13,GM13,quantile,0.05,10247
2021-10-05,3 wk ahead cum death,2021-10-23,GM13,GM13,quantile,0.1,10250
2021-10-05,3 wk ahead cum death,2021-10-23,GM13,GM13,quantile,0.15,10251
2021-10-05,3 wk ahead cum death,2021-10-23,GM13,GM13,quantile,0.2,10254
2021-10-05,3 wk ahead cum death,2021-10-23,GM13,GM13,quantile,0.25,10256
2021-10-05,3 wk ahead cum death,2021-10-23,GM13,GM13,quantile,0.3,10258
2021-10-05,3 wk ahead cum death,2021-10-23,GM13,GM13,quantile,0.35,10259
2021-10-05,3 wk ahead cum death,2021-10-23,GM13,GM13,quantile,0.4,10260
2021-10-05,3 wk ahead cum death,2021-10-23,GM13,GM13,quantile,0.45,10261
2021-10-05,3 wk ahead cum death,2021-10-23,GM13,GM13,quantile,0.5,10261
2021-10-05,3 wk ahead cum death,2021-10-23,GM13,GM13,quantile,0.55,10262
2021-10-05,3 wk ahead cum death,2021-10-23,GM13,GM13,quantile,0.6,10263
2021-10-05,3 wk ahead cum death,2021-10-23,GM13,GM13,quantile,0.65,10264
2021-10-05,3 wk ahead cum death,2021-10-23,GM13,GM13,quantile,0.7,10264
2021-10-05,3 wk ahead cum death,2021-10-23,GM13,GM13,quantile,0.75,10265
2021-10-05,3 wk ahead cum death,2021-10-23,GM13,GM13,quantile,0.8,10267
2021-10-05,3 wk ahead cum death,2021-10-23,GM13,GM13,quantile,0.85,10270
2021-10-05,3 wk ahead cum death,2021-10-23,GM13,GM13,quantile,0.9,10272
2021-10-05,3 wk ahead cum death,2021-10-23,GM13,GM13,quantile,0.95,10277
2021-10-05,3 wk ahead cum death,2021-10-23,GM13,GM13,quantile,0.975,10281
2021-10-05,3 wk ahead cum death,2021-10-23,GM13,GM13,quantile,0.99,10294
2021-10-05,4 wk ahead inc death,2021-10-30,GM13,GM13,point,NA,12
2021-10-05,4 wk ahead inc death,2021-10-30,GM13,GM13,quantile,0.01,0
2021-10-05,4 wk ahead inc death,2021-10-30,GM13,GM13,quantile,0.025,0
2021-10-05,4 wk ahead inc death,2021-10-30,GM13,GM13,quantile,0.05,0
2021-10-05,4 wk ahead inc death,2021-10-30,GM13,GM13,quantile,0.1,1
2021-10-05,4 wk ahead inc death,2021-10-30,GM13,GM13,quantile,0.15,2
2021-10-05,4 wk ahead inc death,2021-10-30,GM13,GM13,quantile,0.2,4
2021-10-05,4 wk ahead inc death,2021-10-30,GM13,GM13,quantile,0.25,7
2021-10-05,4 wk ahead inc death,2021-10-30,GM13,GM13,quantile,0.3,8
2021-10-05,4 wk ahead inc death,2021-10-30,GM13,GM13,quantile,0.35,9
2021-10-05,4 wk ahead inc death,2021-10-30,GM13,GM13,quantile,0.4,10
2021-10-05,4 wk ahead inc death,2021-10-30,GM13,GM13,quantile,0.45,11
2021-10-05,4 wk ahead inc death,2021-10-30,GM13,GM13,quantile,0.5,12
2021-10-05,4 wk ahead inc death,2021-10-30,GM13,GM13,quantile,0.55,13
2021-10-05,4 wk ahead inc death,2021-10-30,GM13,GM13,quantile,0.6,13
2021-10-05,4 wk ahead inc death,2021-10-30,GM13,GM13,quantile,0.65,14
2021-10-05,4 wk ahead inc death,2021-10-30,GM13,GM13,quantile,0.7,15
2021-10-05,4 wk ahead inc death,2021-10-30,GM13,GM13,quantile,0.75,16
2021-10-05,4 wk ahead inc death,2021-10-30,GM13,GM13,quantile,0.8,16
2021-10-05,4 wk ahead inc death,2021-10-30,GM13,GM13,quantile,0.85,20
2021-10-05,4 wk ahead inc death,2021-10-30,GM13,GM13,quantile,0.9,23
2021-10-05,4 wk ahead inc death,2021-10-30,GM13,GM13,quantile,0.95,31
2021-10-05,4 wk ahead inc death,2021-10-30,GM13,GM13,quantile,0.975,38
2021-10-05,4 wk ahead inc death,2021-10-30,GM13,GM13,quantile,0.99,45
2021-10-05,4 wk ahead cum death,2021-10-30,GM13,GM13,point,NA,10273
2021-10-05,4 wk ahead cum death,2021-10-30,GM13,GM13,quantile,0.01,10261
2021-10-05,4 wk ahead cum death,2021-10-30,GM13,GM13,quantile,0.025,10261
2021-10-05,4 wk ahead cum death,2021-10-30,GM13,GM13,quantile,0.05,10261
2021-10-05,4 wk ahead cum death,2021-10-30,GM13,GM13,quantile,0.1,10262
2021-10-05,4 wk ahead cum death,2021-10-30,GM13,GM13,quantile,0.15,10263
2021-10-05,4 wk ahead cum death,2021-10-30,GM13,GM13,quantile,0.2,10265
2021-10-05,4 wk ahead cum death,2021-10-30,GM13,GM13,quantile,0.25,10268
2021-10-05,4 wk ahead cum death,2021-10-30,GM13,GM13,quantile,0.3,10269
2021-10-05,4 wk ahead cum death,2021-10-30,GM13,GM13,quantile,0.35,10270
2021-10-05,4 wk ahead cum death,2021-10-30,GM13,GM13,quantile,0.4,10271
2021-10-05,4 wk ahead cum death,2021-10-30,GM13,GM13,quantile,0.45,10272
2021-10-05,4 wk ahead cum death,2021-10-30,GM13,GM13,quantile,0.5,10273
2021-10-05,4 wk ahead cum death,2021-10-30,GM13,GM13,quantile,0.55,10274
2021-10-05,4 wk ahead cum death,2021-10-30,GM13,GM13,quantile,0.6,10274
2021-10-05,4 wk ahead cum death,2021-10-30,GM13,GM13,quantile,0.65,10275
2021-10-05,4 wk ahead cum death,2021-10-30,GM13,GM13,quantile,0.7,10276
2021-10-05,4 wk ahead cum death,2021-10-30,GM13,GM13,quantile,0.75,10277
2021-10-05,4 wk ahead cum death,2021-10-30,GM13,GM13,quantile,0.8,10277
2021-10-05,4 wk ahead cum death,2021-10-30,GM13,GM13,quantile,0.85,10281
2021-10-05,4 wk ahead cum death,2021-10-30,GM13,GM13,quantile,0.9,10284
2021-10-05,4 wk ahead cum death,2021-10-30,GM13,GM13,quantile,0.95,10292
2021-10-05,4 wk ahead cum death,2021-10-30,GM13,GM13,quantile,0.975,10299
2021-10-05,4 wk ahead cum death,2021-10-30,GM13,GM13,quantile,0.99,10306
2021-10-05,1 wk ahead inc death,2021-10-09,GM14,GM14,point,NA,14
2021-10-05,1 wk ahead inc death,2021-10-09,GM14,GM14,quantile,0.01,5
2021-10-05,1 wk ahead inc death,2021-10-09,GM14,GM14,quantile,0.025,6
2021-10-05,1 wk ahead inc death,2021-10-09,GM14,GM14,quantile,0.05,7
2021-10-05,1 wk ahead inc death,2021-10-09,GM14,GM14,quantile,0.1,9
2021-10-05,1 wk ahead inc death,2021-10-09,GM14,GM14,quantile,0.15,9
2021-10-05,1 wk ahead inc death,2021-10-09,GM14,GM14,quantile,0.2,10
2021-10-05,1 wk ahead inc death,2021-10-09,GM14,GM14,quantile,0.25,12
2021-10-05,1 wk ahead inc death,2021-10-09,GM14,GM14,quantile,0.3,13
2021-10-05,1 wk ahead inc death,2021-10-09,GM14,GM14,quantile,0.35,13
2021-10-05,1 wk ahead inc death,2021-10-09,GM14,GM14,quantile,0.4,14
2021-10-05,1 wk ahead inc death,2021-10-09,GM14,GM14,quantile,0.45,14
2021-10-05,1 wk ahead inc death,2021-10-09,GM14,GM14,quantile,0.5,14
2021-10-05,1 wk ahead inc death,2021-10-09,GM14,GM14,quantile,0.55,16
2021-10-05,1 wk ahead inc death,2021-10-09,GM14,GM14,quantile,0.6,17
2021-10-05,1 wk ahead inc death,2021-10-09,GM14,GM14,quantile,0.65,17
2021-10-05,1 wk ahead inc death,2021-10-09,GM14,GM14,quantile,0.7,17
2021-10-05,1 wk ahead inc death,2021-10-09,GM14,GM14,quantile,0.75,17
2021-10-05,1 wk ahead inc death,2021-10-09,GM14,GM14,quantile,0.8,18
2021-10-05,1 wk ahead inc death,2021-10-09,GM14,GM14,quantile,0.85,19
2021-10-05,1 wk ahead inc death,2021-10-09,GM14,GM14,quantile,0.9,20
2021-10-05,1 wk ahead inc death,2021-10-09,GM14,GM14,quantile,0.95,35
2021-10-05,1 wk ahead inc death,2021-10-09,GM14,GM14,quantile,0.975,35
2021-10-05,1 wk ahead inc death,2021-10-09,GM14,GM14,quantile,0.99,38
2021-10-05,1 wk ahead cum death,2021-10-09,GM14,GM14,point,NA,3554
2021-10-05,1 wk ahead cum death,2021-10-09,GM14,GM14,quantile,0.01,3545
2021-10-05,1 wk ahead cum death,2021-10-09,GM14,GM14,quantile,0.025,3546
2021-10-05,1 wk ahead cum death,2021-10-09,GM14,GM14,quantile,0.05,3547
2021-10-05,1 wk ahead cum death,2021-10-09,GM14,GM14,quantile,0.1,3549
2021-10-05,1 wk ahead cum death,2021-10-09,GM14,GM14,quantile,0.15,3549
2021-10-05,1 wk ahead cum death,2021-10-09,GM14,GM14,quantile,0.2,3550
2021-10-05,1 wk ahead cum death,2021-10-09,GM14,GM14,quantile,0.25,3552
2021-10-05,1 wk ahead cum death,2021-10-09,GM14,GM14,quantile,0.3,3553
2021-10-05,1 wk ahead cum death,2021-10-09,GM14,GM14,quantile,0.35,3553
2021-10-05,1 wk ahead cum death,2021-10-09,GM14,GM14,quantile,0.4,3554
2021-10-05,1 wk ahead cum death,2021-10-09,GM14,GM14,quantile,0.45,3554
2021-10-05,1 wk ahead cum death,2021-10-09,GM14,GM14,quantile,0.5,3554
2021-10-05,1 wk ahead cum death,2021-10-09,GM14,GM14,quantile,0.55,3556
2021-10-05,1 wk ahead cum death,2021-10-09,GM14,GM14,quantile,0.6,3557
2021-10-05,1 wk ahead cum death,2021-10-09,GM14,GM14,quantile,0.65,3557
2021-10-05,1 wk ahead cum death,2021-10-09,GM14,GM14,quantile,0.7,3557
2021-10-05,1 wk ahead cum death,2021-10-09,GM14,GM14,quantile,0.75,3557
2021-10-05,1 wk ahead cum death,2021-10-09,GM14,GM14,quantile,0.8,3558
2021-10-05,1 wk ahead cum death,2021-10-09,GM14,GM14,quantile,0.85,3559
2021-10-05,1 wk ahead cum death,2021-10-09,GM14,GM14,quantile,0.9,3560
2021-10-05,1 wk ahead cum death,2021-10-09,GM14,GM14,quantile,0.95,3575
2021-10-05,1 wk ahead cum death,2021-10-09,GM14,GM14,quantile,0.975,3575
2021-10-05,1 wk ahead cum death,2021-10-09,GM14,GM14,quantile,0.99,3578
2021-10-05,2 wk ahead inc death,2021-10-16,GM14,GM14,point,NA,15
2021-10-05,2 wk ahead inc death,2021-10-16,GM14,GM14,quantile,0.01,2
2021-10-05,2 wk ahead inc death,2021-10-16,GM14,GM14,quantile,0.025,5
2021-10-05,2 wk ahead inc death,2021-10-16,GM14,GM14,quantile,0.05,7
2021-10-05,2 wk ahead inc death,2021-10-16,GM14,GM14,quantile,0.1,8
2021-10-05,2 wk ahead inc death,2021-10-16,GM14,GM14,quantile,0.15,9
2021-10-05,2 wk ahead inc death,2021-10-16,GM14,GM14,quantile,0.2,9
2021-10-05,2 wk ahead inc death,2021-10-16,GM14,GM14,quantile,0.25,10
2021-10-05,2 wk ahead inc death,2021-10-16,GM14,GM14,quantile,0.3,11
2021-10-05,2 wk ahead inc death,2021-10-16,GM14,GM14,quantile,0.35,12
2021-10-05,2 wk ahead inc death,2021-10-16,GM14,GM14,quantile,0.4,12
2021-10-05,2 wk ahead inc death,2021-10-16,GM14,GM14,quantile,0.45,14
2021-10-05,2 wk ahead inc death,2021-10-16,GM14,GM14,quantile,0.5,15
2021-10-05,2 wk ahead inc death,2021-10-16,GM14,GM14,quantile,0.55,16
2021-10-05,2 wk ahead inc death,2021-10-16,GM14,GM14,quantile,0.6,16
2021-10-05,2 wk ahead inc death,2021-10-16,GM14,GM14,quantile,0.65,18
2021-10-05,2 wk ahead inc death,2021-10-16,GM14,GM14,quantile,0.7,19
2021-10-05,2 wk ahead inc death,2021-10-16,GM14,GM14,quantile,0.75,19
2021-10-05,2 wk ahead inc death,2021-10-16,GM14,GM14,quantile,0.8,19
2021-10-05,2 wk ahead inc death,2021-10-16,GM14,GM14,quantile,0.85,20
2021-10-05,2 wk ahead inc death,2021-10-16,GM14,GM14,quantile,0.9,21
2021-10-05,2 wk ahead inc death,2021-10-16,GM14,GM14,quantile,0.95,26
2021-10-05,2 wk ahead inc death,2021-10-16,GM14,GM14,quantile,0.975,27
2021-10-05,2 wk ahead inc death,2021-10-16,GM14,GM14,quantile,0.99,37
2021-10-05,2 wk ahead cum death,2021-10-16,GM14,GM14,point,NA,3569
2021-10-05,2 wk ahead cum death,2021-10-16,GM14,GM14,quantile,0.01,3556
2021-10-05,2 wk ahead cum death,2021-10-16,GM14,GM14,quantile,0.025,3559
2021-10-05,2 wk ahead cum death,2021-10-16,GM14,GM14,quantile,0.05,3561
2021-10-05,2 wk ahead cum death,2021-10-16,GM14,GM14,quantile,0.1,3562
2021-10-05,2 wk ahead cum death,2021-10-16,GM14,GM14,quantile,0.15,3563
2021-10-05,2 wk ahead cum death,2021-10-16,GM14,GM14,quantile,0.2,3563
2021-10-05,2 wk ahead cum death,2021-10-16,GM14,GM14,quantile,0.25,3564
2021-10-05,2 wk ahead cum death,2021-10-16,GM14,GM14,quantile,0.3,3565
2021-10-05,2 wk ahead cum death,2021-10-16,GM14,GM14,quantile,0.35,3566
2021-10-05,2 wk ahead cum death,2021-10-16,GM14,GM14,quantile,0.4,3566
2021-10-05,2 wk ahead cum death,2021-10-16,GM14,GM14,quantile,0.45,3568
2021-10-05,2 wk ahead cum death,2021-10-16,GM14,GM14,quantile,0.5,3569
2021-10-05,2 wk ahead cum death,2021-10-16,GM14,GM14,quantile,0.55,3570
2021-10-05,2 wk ahead cum death,2021-10-16,GM14,GM14,quantile,0.6,3570
2021-10-05,2 wk ahead cum death,2021-10-16,GM14,GM14,quantile,0.65,3572
2021-10-05,2 wk ahead cum death,2021-10-16,GM14,GM14,quantile,0.7,3573
2021-10-05,2 wk ahead cum death,2021-10-16,GM14,GM14,quantile,0.75,3573
2021-10-05,2 wk ahead cum death,2021-10-16,GM14,GM14,quantile,0.8,3573
2021-10-05,2 wk ahead cum death,2021-10-16,GM14,GM14,quantile,0.85,3574
2021-10-05,2 wk ahead cum death,2021-10-16,GM14,GM14,quantile,0.9,3575
2021-10-05,2 wk ahead cum death,2021-10-16,GM14,GM14,quantile,0.95,3580
2021-10-05,2 wk ahead cum death,2021-10-16,GM14,GM14,quantile,0.975,3581
2021-10-05,2 wk ahead cum death,2021-10-16,GM14,GM14,quantile,0.99,3591
2021-10-05,3 wk ahead inc death,2021-10-23,GM14,GM14,point,NA,17
2021-10-05,3 wk ahead inc death,2021-10-23,GM14,GM14,quantile,0.01,4
2021-10-05,3 wk ahead inc death,2021-10-23,GM14,GM14,quantile,0.025,5
2021-10-05,3 wk ahead inc death,2021-10-23,GM14,GM14,quantile,0.05,7
2021-10-05,3 wk ahead inc death,2021-10-23,GM14,GM14,quantile,0.1,9
2021-10-05,3 wk ahead inc death,2021-10-23,GM14,GM14,quantile,0.15,10
2021-10-05,3 wk ahead inc death,2021-10-23,GM14,GM14,quantile,0.2,11
2021-10-05,3 wk ahead inc death,2021-10-23,GM14,GM14,quantile,0.25,12
2021-10-05,3 wk ahead inc death,2021-10-23,GM14,GM14,quantile,0.3,13
2021-10-05,3 wk ahead inc death,2021-10-23,GM14,GM14,quantile,0.35,14
2021-10-05,3 wk ahead inc death,2021-10-23,GM14,GM14,quantile,0.4,15
2021-10-05,3 wk ahead inc death,2021-10-23,GM14,GM14,quantile,0.45,15
2021-10-05,3 wk ahead inc death,2021-10-23,GM14,GM14,quantile,0.5,17
2021-10-05,3 wk ahead inc death,2021-10-23,GM14,GM14,quantile,0.55,18
2021-10-05,3 wk ahead inc death,2021-10-23,GM14,GM14,quantile,0.6,19
2021-10-05,3 wk ahead inc death,2021-10-23,GM14,GM14,quantile,0.65,19
2021-10-05,3 wk ahead inc death,2021-10-23,GM14,GM14,quantile,0.7,21
2021-10-05,3 wk ahead inc death,2021-10-23,GM14,GM14,quantile,0.75,22
2021-10-05,3 wk ahead inc death,2021-10-23,GM14,GM14,quantile,0.8,22
2021-10-05,3 wk ahead inc death,2021-10-23,GM14,GM14,quantile,0.85,23
2021-10-05,3 wk ahead inc death,2021-10-23,GM14,GM14,quantile,0.9,24
2021-10-05,3 wk ahead inc death,2021-10-23,GM14,GM14,quantile,0.95,28
2021-10-05,3 wk ahead inc death,2021-10-23,GM14,GM14,quantile,0.975,29
2021-10-05,3 wk ahead inc death,2021-10-23,GM14,GM14,quantile,0.99,40
2021-10-05,3 wk ahead cum death,2021-10-23,GM14,GM14,point,NA,3586
2021-10-05,3 wk ahead cum death,2021-10-23,GM14,GM14,quantile,0.01,3573
2021-10-05,3 wk ahead cum death,2021-10-23,GM14,GM14,quantile,0.025,3574
2021-10-05,3 wk ahead cum death,2021-10-23,GM14,GM14,quantile,0.05,3576
2021-10-05,3 wk ahead cum death,2021-10-23,GM14,GM14,quantile,0.1,3578
2021-10-05,3 wk ahead cum death,2021-10-23,GM14,GM14,quantile,0.15,3579
2021-10-05,3 wk ahead cum death,2021-10-23,GM14,GM14,quantile,0.2,3580
2021-10-05,3 wk ahead cum death,2021-10-23,GM14,GM14,quantile,0.25,3581
2021-10-05,3 wk ahead cum death,2021-10-23,GM14,GM14,quantile,0.3,3582
2021-10-05,3 wk ahead cum death,2021-10-23,GM14,GM14,quantile,0.35,3583
2021-10-05,3 wk ahead cum death,2021-10-23,GM14,GM14,quantile,0.4,3584
2021-10-05,3 wk ahead cum death,2021-10-23,GM14,GM14,quantile,0.45,3584
2021-10-05,3 wk ahead cum death,2021-10-23,GM14,GM14,quantile,0.5,3586
2021-10-05,3 wk ahead cum death,2021-10-23,GM14,GM14,quantile,0.55,3587
2021-10-05,3 wk ahead cum death,2021-10-23,GM14,GM14,quantile,0.6,3588
2021-10-05,3 wk ahead cum death,2021-10-23,GM14,GM14,quantile,0.65,3588
2021-10-05,3 wk ahead cum death,2021-10-23,GM14,GM14,quantile,0.7,3590
2021-10-05,3 wk ahead cum death,2021-10-23,GM14,GM14,quantile,0.75,3591
2021-10-05,3 wk ahead cum death,2021-10-23,GM14,GM14,quantile,0.8,3591
2021-10-05,3 wk ahead cum death,2021-10-23,GM14,GM14,quantile,0.85,3592
2021-10-05,3 wk ahead cum death,2021-10-23,GM14,GM14,quantile,0.9,3593
2021-10-05,3 wk ahead cum death,2021-10-23,GM14,GM14,quantile,0.95,3597
2021-10-05,3 wk ahead cum death,2021-10-23,GM14,GM14,quantile,0.975,3598
2021-10-05,3 wk ahead cum death,2021-10-23,GM14,GM14,quantile,0.99,3609
2021-10-05,4 wk ahead inc death,2021-10-30,GM14,GM14,point,NA,15
2021-10-05,4 wk ahead inc death,2021-10-30,GM14,GM14,quantile,0.01,0
2021-10-05,4 wk ahead inc death,2021-10-30,GM14,GM14,quantile,0.025,2
2021-10-05,4 wk ahead inc death,2021-10-30,GM14,GM14,quantile,0.05,3
2021-10-05,4 wk ahead inc death,2021-10-30,GM14,GM14,quantile,0.1,6
2021-10-05,4 wk ahead inc death,2021-10-30,GM14,GM14,quantile,0.15,7
2021-10-05,4 wk ahead inc death,2021-10-30,GM14,GM14,quantile,0.2,8
2021-10-05,4 wk ahead inc death,2021-10-30,GM14,GM14,quantile,0.25,9
2021-10-05,4 wk ahead inc death,2021-10-30,GM14,GM14,quantile,0.3,11
2021-10-05,4 wk ahead inc death,2021-10-30,GM14,GM14,quantile,0.35,12
2021-10-05,4 wk ahead inc death,2021-10-30,GM14,GM14,quantile,0.4,12
2021-10-05,4 wk ahead inc death,2021-10-30,GM14,GM14,quantile,0.45,14
2021-10-05,4 wk ahead inc death,2021-10-30,GM14,GM14,quantile,0.5,15
2021-10-05,4 wk ahead inc death,2021-10-30,GM14,GM14,quantile,0.55,16
2021-10-05,4 wk ahead inc death,2021-10-30,GM14,GM14,quantile,0.6,16
2021-10-05,4 wk ahead inc death,2021-10-30,GM14,GM14,quantile,0.65,16
2021-10-05,4 wk ahead inc death,2021-10-30,GM14,GM14,quantile,0.7,18
2021-10-05,4 wk ahead inc death,2021-10-30,GM14,GM14,quantile,0.75,19
2021-10-05,4 wk ahead inc death,2021-10-30,GM14,GM14,quantile,0.8,19
2021-10-05,4 wk ahead inc death,2021-10-30,GM14,GM14,quantile,0.85,19
2021-10-05,4 wk ahead inc death,2021-10-30,GM14,GM14,quantile,0.9,20
2021-10-05,4 wk ahead inc death,2021-10-30,GM14,GM14,quantile,0.95,22
2021-10-05,4 wk ahead inc death,2021-10-30,GM14,GM14,quantile,0.975,27
2021-10-05,4 wk ahead inc death,2021-10-30,GM14,GM14,quantile,0.99,37
2021-10-05,4 wk ahead cum death,2021-10-30,GM14,GM14,point,NA,3601
2021-10-05,4 wk ahead cum death,2021-10-30,GM14,GM14,quantile,0.01,3586
2021-10-05,4 wk ahead cum death,2021-10-30,GM14,GM14,quantile,0.025,3588
2021-10-05,4 wk ahead cum death,2021-10-30,GM14,GM14,quantile,0.05,3589
2021-10-05,4 wk ahead cum death,2021-10-30,GM14,GM14,quantile,0.1,3592
2021-10-05,4 wk ahead cum death,2021-10-30,GM14,GM14,quantile,0.15,3593
2021-10-05,4 wk ahead cum death,2021-10-30,GM14,GM14,quantile,0.2,3594
2021-10-05,4 wk ahead cum death,2021-10-30,GM14,GM14,quantile,0.25,3595
2021-10-05,4 wk ahead cum death,2021-10-30,GM14,GM14,quantile,0.3,3597
2021-10-05,4 wk ahead cum death,2021-10-30,GM14,GM14,quantile,0.35,3598
2021-10-05,4 wk ahead cum death,2021-10-30,GM14,GM14,quantile,0.4,3598
2021-10-05,4 wk ahead cum death,2021-10-30,GM14,GM14,quantile,0.45,3600
2021-10-05,4 wk ahead cum death,2021-10-30,GM14,GM14,quantile,0.5,3601
2021-10-05,4 wk ahead cum death,2021-10-30,GM14,GM14,quantile,0.55,3602
2021-10-05,4 wk ahead cum death,2021-10-30,GM14,GM14,quantile,0.6,3602
2021-10-05,4 wk ahead cum death,2021-10-30,GM14,GM14,quantile,0.65,3602
2021-10-05,4 wk ahead cum death,2021-10-30,GM14,GM14,quantile,0.7,3604
2021-10-05,4 wk ahead cum death,2021-10-30,GM14,GM14,quantile,0.75,3605
2021-10-05,4 wk ahead cum death,2021-10-30,GM14,GM14,quantile,0.8,3605
2021-10-05,4 wk ahead cum death,2021-10-30,GM14,GM14,quantile,0.85,3605
2021-10-05,4 wk ahead cum death,2021-10-30,GM14,GM14,quantile,0.9,3606
2021-10-05,4 wk ahead cum death,2021-10-30,GM14,GM14,quantile,0.95,3608
2021-10-05,4 wk ahead cum death,2021-10-30,GM14,GM14,quantile,0.975,3613
2021-10-05,4 wk ahead cum death,2021-10-30,GM14,GM14,quantile,0.99,3623
2021-10-05,1 wk ahead inc death,2021-10-09,GM15,GM15,point,NA,6
2021-10-05,1 wk ahead inc death,2021-10-09,GM15,GM15,quantile,0.01,0
2021-10-05,1 wk ahead inc death,2021-10-09,GM15,GM15,quantile,0.025,0
2021-10-05,1 wk ahead inc death,2021-10-09,GM15,GM15,quantile,0.05,0
2021-10-05,1 wk ahead inc death,2021-10-09,GM15,GM15,quantile,0.1,1
2021-10-05,1 wk ahead inc death,2021-10-09,GM15,GM15,quantile,0.15,1
2021-10-05,1 wk ahead inc death,2021-10-09,GM15,GM15,quantile,0.2,3
2021-10-05,1 wk ahead inc death,2021-10-09,GM15,GM15,quantile,0.25,4
2021-10-05,1 wk ahead inc death,2021-10-09,GM15,GM15,quantile,0.3,4
2021-10-05,1 wk ahead inc death,2021-10-09,GM15,GM15,quantile,0.35,4
2021-10-05,1 wk ahead inc death,2021-10-09,GM15,GM15,quantile,0.4,5
2021-10-05,1 wk ahead inc death,2021-10-09,GM15,GM15,quantile,0.45,5
2021-10-05,1 wk ahead inc death,2021-10-09,GM15,GM15,quantile,0.5,6
2021-10-05,1 wk ahead inc death,2021-10-09,GM15,GM15,quantile,0.55,6
2021-10-05,1 wk ahead inc death,2021-10-09,GM15,GM15,quantile,0.6,6
2021-10-05,1 wk ahead inc death,2021-10-09,GM15,GM15,quantile,0.65,6
2021-10-05,1 wk ahead inc death,2021-10-09,GM15,GM15,quantile,0.7,7
2021-10-05,1 wk ahead inc death,2021-10-09,GM15,GM15,quantile,0.75,8
2021-10-05,1 wk ahead inc death,2021-10-09,GM15,GM15,quantile,0.8,9
2021-10-05,1 wk ahead inc death,2021-10-09,GM15,GM15,quantile,0.85,10
2021-10-05,1 wk ahead inc death,2021-10-09,GM15,GM15,quantile,0.9,12
2021-10-05,1 wk ahead inc death,2021-10-09,GM15,GM15,quantile,0.95,15
2021-10-05,1 wk ahead inc death,2021-10-09,GM15,GM15,quantile,0.975,21
2021-10-05,1 wk ahead inc death,2021-10-09,GM15,GM15,quantile,0.99,36
2021-10-05,1 wk ahead cum death,2021-10-09,GM15,GM15,point,NA,4421
2021-10-05,1 wk ahead cum death,2021-10-09,GM15,GM15,quantile,0.01,4415
2021-10-05,1 wk ahead cum death,2021-10-09,GM15,GM15,quantile,0.025,4415
2021-10-05,1 wk ahead cum death,2021-10-09,GM15,GM15,quantile,0.05,4415
2021-10-05,1 wk ahead cum death,2021-10-09,GM15,GM15,quantile,0.1,4416
2021-10-05,1 wk ahead cum death,2021-10-09,GM15,GM15,quantile,0.15,4416
2021-10-05,1 wk ahead cum death,2021-10-09,GM15,GM15,quantile,0.2,4418
2021-10-05,1 wk ahead cum death,2021-10-09,GM15,GM15,quantile,0.25,4419
2021-10-05,1 wk ahead cum death,2021-10-09,GM15,GM15,quantile,0.3,4419
2021-10-05,1 wk ahead cum death,2021-10-09,GM15,GM15,quantile,0.35,4419
2021-10-05,1 wk ahead cum death,2021-10-09,GM15,GM15,quantile,0.4,4420
2021-10-05,1 wk ahead cum death,2021-10-09,GM15,GM15,quantile,0.45,4420
2021-10-05,1 wk ahead cum death,2021-10-09,GM15,GM15,quantile,0.5,4421
2021-10-05,1 wk ahead cum death,2021-10-09,GM15,GM15,quantile,0.55,4421
2021-10-05,1 wk ahead cum death,2021-10-09,GM15,GM15,quantile,0.6,4421
2021-10-05,1 wk ahead cum death,2021-10-09,GM15,GM15,quantile,0.65,4421
2021-10-05,1 wk ahead cum death,2021-10-09,GM15,GM15,quantile,0.7,4422
2021-10-05,1 wk ahead cum death,2021-10-09,GM15,GM15,quantile,0.75,4423
2021-10-05,1 wk ahead cum death,2021-10-09,GM15,GM15,quantile,0.8,4424
2021-10-05,1 wk ahead cum death,2021-10-09,GM15,GM15,quantile,0.85,4425
2021-10-05,1 wk ahead cum death,2021-10-09,GM15,GM15,quantile,0.9,4427
2021-10-05,1 wk ahead cum death,2021-10-09,GM15,GM15,quantile,0.95,4430
2021-10-05,1 wk ahead cum death,2021-10-09,GM15,GM15,quantile,0.975,4436
2021-10-05,1 wk ahead cum death,2021-10-09,GM15,GM15,quantile,0.99,4451
2021-10-05,2 wk ahead inc death,2021-10-16,GM15,GM15,point,NA,9
2021-10-05,2 wk ahead inc death,2021-10-16,GM15,GM15,quantile,0.01,1
2021-10-05,2 wk ahead inc death,2021-10-16,GM15,GM15,quantile,0.025,2
2021-10-05,2 wk ahead inc death,2021-10-16,GM15,GM15,quantile,0.05,3
2021-10-05,2 wk ahead inc death,2021-10-16,GM15,GM15,quantile,0.1,4
2021-10-05,2 wk ahead inc death,2021-10-16,GM15,GM15,quantile,0.15,5
2021-10-05,2 wk ahead inc death,2021-10-16,GM15,GM15,quantile,0.2,6
2021-10-05,2 wk ahead inc death,2021-10-16,GM15,GM15,quantile,0.25,6
2021-10-05,2 wk ahead inc death,2021-10-16,GM15,GM15,quantile,0.3,7
2021-10-05,2 wk ahead inc death,2021-10-16,GM15,GM15,quantile,0.35,7
2021-10-05,2 wk ahead inc death,2021-10-16,GM15,GM15,quantile,0.4,7
2021-10-05,2 wk ahead inc death,2021-10-16,GM15,GM15,quantile,0.45,8
2021-10-05,2 wk ahead inc death,2021-10-16,GM15,GM15,quantile,0.5,9
2021-10-05,2 wk ahead inc death,2021-10-16,GM15,GM15,quantile,0.55,9
2021-10-05,2 wk ahead inc death,2021-10-16,GM15,GM15,quantile,0.6,9
2021-10-05,2 wk ahead inc death,2021-10-16,GM15,GM15,quantile,0.65,10
2021-10-05,2 wk ahead inc death,2021-10-16,GM15,GM15,quantile,0.7,10
2021-10-05,2 wk ahead inc death,2021-10-16,GM15,GM15,quantile,0.75,11
2021-10-05,2 wk ahead inc death,2021-10-16,GM15,GM15,quantile,0.8,12
2021-10-05,2 wk ahead inc death,2021-10-16,GM15,GM15,quantile,0.85,12
2021-10-05,2 wk ahead inc death,2021-10-16,GM15,GM15,quantile,0.9,14
2021-10-05,2 wk ahead inc death,2021-10-16,GM15,GM15,quantile,0.95,19
2021-10-05,2 wk ahead inc death,2021-10-16,GM15,GM15,quantile,0.975,22
2021-10-05,2 wk ahead inc death,2021-10-16,GM15,GM15,quantile,0.99,28
2021-10-05,2 wk ahead cum death,2021-10-16,GM15,GM15,point,NA,4430
2021-10-05,2 wk ahead cum death,2021-10-16,GM15,GM15,quantile,0.01,4422
2021-10-05,2 wk ahead cum death,2021-10-16,GM15,GM15,quantile,0.025,4423
2021-10-05,2 wk ahead cum death,2021-10-16,GM15,GM15,quantile,0.05,4424
2021-10-05,2 wk ahead cum death,2021-10-16,GM15,GM15,quantile,0.1,4425
2021-10-05,2 wk ahead cum death,2021-10-16,GM15,GM15,quantile,0.15,4426
2021-10-05,2 wk ahead cum death,2021-10-16,GM15,GM15,quantile,0.2,4427
2021-10-05,2 wk ahead cum death,2021-10-16,GM15,GM15,quantile,0.25,4427
2021-10-05,2 wk ahead cum death,2021-10-16,GM15,GM15,quantile,0.3,4428
2021-10-05,2 wk ahead cum death,2021-10-16,GM15,GM15,quantile,0.35,4428
2021-10-05,2 wk ahead cum death,2021-10-16,GM15,GM15,quantile,0.4,4428
2021-10-05,2 wk ahead cum death,2021-10-16,GM15,GM15,quantile,0.45,4429
2021-10-05,2 wk ahead cum death,2021-10-16,GM15,GM15,quantile,0.5,4430
2021-10-05,2 wk ahead cum death,2021-10-16,GM15,GM15,quantile,0.55,4430
2021-10-05,2 wk ahead cum death,2021-10-16,GM15,GM15,quantile,0.6,4430
2021-10-05,2 wk ahead cum death,2021-10-16,GM15,GM15,quantile,0.65,4431
2021-10-05,2 wk ahead cum death,2021-10-16,GM15,GM15,quantile,0.7,4431
2021-10-05,2 wk ahead cum death,2021-10-16,GM15,GM15,quantile,0.75,4432
2021-10-05,2 wk ahead cum death,2021-10-16,GM15,GM15,quantile,0.8,4433
2021-10-05,2 wk ahead cum death,2021-10-16,GM15,GM15,quantile,0.85,4433
2021-10-05,2 wk ahead cum death,2021-10-16,GM15,GM15,quantile,0.9,4435
2021-10-05,2 wk ahead cum death,2021-10-16,GM15,GM15,quantile,0.95,4440
2021-10-05,2 wk ahead cum death,2021-10-16,GM15,GM15,quantile,0.975,4443
2021-10-05,2 wk ahead cum death,2021-10-16,GM15,GM15,quantile,0.99,4449
2021-10-05,3 wk ahead inc death,2021-10-23,GM15,GM15,point,NA,10
2021-10-05,3 wk ahead inc death,2021-10-23,GM15,GM15,quantile,0.01,1
2021-10-05,3 wk ahead inc death,2021-10-23,GM15,GM15,quantile,0.025,2
2021-10-05,3 wk ahead inc death,2021-10-23,GM15,GM15,quantile,0.05,4
2021-10-05,3 wk ahead inc death,2021-10-23,GM15,GM15,quantile,0.1,5
2021-10-05,3 wk ahead inc death,2021-10-23,GM15,GM15,quantile,0.15,5
2021-10-05,3 wk ahead inc death,2021-10-23,GM15,GM15,quantile,0.2,6
2021-10-05,3 wk ahead inc death,2021-10-23,GM15,GM15,quantile,0.25,7
2021-10-05,3 wk ahead inc death,2021-10-23,GM15,GM15,quantile,0.3,7
2021-10-05,3 wk ahead inc death,2021-10-23,GM15,GM15,quantile,0.35,9
2021-10-05,3 wk ahead inc death,2021-10-23,GM15,GM15,quantile,0.4,9
2021-10-05,3 wk ahead inc death,2021-10-23,GM15,GM15,quantile,0.45,10
2021-10-05,3 wk ahead inc death,2021-10-23,GM15,GM15,quantile,0.5,10
2021-10-05,3 wk ahead inc death,2021-10-23,GM15,GM15,quantile,0.55,11
2021-10-05,3 wk ahead inc death,2021-10-23,GM15,GM15,quantile,0.6,11
2021-10-05,3 wk ahead inc death,2021-10-23,GM15,GM15,quantile,0.65,12
2021-10-05,3 wk ahead inc death,2021-10-23,GM15,GM15,quantile,0.7,12
2021-10-05,3 wk ahead inc death,2021-10-23,GM15,GM15,quantile,0.75,12
2021-10-05,3 wk ahead inc death,2021-10-23,GM15,GM15,quantile,0.8,14
2021-10-05,3 wk ahead inc death,2021-10-23,GM15,GM15,quantile,0.85,15
2021-10-05,3 wk ahead inc death,2021-10-23,GM15,GM15,quantile,0.9,17
2021-10-05,3 wk ahead inc death,2021-10-23,GM15,GM15,quantile,0.95,23
2021-10-05,3 wk ahead inc death,2021-10-23,GM15,GM15,quantile,0.975,25
2021-10-05,3 wk ahead inc death,2021-10-23,GM15,GM15,quantile,0.99,30
2021-10-05,3 wk ahead cum death,2021-10-23,GM15,GM15,point,NA,4440
2021-10-05,3 wk ahead cum death,2021-10-23,GM15,GM15,quantile,0.01,4431
2021-10-05,3 wk ahead cum death,2021-10-23,GM15,GM15,quantile,0.025,4432
2021-10-05,3 wk ahead cum death,2021-10-23,GM15,GM15,quantile,0.05,4434
2021-10-05,3 wk ahead cum death,2021-10-23,GM15,GM15,quantile,0.1,4435
2021-10-05,3 wk ahead cum death,2021-10-23,GM15,GM15,quantile,0.15,4435
2021-10-05,3 wk ahead cum death,2021-10-23,GM15,GM15,quantile,0.2,4436
2021-10-05,3 wk ahead cum death,2021-10-23,GM15,GM15,quantile,0.25,4437
2021-10-05,3 wk ahead cum death,2021-10-23,GM15,GM15,quantile,0.3,4437
2021-10-05,3 wk ahead cum death,2021-10-23,GM15,GM15,quantile,0.35,4439
2021-10-05,3 wk ahead cum death,2021-10-23,GM15,GM15,quantile,0.4,4439
2021-10-05,3 wk ahead cum death,2021-10-23,GM15,GM15,quantile,0.45,4440
2021-10-05,3 wk ahead cum death,2021-10-23,GM15,GM15,quantile,0.5,4440
2021-10-05,3 wk ahead cum death,2021-10-23,GM15,GM15,quantile,0.55,4441
2021-10-05,3 wk ahead cum death,2021-10-23,GM15,GM15,quantile,0.6,4441
2021-10-05,3 wk ahead cum death,2021-10-23,GM15,GM15,quantile,0.65,4442
2021-10-05,3 wk ahead cum death,2021-10-23,GM15,GM15,quantile,0.7,4442
2021-10-05,3 wk ahead cum death,2021-10-23,GM15,GM15,quantile,0.75,4442
2021-10-05,3 wk ahead cum death,2021-10-23,GM15,GM15,quantile,0.8,4444
2021-10-05,3 wk ahead cum death,2021-10-23,GM15,GM15,quantile,0.85,4445
2021-10-05,3 wk ahead cum death,2021-10-23,GM15,GM15,quantile,0.9,4447
2021-10-05,3 wk ahead cum death,2021-10-23,GM15,GM15,quantile,0.95,4453
2021-10-05,3 wk ahead cum death,2021-10-23,GM15,GM15,quantile,0.975,4455
2021-10-05,3 wk ahead cum death,2021-10-23,GM15,GM15,quantile,0.99,4460
2021-10-05,4 wk ahead inc death,2021-10-30,GM15,GM15,point,NA,10
2021-10-05,4 wk ahead inc death,2021-10-30,GM15,GM15,quantile,0.01,0
2021-10-05,4 wk ahead inc death,2021-10-30,GM15,GM15,quantile,0.025,3
2021-10-05,4 wk ahead inc death,2021-10-30,GM15,GM15,quantile,0.05,4
2021-10-05,4 wk ahead inc death,2021-10-30,GM15,GM15,quantile,0.1,5
2021-10-05,4 wk ahead inc death,2021-10-30,GM15,GM15,quantile,0.15,5
2021-10-05,4 wk ahead inc death,2021-10-30,GM15,GM15,quantile,0.2,6
2021-10-05,4 wk ahead inc death,2021-10-30,GM15,GM15,quantile,0.25,7
2021-10-05,4 wk ahead inc death,2021-10-30,GM15,GM15,quantile,0.3,7
2021-10-05,4 wk ahead inc death,2021-10-30,GM15,GM15,quantile,0.35,8
2021-10-05,4 wk ahead inc death,2021-10-30,GM15,GM15,quantile,0.4,9
2021-10-05,4 wk ahead inc death,2021-10-30,GM15,GM15,quantile,0.45,9
2021-10-05,4 wk ahead inc death,2021-10-30,GM15,GM15,quantile,0.5,10
2021-10-05,4 wk ahead inc death,2021-10-30,GM15,GM15,quantile,0.55,11
2021-10-05,4 wk ahead inc death,2021-10-30,GM15,GM15,quantile,0.6,11
2021-10-05,4 wk ahead inc death,2021-10-30,GM15,GM15,quantile,0.65,12
2021-10-05,4 wk ahead inc death,2021-10-30,GM15,GM15,quantile,0.7,12
2021-10-05,4 wk ahead inc death,2021-10-30,GM15,GM15,quantile,0.75,13
2021-10-05,4 wk ahead inc death,2021-10-30,GM15,GM15,quantile,0.8,14
2021-10-05,4 wk ahead inc death,2021-10-30,GM15,GM15,quantile,0.85,17
2021-10-05,4 wk ahead inc death,2021-10-30,GM15,GM15,quantile,0.9,20
2021-10-05,4 wk ahead inc death,2021-10-30,GM15,GM15,quantile,0.95,27
2021-10-05,4 wk ahead inc death,2021-10-30,GM15,GM15,quantile,0.975,34
2021-10-05,4 wk ahead inc death,2021-10-30,GM15,GM15,quantile,0.99,39
2021-10-05,4 wk ahead cum death,2021-10-30,GM15,GM15,point,NA,4450
2021-10-05,4 wk ahead cum death,2021-10-30,GM15,GM15,quantile,0.01,4440
2021-10-05,4 wk ahead cum death,2021-10-30,GM15,GM15,quantile,0.025,4443
2021-10-05,4 wk ahead cum death,2021-10-30,GM15,GM15,quantile,0.05,4444
2021-10-05,4 wk ahead cum death,2021-10-30,GM15,GM15,quantile,0.1,4445
2021-10-05,4 wk ahead cum death,2021-10-30,GM15,GM15,quantile,0.15,4445
2021-10-05,4 wk ahead cum death,2021-10-30,GM15,GM15,quantile,0.2,4446
2021-10-05,4 wk ahead cum death,2021-10-30,GM15,GM15,quantile,0.25,4447
2021-10-05,4 wk ahead cum death,2021-10-30,GM15,GM15,quantile,0.3,4447
2021-10-05,4 wk ahead cum death,2021-10-30,GM15,GM15,quantile,0.35,4448
2021-10-05,4 wk ahead cum death,2021-10-30,GM15,GM15,quantile,0.4,4449
2021-10-05,4 wk ahead cum death,2021-10-30,GM15,GM15,quantile,0.45,4449
2021-10-05,4 wk ahead cum death,2021-10-30,GM15,GM15,quantile,0.5,4450
2021-10-05,4 wk ahead cum death,2021-10-30,GM15,GM15,quantile,0.55,4451
2021-10-05,4 wk ahead cum death,2021-10-30,GM15,GM15,quantile,0.6,4451
2021-10-05,4 wk ahead cum death,2021-10-30,GM15,GM15,quantile,0.65,4452
2021-10-05,4 wk ahead cum death,2021-10-30,GM15,GM15,quantile,0.7,4452
2021-10-05,4 wk ahead cum death,2021-10-30,GM15,GM15,quantile,0.75,4453
2021-10-05,4 wk ahead cum death,2021-10-30,GM15,GM15,quantile,0.8,4454
2021-10-05,4 wk ahead cum death,2021-10-30,GM15,GM15,quantile,0.85,4457
2021-10-05,4 wk ahead cum death,2021-10-30,GM15,GM15,quantile,0.9,4460
2021-10-05,4 wk ahead cum death,2021-10-30,GM15,GM15,quantile,0.95,4467
2021-10-05,4 wk ahead cum death,2021-10-30,GM15,GM15,quantile,0.975,4474
2021-10-05,4 wk ahead cum death,2021-10-30,GM15,GM15,quantile,0.99,4479
2021-10-05,1 wk ahead inc death,2021-10-09,GM16,GM16,point,NA,7
2021-10-05,1 wk ahead inc death,2021-10-09,GM16,GM16,quantile,0.01,0
2021-10-05,1 wk ahead inc death,2021-10-09,GM16,GM16,quantile,0.025,0
2021-10-05,1 wk ahead inc death,2021-10-09,GM16,GM16,quantile,0.05,1
2021-10-05,1 wk ahead inc death,2021-10-09,GM16,GM16,quantile,0.1,2
2021-10-05,1 wk ahead inc death,2021-10-09,GM16,GM16,quantile,0.15,3
2021-10-05,1 wk ahead inc death,2021-10-09,GM16,GM16,quantile,0.2,4
2021-10-05,1 wk ahead inc death,2021-10-09,GM16,GM16,quantile,0.25,5
2021-10-05,1 wk ahead inc death,2021-10-09,GM16,GM16,quantile,0.3,5
2021-10-05,1 wk ahead inc death,2021-10-09,GM16,GM16,quantile,0.35,6
2021-10-05,1 wk ahead inc death,2021-10-09,GM16,GM16,quantile,0.4,6
2021-10-05,1 wk ahead inc death,2021-10-09,GM16,GM16,quantile,0.45,7
2021-10-05,1 wk ahead inc death,2021-10-09,GM16,GM16,quantile,0.5,7
2021-10-05,1 wk ahead inc death,2021-10-09,GM16,GM16,quantile,0.55,7
2021-10-05,1 wk ahead inc death,2021-10-09,GM16,GM16,quantile,0.6,8
2021-10-05,1 wk ahead inc death,2021-10-09,GM16,GM16,quantile,0.65,9
2021-10-05,1 wk ahead inc death,2021-10-09,GM16,GM16,quantile,0.7,9
2021-10-05,1 wk ahead inc death,2021-10-09,GM16,GM16,quantile,0.75,10
2021-10-05,1 wk ahead inc death,2021-10-09,GM16,GM16,quantile,0.8,11
2021-10-05,1 wk ahead inc death,2021-10-09,GM16,GM16,quantile,0.85,12
2021-10-05,1 wk ahead inc death,2021-10-09,GM16,GM16,quantile,0.9,13
2021-10-05,1 wk ahead inc death,2021-10-09,GM16,GM16,quantile,0.95,14
2021-10-05,1 wk ahead inc death,2021-10-09,GM16,GM16,quantile,0.975,14
2021-10-05,1 wk ahead inc death,2021-10-09,GM16,GM16,quantile,0.99,15
2021-10-05,1 wk ahead cum death,2021-10-09,GM16,GM16,point,NA,3635
2021-10-05,1 wk ahead cum death,2021-10-09,GM16,GM16,quantile,0.01,3628
2021-10-05,1 wk ahead cum death,2021-10-09,GM16,GM16,quantile,0.025,3628
2021-10-05,1 wk ahead cum death,2021-10-09,GM16,GM16,quantile,0.05,3629
2021-10-05,1 wk ahead cum death,2021-10-09,GM16,GM16,quantile,0.1,3630
2021-10-05,1 wk ahead cum death,2021-10-09,GM16,GM16,quantile,0.15,3631
2021-10-05,1 wk ahead cum death,2021-10-09,GM16,GM16,quantile,0.2,3632
2021-10-05,1 wk ahead cum death,2021-10-09,GM16,GM16,quantile,0.25,3633
2021-10-05,1 wk ahead cum death,2021-10-09,GM16,GM16,quantile,0.3,3633
2021-10-05,1 wk ahead cum death,2021-10-09,GM16,GM16,quantile,0.35,3634
2021-10-05,1 wk ahead cum death,2021-10-09,GM16,GM16,quantile,0.4,3634
2021-10-05,1 wk ahead cum death,2021-10-09,GM16,GM16,quantile,0.45,3635
2021-10-05,1 wk ahead cum death,2021-10-09,GM16,GM16,quantile,0.5,3635
2021-10-05,1 wk ahead cum death,2021-10-09,GM16,GM16,quantile,0.55,3635
2021-10-05,1 wk ahead cum death,2021-10-09,GM16,GM16,quantile,0.6,3636
2021-10-05,1 wk ahead cum death,2021-10-09,GM16,GM16,quantile,0.65,3637
2021-10-05,1 wk ahead cum death,2021-10-09,GM16,GM16,quantile,0.7,3637
2021-10-05,1 wk ahead cum death,2021-10-09,GM16,GM16,quantile,0.75,3638
2021-10-05,1 wk ahead cum death,2021-10-09,GM16,GM16,quantile,0.8,3639
2021-10-05,1 wk ahead cum death,2021-10-09,GM16,GM16,quantile,0.85,3640
2021-10-05,1 wk ahead cum death,2021-10-09,GM16,GM16,quantile,0.9,3641
2021-10-05,1 wk ahead cum death,2021-10-09,GM16,GM16,quantile,0.95,3642
2021-10-05,1 wk ahead cum death,2021-10-09,GM16,GM16,quantile,0.975,3642
2021-10-05,1 wk ahead cum death,2021-10-09,GM16,GM16,quantile,0.99,3643
2021-10-05,2 wk ahead inc death,2021-10-16,GM16,GM16,point,NA,6
2021-10-05,2 wk ahead inc death,2021-10-16,GM16,GM16,quantile,0.01,0
2021-10-05,2 wk ahead inc death,2021-10-16,GM16,GM16,quantile,0.025,0
2021-10-05,2 wk ahead inc death,2021-10-16,GM16,GM16,quantile,0.05,0
2021-10-05,2 wk ahead inc death,2021-10-16,GM16,GM16,quantile,0.1,1
2021-10-05,2 wk ahead inc death,2021-10-16,GM16,GM16,quantile,0.15,2
2021-10-05,2 wk ahead inc death,2021-10-16,GM16,GM16,quantile,0.2,3
2021-10-05,2 wk ahead inc death,2021-10-16,GM16,GM16,quantile,0.25,3
2021-10-05,2 wk ahead inc death,2021-10-16,GM16,GM16,quantile,0.3,3
2021-10-05,2 wk ahead inc death,2021-10-16,GM16,GM16,quantile,0.35,3
2021-10-05,2 wk ahead inc death,2021-10-16,GM16,GM16,quantile,0.4,4
2021-10-05,2 wk ahead inc death,2021-10-16,GM16,GM16,quantile,0.45,5
2021-10-05,2 wk ahead inc death,2021-10-16,GM16,GM16,quantile,0.5,6
2021-10-05,2 wk ahead inc death,2021-10-16,GM16,GM16,quantile,0.55,7
2021-10-05,2 wk ahead inc death,2021-10-16,GM16,GM16,quantile,0.6,7
2021-10-05,2 wk ahead inc death,2021-10-16,GM16,GM16,quantile,0.65,8
2021-10-05,2 wk ahead inc death,2021-10-16,GM16,GM16,quantile,0.7,8
2021-10-05,2 wk ahead inc death,2021-10-16,GM16,GM16,quantile,0.75,9
2021-10-05,2 wk ahead inc death,2021-10-16,GM16,GM16,quantile,0.8,10
2021-10-05,2 wk ahead inc death,2021-10-16,GM16,GM16,quantile,0.85,10
2021-10-05,2 wk ahead inc death,2021-10-16,GM16,GM16,quantile,0.9,10
2021-10-05,2 wk ahead inc death,2021-10-16,GM16,GM16,quantile,0.95,11
2021-10-05,2 wk ahead inc death,2021-10-16,GM16,GM16,quantile,0.975,11
2021-10-05,2 wk ahead inc death,2021-10-16,GM16,GM16,quantile,0.99,11
2021-10-05,2 wk ahead cum death,2021-10-16,GM16,GM16,point,NA,3641
2021-10-05,2 wk ahead cum death,2021-10-16,GM16,GM16,quantile,0.01,3635
2021-10-05,2 wk ahead cum death,2021-10-16,GM16,GM16,quantile,0.025,3635
2021-10-05,2 wk ahead cum death,2021-10-16,GM16,GM16,quantile,0.05,3635
2021-10-05,2 wk ahead cum death,2021-10-16,GM16,GM16,quantile,0.1,3636
2021-10-05,2 wk ahead cum death,2021-10-16,GM16,GM16,quantile,0.15,3637
2021-10-05,2 wk ahead cum death,2021-10-16,GM16,GM16,quantile,0.2,3638
2021-10-05,2 wk ahead cum death,2021-10-16,GM16,GM16,quantile,0.25,3638
2021-10-05,2 wk ahead cum death,2021-10-16,GM16,GM16,quantile,0.3,3638
2021-10-05,2 wk ahead cum death,2021-10-16,GM16,GM16,quantile,0.35,3638
2021-10-05,2 wk ahead cum death,2021-10-16,GM16,GM16,quantile,0.4,3639
2021-10-05,2 wk ahead cum death,2021-10-16,GM16,GM16,quantile,0.45,3640
2021-10-05,2 wk ahead cum death,2021-10-16,GM16,GM16,quantile,0.5,3641
2021-10-05,2 wk ahead cum death,2021-10-16,GM16,GM16,quantile,0.55,3642
2021-10-05,2 wk ahead cum death,2021-10-16,GM16,GM16,quantile,0.6,3642
2021-10-05,2 wk ahead cum death,2021-10-16,GM16,GM16,quantile,0.65,3643
2021-10-05,2 wk ahead cum death,2021-10-16,GM16,GM16,quantile,0.7,3643
2021-10-05,2 wk ahead cum death,2021-10-16,GM16,GM16,quantile,0.75,3644
2021-10-05,2 wk ahead cum death,2021-10-16,GM16,GM16,quantile,0.8,3645
2021-10-05,2 wk ahead cum death,2021-10-16,GM16,GM16,quantile,0.85,3645
2021-10-05,2 wk ahead cum death,2021-10-16,GM16,GM16,quantile,0.9,3645
2021-10-05,2 wk ahead cum death,2021-10-16,GM16,GM16,quantile,0.95,3646
2021-10-05,2 wk ahead cum death,2021-10-16,GM16,GM16,quantile,0.975,3646
2021-10-05,2 wk ahead cum death,2021-10-16,GM16,GM16,quantile,0.99,3646
2021-10-05,3 wk ahead inc death,2021-10-23,GM16,GM16,point,NA,6
2021-10-05,3 wk ahead inc death,2021-10-23,GM16,GM16,quantile,0.01,0
2021-10-05,3 wk ahead inc death,2021-10-23,GM16,GM16,quantile,0.025,0
2021-10-05,3 wk ahead inc death,2021-10-23,GM16,GM16,quantile,0.05,2
2021-10-05,3 wk ahead inc death,2021-10-23,GM16,GM16,quantile,0.1,3
2021-10-05,3 wk ahead inc death,2021-10-23,GM16,GM16,quantile,0.15,3
2021-10-05,3 wk ahead inc death,2021-10-23,GM16,GM16,quantile,0.2,4
2021-10-05,3 wk ahead inc death,2021-10-23,GM16,GM16,quantile,0.25,5
2021-10-05,3 wk ahead inc death,2021-10-23,GM16,GM16,quantile,0.3,5
2021-10-05,3 wk ahead inc death,2021-10-23,GM16,GM16,quantile,0.35,6
2021-10-05,3 wk ahead inc death,2021-10-23,GM16,GM16,quantile,0.4,6
2021-10-05,3 wk ahead inc death,2021-10-23,GM16,GM16,quantile,0.45,6
2021-10-05,3 wk ahead inc death,2021-10-23,GM16,GM16,quantile,0.5,6
2021-10-05,3 wk ahead inc death,2021-10-23,GM16,GM16,quantile,0.55,7
2021-10-05,3 wk ahead inc death,2021-10-23,GM16,GM16,quantile,0.6,7
2021-10-05,3 wk ahead inc death,2021-10-23,GM16,GM16,quantile,0.65,8
2021-10-05,3 wk ahead inc death,2021-10-23,GM16,GM16,quantile,0.7,9
2021-10-05,3 wk ahead inc death,2021-10-23,GM16,GM16,quantile,0.75,10
2021-10-05,3 wk ahead inc death,2021-10-23,GM16,GM16,quantile,0.8,11
2021-10-05,3 wk ahead inc death,2021-10-23,GM16,GM16,quantile,0.85,11
2021-10-05,3 wk ahead inc death,2021-10-23,GM16,GM16,quantile,0.9,13
2021-10-05,3 wk ahead inc death,2021-10-23,GM16,GM16,quantile,0.95,13
2021-10-05,3 wk ahead inc death,2021-10-23,GM16,GM16,quantile,0.975,14
2021-10-05,3 wk ahead inc death,2021-10-23,GM16,GM16,quantile,0.99,25
2021-10-05,3 wk ahead cum death,2021-10-23,GM16,GM16,point,NA,3647
2021-10-05,3 wk ahead cum death,2021-10-23,GM16,GM16,quantile,0.01,3641
2021-10-05,3 wk ahead cum death,2021-10-23,GM16,GM16,quantile,0.025,3641
2021-10-05,3 wk ahead cum death,2021-10-23,GM16,GM16,quantile,0.05,3643
2021-10-05,3 wk ahead cum death,2021-10-23,GM16,GM16,quantile,0.1,3644
2021-10-05,3 wk ahead cum death,2021-10-23,GM16,GM16,quantile,0.15,3644
2021-10-05,3 wk ahead cum death,2021-10-23,GM16,GM16,quantile,0.2,3645
2021-10-05,3 wk ahead cum death,2021-10-23,GM16,GM16,quantile,0.25,3646
2021-10-05,3 wk ahead cum death,2021-10-23,GM16,GM16,quantile,0.3,3646
2021-10-05,3 wk ahead cum death,2021-10-23,GM16,GM16,quantile,0.35,3647
2021-10-05,3 wk ahead cum death,2021-10-23,GM16,GM16,quantile,0.4,3647
2021-10-05,3 wk ahead cum death,2021-10-23,GM16,GM16,quantile,0.45,3647
2021-10-05,3 wk ahead cum death,2021-10-23,GM16,GM16,quantile,0.5,3647
2021-10-05,3 wk ahead cum death,2021-10-23,GM16,GM16,quantile,0.55,3648
2021-10-05,3 wk ahead cum death,2021-10-23,GM16,GM16,quantile,0.6,3648
2021-10-05,3 wk ahead cum death,2021-10-23,GM16,GM16,quantile,0.65,3649
2021-10-05,3 wk ahead cum death,2021-10-23,GM16,GM16,quantile,0.7,3650
2021-10-05,3 wk ahead cum death,2021-10-23,GM16,GM16,quantile,0.75,3651
2021-10-05,3 wk ahead cum death,2021-10-23,GM16,GM16,quantile,0.8,3652
2021-10-05,3 wk ahead cum death,2021-10-23,GM16,GM16,quantile,0.85,3652
2021-10-05,3 wk ahead cum death,2021-10-23,GM16,GM16,quantile,0.9,3654
2021-10-05,3 wk ahead cum death,2021-10-23,GM16,GM16,quantile,0.95,3654
2021-10-05,3 wk ahead cum death,2021-10-23,GM16,GM16,quantile,0.975,3655
2021-10-05,3 wk ahead cum death,2021-10-23,GM16,GM16,quantile,0.99,3666
2021-10-05,4 wk ahead inc death,2021-10-30,GM16,GM16,point,NA,6
2021-10-05,4 wk ahead inc death,2021-10-30,GM16,GM16,quantile,0.01,0
2021-10-05,4 wk ahead inc death,2021-10-30,GM16,GM16,quantile,0.025,0
2021-10-05,4 wk ahead inc death,2021-10-30,GM16,GM16,quantile,0.05,0
2021-10-05,4 wk ahead inc death,2021-10-30,GM16,GM16,quantile,0.1,2
2021-10-05,4 wk ahead inc death,2021-10-30,GM16,GM16,quantile,0.15,3
2021-10-05,4 wk ahead inc death,2021-10-30,GM16,GM16,quantile,0.2,3
2021-10-05,4 wk ahead inc death,2021-10-30,GM16,GM16,quantile,0.25,3
2021-10-05,4 wk ahead inc death,2021-10-30,GM16,GM16,quantile,0.3,4
2021-10-05,4 wk ahead inc death,2021-10-30,GM16,GM16,quantile,0.35,4
2021-10-05,4 wk ahead inc death,2021-10-30,GM16,GM16,quantile,0.4,5
2021-10-05,4 wk ahead inc death,2021-10-30,GM16,GM16,quantile,0.45,5
2021-10-05,4 wk ahead inc death,2021-10-30,GM16,GM16,quantile,0.5,6
2021-10-05,4 wk ahead inc death,2021-10-30,GM16,GM16,quantile,0.55,6
2021-10-05,4 wk ahead inc death,2021-10-30,GM16,GM16,quantile,0.6,6
2021-10-05,4 wk ahead inc death,2021-10-30,GM16,GM16,quantile,0.65,7
2021-10-05,4 wk ahead inc death,2021-10-30,GM16,GM16,quantile,0.7,7
2021-10-05,4 wk ahead inc death,2021-10-30,GM16,GM16,quantile,0.75,8
2021-10-05,4 wk ahead inc death,2021-10-30,GM16,GM16,quantile,0.8,9
2021-10-05,4 wk ahead inc death,2021-10-30,GM16,GM16,quantile,0.85,10
2021-10-05,4 wk ahead inc death,2021-10-30,GM16,GM16,quantile,0.9,11
2021-10-05,4 wk ahead inc death,2021-10-30,GM16,GM16,quantile,0.95,12
2021-10-05,4 wk ahead inc death,2021-10-30,GM16,GM16,quantile,0.975,13
2021-10-05,4 wk ahead inc death,2021-10-30,GM16,GM16,quantile,0.99,14
2021-10-05,4 wk ahead cum death,2021-10-30,GM16,GM16,point,NA,3653
2021-10-05,4 wk ahead cum death,2021-10-30,GM16,GM16,quantile,0.01,3647
2021-10-05,4 wk ahead cum death,2021-10-30,GM16,GM16,quantile,0.025,3647
2021-10-05,4 wk ahead cum death,2021-10-30,GM16,GM16,quantile,0.05,3647
2021-10-05,4 wk ahead cum death,2021-10-30,GM16,GM16,quantile,0.1,3649
2021-10-05,4 wk ahead cum death,2021-10-30,GM16,GM16,quantile,0.15,3650
2021-10-05,4 wk ahead cum death,2021-10-30,GM16,GM16,quantile,0.2,3650
2021-10-05,4 wk ahead cum death,2021-10-30,GM16,GM16,quantile,0.25,3650
2021-10-05,4 wk ahead cum death,2021-10-30,GM16,GM16,quantile,0.3,3651
2021-10-05,4 wk ahead cum death,2021-10-30,GM16,GM16,quantile,0.35,3651
2021-10-05,4 wk ahead cum death,2021-10-30,GM16,GM16,quantile,0.4,3652
2021-10-05,4 wk ahead cum death,2021-10-30,GM16,GM16,quantile,0.45,3652
2021-10-05,4 wk ahead cum death,2021-10-30,GM16,GM16,quantile,0.5,3653
2021-10-05,4 wk ahead cum death,2021-10-30,GM16,GM16,quantile,0.55,3653
2021-10-05,4 wk ahead cum death,2021-10-30,GM16,GM16,quantile,0.6,3653
2021-10-05,4 wk ahead cum death,2021-10-30,GM16,GM16,quantile,0.65,3654
2021-10-05,4 wk ahead cum death,2021-10-30,GM16,GM16,quantile,0.7,3654
2021-10-05,4 wk ahead cum death,2021-10-30,GM16,GM16,quantile,0.75,3655
2021-10-05,4 wk ahead cum death,2021-10-30,GM16,GM16,quantile,0.8,3656
2021-10-05,4 wk ahead cum death,2021-10-30,GM16,GM16,quantile,0.85,3657
2021-10-05,4 wk ahead cum death,2021-10-30,GM16,GM16,quantile,0.9,3658
2021-10-05,4 wk ahead cum death,2021-10-30,GM16,GM16,quantile,0.95,3659
2021-10-05,4 wk ahead cum death,2021-10-30,GM16,GM16,quantile,0.975,3660
2021-10-05,4 wk ahead cum death,2021-10-30,GM16,GM16,quantile,0.99,3661
2021-10-05,1 wk ahead inc death,2021-10-09,GM,Germany,point,NA,383
2021-10-05,1 wk ahead inc death,2021-10-09,GM,Germany,quantile,0.01,311
2021-10-05,1 wk ahead inc death,2021-10-09,GM,Germany,quantile,0.025,331
2021-10-05,1 wk ahead inc death,2021-10-09,GM,Germany,quantile,0.05,333
2021-10-05,1 wk ahead inc death,2021-10-09,GM,Germany,quantile,0.1,335
2021-10-05,1 wk ahead inc death,2021-10-09,GM,Germany,quantile,0.15,339
2021-10-05,1 wk ahead inc death,2021-10-09,GM,Germany,quantile,0.2,361
2021-10-05,1 wk ahead inc death,2021-10-09,GM,Germany,quantile,0.25,362
2021-10-05,1 wk ahead inc death,2021-10-09,GM,Germany,quantile,0.3,364
2021-10-05,1 wk ahead inc death,2021-10-09,GM,Germany,quantile,0.35,365
2021-10-05,1 wk ahead inc death,2021-10-09,GM,Germany,quantile,0.4,366
2021-10-05,1 wk ahead inc death,2021-10-09,GM,Germany,quantile,0.45,373
2021-10-05,1 wk ahead inc death,2021-10-09,GM,Germany,quantile,0.5,383
2021-10-05,1 wk ahead inc death,2021-10-09,GM,Germany,quantile,0.55,386
2021-10-05,1 wk ahead inc death,2021-10-09,GM,Germany,quantile,0.6,386
2021-10-05,1 wk ahead inc death,2021-10-09,GM,Germany,quantile,0.65,386
2021-10-05,1 wk ahead inc death,2021-10-09,GM,Germany,quantile,0.7,386
2021-10-05,1 wk ahead inc death,2021-10-09,GM,Germany,quantile,0.75,386
2021-10-05,1 wk ahead inc death,2021-10-09,GM,Germany,quantile,0.8,388
2021-10-05,1 wk ahead inc death,2021-10-09,GM,Germany,quantile,0.85,393
2021-10-05,1 wk ahead inc death,2021-10-09,GM,Germany,quantile,0.9,418
2021-10-05,1 wk ahead inc death,2021-10-09,GM,Germany,quantile,0.95,445
2021-10-05,1 wk ahead inc death,2021-10-09,GM,Germany,quantile,0.975,474
2021-10-05,1 wk ahead inc death,2021-10-09,GM,Germany,quantile,0.99,478
2021-10-05,1 wk ahead cum death,2021-10-09,GM,Germany,point,NA,94160
2021-10-05,1 wk ahead cum death,2021-10-09,GM,Germany,quantile,0.01,94088
2021-10-05,1 wk ahead cum death,2021-10-09,GM,Germany,quantile,0.025,94108
2021-10-05,1 wk ahead cum death,2021-10-09,GM,Germany,quantile,0.05,94110
2021-10-05,1 wk ahead cum death,2021-10-09,GM,Germany,quantile,0.1,94112
2021-10-05,1 wk ahead cum death,2021-10-09,GM,Germany,quantile,0.15,94116
2021-10-05,1 wk ahead cum death,2021-10-09,GM,Germany,quantile,0.2,94138
2021-10-05,1 wk ahead cum death,2021-10-09,GM,Germany,quantile,0.25,94139
2021-10-05,1 wk ahead cum death,2021-10-09,GM,Germany,quantile,0.3,94141
2021-10-05,1 wk ahead cum death,2021-10-09,GM,Germany,quantile,0.35,94142
2021-10-05,1 wk ahead cum death,2021-10-09,GM,Germany,quantile,0.4,94143
2021-10-05,1 wk ahead cum death,2021-10-09,GM,Germany,quantile,0.45,94150
2021-10-05,1 wk ahead cum death,2021-10-09,GM,Germany,quantile,0.5,94160
2021-10-05,1 wk ahead cum death,2021-10-09,GM,Germany,quantile,0.55,94163
2021-10-05,1 wk ahead cum death,2021-10-09,GM,Germany,quantile,0.6,94163
2021-10-05,1 wk ahead cum death,2021-10-09,GM,Germany,quantile,0.65,94163
2021-10-05,1 wk ahead cum death,2021-10-09,GM,Germany,quantile,0.7,94163
2021-10-05,1 wk ahead cum death,2021-10-09,GM,Germany,quantile,0.75,94163
2021-10-05,1 wk ahead cum death,2021-10-09,GM,Germany,quantile,0.8,94165
2021-10-05,1 wk ahead cum death,2021-10-09,GM,Germany,quantile,0.85,94170
2021-10-05,1 wk ahead cum death,2021-10-09,GM,Germany,quantile,0.9,94195
2021-10-05,1 wk ahead cum death,2021-10-09,GM,Germany,quantile,0.95,94222
2021-10-05,1 wk ahead cum death,2021-10-09,GM,Germany,quantile,0.975,94251
2021-10-05,1 wk ahead cum death,2021-10-09,GM,Germany,quantile,0.99,94255
2021-10-05,2 wk ahead inc death,2021-10-16,GM,Germany,point,NA,343
2021-10-05,2 wk ahead inc death,2021-10-16,GM,Germany,quantile,0.01,258
2021-10-05,2 wk ahead inc death,2021-10-16,GM,Germany,quantile,0.025,275
2021-10-05,2 wk ahead inc death,2021-10-16,GM,Germany,quantile,0.05,285
2021-10-05,2 wk ahead inc death,2021-10-16,GM,Germany,quantile,0.1,288
2021-10-05,2 wk ahead inc death,2021-10-16,GM,Germany,quantile,0.15,292
2021-10-05,2 wk ahead inc death,2021-10-16,GM,Germany,quantile,0.2,316
2021-10-05,2 wk ahead inc death,2021-10-16,GM,Germany,quantile,0.25,319
2021-10-05,2 wk ahead inc death,2021-10-16,GM,Germany,quantile,0.3,321
2021-10-05,2 wk ahead inc death,2021-10-16,GM,Germany,quantile,0.35,324
2021-10-05,2 wk ahead inc death,2021-10-16,GM,Germany,quantile,0.4,328
2021-10-05,2 wk ahead inc death,2021-10-16,GM,Germany,quantile,0.45,329
2021-10-05,2 wk ahead inc death,2021-10-16,GM,Germany,quantile,0.5,343
2021-10-05,2 wk ahead inc death,2021-10-16,GM,Germany,quantile,0.55,343
2021-10-05,2 wk ahead inc death,2021-10-16,GM,Germany,quantile,0.6,343
2021-10-05,2 wk ahead inc death,2021-10-16,GM,Germany,quantile,0.65,346
2021-10-05,2 wk ahead inc death,2021-10-16,GM,Germany,quantile,0.7,372
2021-10-05,2 wk ahead inc death,2021-10-16,GM,Germany,quantile,0.75,377
2021-10-05,2 wk ahead inc death,2021-10-16,GM,Germany,quantile,0.8,393
2021-10-05,2 wk ahead inc death,2021-10-16,GM,Germany,quantile,0.85,413
2021-10-05,2 wk ahead inc death,2021-10-16,GM,Germany,quantile,0.9,426
2021-10-05,2 wk ahead inc death,2021-10-16,GM,Germany,quantile,0.95,434
2021-10-05,2 wk ahead inc death,2021-10-16,GM,Germany,quantile,0.975,441
2021-10-05,2 wk ahead inc death,2021-10-16,GM,Germany,quantile,0.99,448
2021-10-05,2 wk ahead cum death,2021-10-16,GM,Germany,point,NA,94503
2021-10-05,2 wk ahead cum death,2021-10-16,GM,Germany,quantile,0.01,94418
2021-10-05,2 wk ahead cum death,2021-10-16,GM,Germany,quantile,0.025,94435
2021-10-05,2 wk ahead cum death,2021-10-16,GM,Germany,quantile,0.05,94445
2021-10-05,2 wk ahead cum death,2021-10-16,GM,Germany,quantile,0.1,94448
2021-10-05,2 wk ahead cum death,2021-10-16,GM,Germany,quantile,0.15,94452
2021-10-05,2 wk ahead cum death,2021-10-16,GM,Germany,quantile,0.2,94476
2021-10-05,2 wk ahead cum death,2021-10-16,GM,Germany,quantile,0.25,94479
2021-10-05,2 wk ahead cum death,2021-10-16,GM,Germany,quantile,0.3,94481
2021-10-05,2 wk ahead cum death,2021-10-16,GM,Germany,quantile,0.35,94484
2021-10-05,2 wk ahead cum death,2021-10-16,GM,Germany,quantile,0.4,94488
2021-10-05,2 wk ahead cum death,2021-10-16,GM,Germany,quantile,0.45,94489
2021-10-05,2 wk ahead cum death,2021-10-16,GM,Germany,quantile,0.5,94503
2021-10-05,2 wk ahead cum death,2021-10-16,GM,Germany,quantile,0.55,94503
2021-10-05,2 wk ahead cum death,2021-10-16,GM,Germany,quantile,0.6,94503
2021-10-05,2 wk ahead cum death,2021-10-16,GM,Germany,quantile,0.65,94506
2021-10-05,2 wk ahead cum death,2021-10-16,GM,Germany,quantile,0.7,94532
2021-10-05,2 wk ahead cum death,2021-10-16,GM,Germany,quantile,0.75,94537
2021-10-05,2 wk ahead cum death,2021-10-16,GM,Germany,quantile,0.8,94553
2021-10-05,2 wk ahead cum death,2021-10-16,GM,Germany,quantile,0.85,94573
2021-10-05,2 wk ahead cum death,2021-10-16,GM,Germany,quantile,0.9,94586
2021-10-05,2 wk ahead cum death,2021-10-16,GM,Germany,quantile,0.95,94594
2021-10-05,2 wk ahead cum death,2021-10-16,GM,Germany,quantile,0.975,94601
2021-10-05,2 wk ahead cum death,2021-10-16,GM,Germany,quantile,0.99,94608
2021-10-05,3 wk ahead inc death,2021-10-23,GM,Germany,point,NA,315
2021-10-05,3 wk ahead inc death,2021-10-23,GM,Germany,quantile,0.01,218
2021-10-05,3 wk ahead inc death,2021-10-23,GM,Germany,quantile,0.025,221
2021-10-05,3 wk ahead inc death,2021-10-23,GM,Germany,quantile,0.05,228
2021-10-05,3 wk ahead inc death,2021-10-23,GM,Germany,quantile,0.1,257
2021-10-05,3 wk ahead inc death,2021-10-23,GM,Germany,quantile,0.15,263
2021-10-05,3 wk ahead inc death,2021-10-23,GM,Germany,quantile,0.2,266
2021-10-05,3 wk ahead inc death,2021-10-23,GM,Germany,quantile,0.25,288
2021-10-05,3 wk ahead inc death,2021-10-23,GM,Germany,quantile,0.3,291
2021-10-05,3 wk ahead inc death,2021-10-23,GM,Germany,quantile,0.35,294
2021-10-05,3 wk ahead inc death,2021-10-23,GM,Germany,quantile,0.4,296
2021-10-05,3 wk ahead inc death,2021-10-23,GM,Germany,quantile,0.45,303
2021-10-05,3 wk ahead inc death,2021-10-23,GM,Germany,quantile,0.5,315
2021-10-05,3 wk ahead inc death,2021-10-23,GM,Germany,quantile,0.55,315
2021-10-05,3 wk ahead inc death,2021-10-23,GM,Germany,quantile,0.6,315
2021-10-05,3 wk ahead inc death,2021-10-23,GM,Germany,quantile,0.65,317
2021-10-05,3 wk ahead inc death,2021-10-23,GM,Germany,quantile,0.7,328
2021-10-05,3 wk ahead inc death,2021-10-23,GM,Germany,quantile,0.75,349
2021-10-05,3 wk ahead inc death,2021-10-23,GM,Germany,quantile,0.8,358
2021-10-05,3 wk ahead inc death,2021-10-23,GM,Germany,quantile,0.85,365
2021-10-05,3 wk ahead inc death,2021-10-23,GM,Germany,quantile,0.9,386
2021-10-05,3 wk ahead inc death,2021-10-23,GM,Germany,quantile,0.95,401
2021-10-05,3 wk ahead inc death,2021-10-23,GM,Germany,quantile,0.975,410
2021-10-05,3 wk ahead inc death,2021-10-23,GM,Germany,quantile,0.99,428
2021-10-05,3 wk ahead cum death,2021-10-23,GM,Germany,point,NA,94818
2021-10-05,3 wk ahead cum death,2021-10-23,GM,Germany,quantile,0.01,94721
2021-10-05,3 wk ahead cum death,2021-10-23,GM,Germany,quantile,0.025,94724
2021-10-05,3 wk ahead cum death,2021-10-23,GM,Germany,quantile,0.05,94731
2021-10-05,3 wk ahead cum death,2021-10-23,GM,Germany,quantile,0.1,94760
2021-10-05,3 wk ahead cum death,2021-10-23,GM,Germany,quantile,0.15,94766
2021-10-05,3 wk ahead cum death,2021-10-23,GM,Germany,quantile,0.2,94769
2021-10-05,3 wk ahead cum death,2021-10-23,GM,Germany,quantile,0.25,94791
2021-10-05,3 wk ahead cum death,2021-10-23,GM,Germany,quantile,0.3,94794
2021-10-05,3 wk ahead cum death,2021-10-23,GM,Germany,quantile,0.35,94797
2021-10-05,3 wk ahead cum death,2021-10-23,GM,Germany,quantile,0.4,94799
2021-10-05,3 wk ahead cum death,2021-10-23,GM,Germany,quantile,0.45,94806
2021-10-05,3 wk ahead cum death,2021-10-23,GM,Germany,quantile,0.5,94818
2021-10-05,3 wk ahead cum death,2021-10-23,GM,Germany,quantile,0.55,94818
2021-10-05,3 wk ahead cum death,2021-10-23,GM,Germany,quantile,0.6,94818
2021-10-05,3 wk ahead cum death,2021-10-23,GM,Germany,quantile,0.65,94820
2021-10-05,3 wk ahead cum death,2021-10-23,GM,Germany,quantile,0.7,94831
2021-10-05,3 wk ahead cum death,2021-10-23,GM,Germany,quantile,0.75,94852
2021-10-05,3 wk ahead cum death,2021-10-23,GM,Germany,quantile,0.8,94861
2021-10-05,3 wk ahead cum death,2021-10-23,GM,Germany,quantile,0.85,94868
2021-10-05,3 wk ahead cum death,2021-10-23,GM,Germany,quantile,0.9,94889
2021-10-05,3 wk ahead cum death,2021-10-23,GM,Germany,quantile,0.95,94904
2021-10-05,3 wk ahead cum death,2021-10-23,GM,Germany,quantile,0.975,94913
2021-10-05,3 wk ahead cum death,2021-10-23,GM,Germany,quantile,0.99,94931
2021-10-05,4 wk ahead inc death,2021-10-30,GM,Germany,point,NA,309
2021-10-05,4 wk ahead inc death,2021-10-30,GM,Germany,quantile,0.01,139
2021-10-05,4 wk ahead inc death,2021-10-30,GM,Germany,quantile,0.025,176
2021-10-05,4 wk ahead inc death,2021-10-30,GM,Germany,quantile,0.05,215
2021-10-05,4 wk ahead inc death,2021-10-30,GM,Germany,quantile,0.1,236
2021-10-05,4 wk ahead inc death,2021-10-30,GM,Germany,quantile,0.15,260
2021-10-05,4 wk ahead inc death,2021-10-30,GM,Germany,quantile,0.2,263
2021-10-05,4 wk ahead inc death,2021-10-30,GM,Germany,quantile,0.25,286
2021-10-05,4 wk ahead inc death,2021-10-30,GM,Germany,quantile,0.3,289
2021-10-05,4 wk ahead inc death,2021-10-30,GM,Germany,quantile,0.35,291
2021-10-05,4 wk ahead inc death,2021-10-30,GM,Germany,quantile,0.4,293
2021-10-05,4 wk ahead inc death,2021-10-30,GM,Germany,quantile,0.45,297
2021-10-05,4 wk ahead inc death,2021-10-30,GM,Germany,quantile,0.5,309
2021-10-05,4 wk ahead inc death,2021-10-30,GM,Germany,quantile,0.55,313
2021-10-05,4 wk ahead inc death,2021-10-30,GM,Germany,quantile,0.6,313
2021-10-05,4 wk ahead inc death,2021-10-30,GM,Germany,quantile,0.65,313
2021-10-05,4 wk ahead inc death,2021-10-30,GM,Germany,quantile,0.7,316
2021-10-05,4 wk ahead inc death,2021-10-30,GM,Germany,quantile,0.75,327
2021-10-05,4 wk ahead inc death,2021-10-30,GM,Germany,quantile,0.8,347
2021-10-05,4 wk ahead inc death,2021-10-30,GM,Germany,quantile,0.85,359
2021-10-05,4 wk ahead inc death,2021-10-30,GM,Germany,quantile,0.9,365
2021-10-05,4 wk ahead inc death,2021-10-30,GM,Germany,quantile,0.95,394
2021-10-05,4 wk ahead inc death,2021-10-30,GM,Germany,quantile,0.975,406
2021-10-05,4 wk ahead inc death,2021-10-30,GM,Germany,quantile,0.99,414
2021-10-05,4 wk ahead cum death,2021-10-30,GM,Germany,point,NA,95127
2021-10-05,4 wk ahead cum death,2021-10-30,GM,Germany,quantile,0.01,94957
2021-10-05,4 wk ahead cum death,2021-10-30,GM,Germany,quantile,0.025,94994
2021-10-05,4 wk ahead cum death,2021-10-30,GM,Germany,quantile,0.05,95033
2021-10-05,4 wk ahead cum death,2021-10-30,GM,Germany,quantile,0.1,95054
2021-10-05,4 wk ahead cum death,2021-10-30,GM,Germany,quantile,0.15,95078
2021-10-05,4 wk ahead cum death,2021-10-30,GM,Germany,quantile,0.2,95081
2021-10-05,4 wk ahead cum death,2021-10-30,GM,Germany,quantile,0.25,95104
2021-10-05,4 wk ahead cum death,2021-10-30,GM,Germany,quantile,0.3,95107
2021-10-05,4 wk ahead cum death,2021-10-30,GM,Germany,quantile,0.35,95109
2021-10-05,4 wk ahead cum death,2021-10-30,GM,Germany,quantile,0.4,95111
2021-10-05,4 wk ahead cum death,2021-10-30,GM,Germany,quantile,0.45,95115
2021-10-05,4 wk ahead cum death,2021-10-30,GM,Germany,quantile,0.5,95127
2021-10-05,4 wk ahead cum death,2021-10-30,GM,Germany,quantile,0.55,95131
2021-10-05,4 wk ahead cum death,2021-10-30,GM,Germany,quantile,0.6,95131
2021-10-05,4 wk ahead cum death,2021-10-30,GM,Germany,quantile,0.65,95131
2021-10-05,4 wk ahead cum death,2021-10-30,GM,Germany,quantile,0.7,95134
2021-10-05,4 wk ahead cum death,2021-10-30,GM,Germany,quantile,0.75,95145
2021-10-05,4 wk ahead cum death,2021-10-30,GM,Germany,quantile,0.8,95165
2021-10-05,4 wk ahead cum death,2021-10-30,GM,Germany,quantile,0.85,95177
2021-10-05,4 wk ahead cum death,2021-10-30,GM,Germany,quantile,0.9,95183
2021-10-05,4 wk ahead cum death,2021-10-30,GM,Germany,quantile,0.95,95212
2021-10-05,4 wk ahead cum death,2021-10-30,GM,Germany,quantile,0.975,95224
2021-10-05,4 wk ahead cum death,2021-10-30,GM,Germany,quantile,0.99,95232
