id,Country,2021-10-19,2021-10-20,2021-10-21,2021-10-22,2021-10-23,2021-10-24,2021-10-25,2021-10-26,2021-10-27,2021-10-28,2021-10-29,2021-10-30,2021-10-31,2021-11-01,2021-11-02,2021-11-03,2021-11-04,2021-11-05,2021-11-06,2021-11-07,2021-11-08,2021-11-09,2021-11-10,2021-11-11,2021-11-12,2021-11-13,2021-11-14,2021-11-15,2021-11-16,2021-11-17,2021-11-18,2021-11-19,2021-11-20,2021-11-21,2021-11-22,2021-11-23,2021-11-24,2021-11-25,2021-11-26,2021-11-27,2021-11-28,2021-11-29,2021-11-30,2021-12-01,2021-12-02,2021-12-03,2021-12-04,2021-12-05,2021-12-06,2021-12-07,2021-12-08,2021-12-09,2021-12-10,2021-12-11,2021-12-12,2021-12-13,2021-12-14,2021-12-15,2021-12-16,2021-12-17,2021-12-18,2021-12-19,2021-12-20,2021-12-21,2021-12-22,2021-12-23,2021-12-24,2021-12-25,2021-12-26,2021-12-27,2021-12-28,2021-12-29,2021-12-30,2021-12-31,2022-01-01,2022-01-02,2022-01-03,2022-01-04,2022-01-05,2022-01-06,2022-01-07,2022-01-08,2022-01-09,2022-01-10,2022-01-11,2022-01-12,2022-01-13,2022-01-14,2022-01-15,2022-01-16,2022-01-17,2022-01-18,2022-01-19,2022-01-20,2022-01-21,2022-01-22,2022-01-23,2022-01-24,2022-01-25,2022-01-26,2022-01-27
0,"Washington",702425,704949,707510,710099,712734,715417,718157,720968,723861,726797,729789,732836,735945,739113,742349,745648,749001,752411,756050,759774,763597,767521,771558,775693,779949,784325,788810,793399,798114,802952,807924,813025,818269,823645,829171,834839,840668,846646,852792,859094,865574,872216,879045,886044,893238,900607,908180,915934,923899,932049,940418,948975,957757,966729,975931,985325,994951,1004768,1014820,1025059,1035533,1046166,1057007,1067990,1079167,1090465,1101937,1113504,1125218,1136998,1148901,1160840,1172874,1184912,1197015,1209090,1221198,1233247,1245297,1257257,1269187,1280997,1292747,1304349,1315862,1327201,1338425,1349452,1360340,1371012,1381523,1391802,1401903,1411759,1421420,1430829,1440032,1448975,1457705,1466173,1474421
1,"Illinois",1673346,1675906,1678438,1680948,1683446,1685927,1688399,1690861,1693322,1695807,1698321,1700861,1703435,1706039,1708680,1711353,1714028,1716701,1719383,1722072,1724777,1727496,1730239,1733004,1735794,1738598,1741422,1744260,1747111,1749977,1752865,1755770,1758700,1761651,1764631,1767633,1770664,1773717,1776798,1779902,1783035,1786190,1789378,1792590,1795838,1799113,1802424,1805764,1809142,1812550,1815996,1819472,1822989,1826537,1830128,1833752,1837421,1841125,1844875,1848661,1852495,1856356,1860255,1864181,1868145,1872136,1876167,1880224,1884320,1888442,1892603,1896786,1901006,1905246,1909520,1913811,1918134,1922472,1926842,1931226,1935640,1940065,1944518,1948980,1953467,1957961,1962477,1966997,1971537,1976078,1980637,1985196,1989770,1994340,1998924,2003501,2008089,2012667,2017253,2021828,2026407
2,"California",4830872,4837229,4843747,4850424,4857294,4864387,4871750,4879422,4887470,4895793,4904422,4913367,4922667,4932327,4942372,4952798,4963634,4974869,4986526,4998620,5011183,5024202,5037724,5051741,5066286,5081341,5096955,5113091,5129761,5147045,5165007,5183630,5202990,5223066,5243946,5265612,5288176,5311606,5336018,5361371,5387800,5415249,5443872,5473600,5504606,5536795,5570366,5605198,5641516,5679167,5718406,5759039,5801355,5845111,5890634,5937624,5986450,6036744,6088921,6142537,6198056,6254736,6313051,6372335,6433097,6494573,6557303,6620430,6684515,6748645,6813435,6877921,6942738,7006896,7071047,7134197,7197010,7258517,7319377,7378667,7437029,7493608,7549022,7602496,7654613,7704690,7753270,7799762,7844665,7887483,7928665,7967806,8005307,8040843,8074769,8106832,8137343,8166110,8193404,8219085,8243386
3,"Arizona",1137636,1140251,1142880,1145528,1148208,1150917,1153667,1156458,1159300,1162183,1165117,1168099,1171140,1174237,1177403,1180633,1183911,1187230,1190599,1194011,1197473,1200976,1204530,1208122,1211764,1215442,1219165,1222922,1226715,1230541,1234411,1238312,1242255,1246226,1250238,1254274,1258349,1262445,1266578,1270729,1274914,1279114,1283344,1287587,1291858,1296138,1300443,1304754,1309086,1313420,1317773,1322123,1326489,1330848,1335219,1339580,1343950,1348306,1352666,1357009,1361352,1365672,1369987,1374275,1378554,1382802,1387036,1391236,1395418,1399563,1403686,1407769,1411826,1415840,1419824,1423762,1427668,1431525,1435347,1439118,1442851,1446531,1450171,1453755,1457298,1460785,1464228,1467614,1470954,1474236,1477472,1480649,1483778,1486849,1489872,1492836,1495750,1498607,1501415,1504164,1506865
4,"Massachusetts",838347,840029,841752,843523,845351,847240,849202,851247,853389,855613,857927,860337,862852,865475,868214,871076,874067,877193,880464,883886,887470,891220,895149,899262,903571,908082,912810,917764,922942,928388,934126,940170,946548,953278,960393,967913,975884,984326,993289,1002794,1012900,1023630,1035052,1047191,1060124,1073874,1088528,1104110,1120717,1138365,1157164,1177120,1198355,1220857,1244759,1270023,1296794,1324997,1354785,1386035,1418904,1453024,1488508,1525060,1562778,1601293,1640681,1680504,1720817,1761154,1801589,1841637,1881374,1920329,1958589,1995722,2031831,2066548,2099990,2131859,2162284,2191046,2218280,2243839,2267862,2290263,2311180,2330574,2348579,2365194,2380541,2394644,2407616,2419495,2430381,2440321,2449402,2457673,2465211,2472062,2485703
5,"Wisconsin",859993,862635,865262,867876,870489,873094,875704,878315,880939,883564,886200,888842,891500,894168,896856,899560,902266,904967,907670,910369,913069,915763,918457,921142,923824,926494,929155,931800,934430,937046,939653,942244,944824,947386,949937,952467,954985,957481,959963,962422,964865,967285,969687,972066,974427,976763,979081,981373,983645,985891,988116,990315,992493,994643,996772,998873,1000952,1003004,1005032,1007033,1009010,1010960,1012884,1014781,1016653,1018496,1020315,1022105,1023871,1025608,1027320,1029005,1030664,1032295,1033901,1035480,1037034,1038560,1040062,1041537,1042987,1044411,1045811,1047184,1048534,1049859,1051160,1052435,1053688,1054917,1056123,1057305,1058465,1059601,1060716,1061808,1062880,1063929,1064958,1065965,1066952
6,"Texas",4191397,4200698,4210530,4220920,4231966,4243695,4256263,4269728,4284318,4299760,4316198,4333579,4352047,4371502,4392144,4413823,4436707,4460572,4485660,4511694,4538936,4567034,4596305,4626399,4657570,4689300,4721984,4754994,4788742,4822658,4857200,4891658,4926520,4961053,4995769,5029925,5064053,5097412,5130526,5162685,5194405,5225024,5255038,5283849,5311920,5338726,5364693,5389373,5413151,5435655,5457228,5477568,5496975,5515213,5532541,5548779,5564147,5578512,5592061,5604700,5616584,5627648,5638023,5647666,5656688,5665063,5672881,5680131,5686886,5693145,5698968,5704359,5709368,5714002,5718303,5722280,5725968,5729377,5732536,5735454,5738156,5740653,5742963,5745097,5747071,5748894,5750579,5752135,5753574,5754903,5756131,5757264,5758312,5759279,5760173,5760999,5761761,5762465,5763116,5763716,5764271
7,"Nebraska",277436,278113,278801,279505,280228,280971,281742,282542,283378,284235,285119,286027,286963,287927,288920,289939,290985,292054,293152,294272,295420,296590,297783,298997,300231,301483,302754,304041,305344,306659,307989,309327,310678,312034,313399,314766,316140,317512,318886,320256,321625,322987,324343,325689,327028,328352,329665,330962,332245,333508,334755,335981,337187,338370,339532,340669,341784,342872,343936,344973,345985,346970,347930,348864,349772,350655,351512,352343,353150,353932,354689,355422,356132,356818,357482,358123,358742,359340,359916,360473,361009,361526,362024,362503,362965,363409,363836,364247,364642,365022,365387,365738,366075,366398,366709,367007,367293,367567,367831,368083,368325
8,"Utah",533526,535158,536791,538425,540059,541690,543329,544970,546611,548278,549980,551711,553482,555294,557153,559043,560942,562843,564759,566683,568629,570589,572568,574568,576578,578599,580642,582695,584765,586835,588916,590995,593086,595176,597276,599375,601482,603585,605693,607794,609898,611992,614087,616168,618249,620315,622378,624426,626469,628494,630512,632510,634499,636466,638422,640355,642276,644171,646053,647909,649749,651565,653365,655139,656897,658628,660342,662028,663695,665335,666957,668550,670124,671670,673196,674695,676174,677625,679056,680459,681842,683197,684532,685840,687127,688388,689628,690843,692037,693206,694354,695478,696581,697661,698720,699756,700773,701767,702741,703694,704627
9,"Oregon",353368,354594,355810,357021,358229,359433,360636,361837,363039,364241,365443,366644,367846,369050,370255,371463,372670,373876,375079,376280,377481,378681,379879,381074,382268,383458,384646,385828,387006,388181,389356,390529,391700,392870,394039,395206,396373,397537,398702,399865,401027,402188,403350,404510,405671,406831,407992,409153,410314,411476,412638,413800,414964,416128,417293,418459,419627,420796,421966,423138,424312,425485,426658,427831,429003,430175,431347,432517,433687,434856,436024,437190,438354,439517,440678,441837,442993,444147,445298,446446,447592,448734,449873,451009,452141,453269,454393,455513,456629,457740,458847,459949,461047,462139,463227,464309,465385,466457,467522,468582,469636
10,"Florida",3664097,3666877,3669613,3672296,3674950,3677576,3680182,3682768,3685339,3687883,3690402,3692898,3695375,3697832,3700275,3702695,3705096,3707479,3709845,3712194,3714526,3716841,3719139,3721421,3723691,3725940,3728174,3730392,3732599,3734798,3736991,3739179,3741363,3743545,3745728,3747911,3750099,3752292,3754493,3756701,3758922,3761153,3763401,3765663,3767945,3770246,3772570,3774918,3777293,3779696,3782130,3784596,3787099,3789640,3792221,3794845,3797515,3800234,3803005,3805830,3808714,3811649,3814639,3817684,3820787,3823946,3827166,3830445,3833785,3837185,3840648,3844173,3847764,3851417,3855138,3858924,3862778,3866698,3870688,3874745,3878875,3883072,3887342,3891682,3896096,3900580,3905140,3909770,3914476,3919253,3924108,3929033,3934037,3939111,3944263,3949486,3954787,3960159,3965608,3971127,3976723
11,"New York",2514422,2520536,2526666,2532802,2538956,2545103,2551265,2557423,2563611,2570007,2576648,2583521,2590665,2598059,2605750,2613717,2621763,2629868,2638098,2646442,2654969,2663664,2672617,2681810,2691279,2700936,2710835,2720893,2731127,2741525,2752150,2762950,2774025,2785309,2796897,2808701,2820815,2833129,2845740,2858528,2871612,2884868,2898434,2912184,2926266,2940534,2955146,2969933,2985061,3000340,3015952,3031693,3047763,3063942,3080449,3097049,3113975,3130970,3148282,3165631,3183279,3200853,3218629,3236290,3254125,3271807,3289634,3307270,3325021,3342536,3360119,3377414,3394728,3411704,3428650,3445212,3461702,3477783,3493758,3509301,3524705,3539657,3554435,3568745,3582850,3596476,3609873,3622788,3635454,3647643,3659570,3671028,3682216,3692946,3703399,3713409,3723140,3732446,3741472,3750094,3758442
12,"Rhode Island",177280,177572,177869,178172,178483,178803,179133,179475,179832,180200,180580,180973,181380,181802,182239,182692,183161,183648,184153,184677,185221,185785,186370,186977,187607,188260,188937,189639,190365,191120,191906,192724,193577,194465,195391,196358,197368,198424,199529,200684,201895,203163,204493,205887,207350,208884,210497,212188,213966,215831,217793,219850,222015,224284,226671,229170,231798,234546,237434,240449,243614,246898,250324,253865,257546,261334,265256,269269,273404,277611,281923,286287,290735,295209,299744,304276,308844,313381,317926,322411,326878,331259,335596,339824,343984,348016,351961,355764,359464,363012,366446,369724,372880,375881,378756,381479,384077,386529,388859,391051,393127
13,"Georgia",1620694,1622305,1623859,1625348,1626788,1628182,1629533,1630842,1632111,1633338,1634517,1635658,1636762,1637829,1638863,1639863,1640828,1641756,1642652,1643514,1644345,1645146,1645919,1646662,1647377,1648064,1648726,1649360,1649970,1650556,1651119,1651659,1652177,1652674,1653150,1653607,1654044,1654463,1654864,1655248,1655615,1655966,1656302,1656622,1656929,1657222,1657501,1657768,1658022,1658265,1658496,1658717,1658927,1659127,1659318,1659499,1659672,1659836,1659992,1660140,1660281,1660415,1660543,1660665,1660780,1660891,1660996,1661095,1661190,1661281,1661367,1661449,1661527,1661601,1661672,1661739,1661803,1661864,1661922,1661977,1662030,1662080,1662128,1662173,1662217,1662258,1662297,1662335,1662370,1662404,1662437,1662468,1662497,1662525,1662552,1662577,1662601,1662624,1662646,1662667,1662687
14,"New Hampshire",130040,130654,131275,131903,132538,133180,133829,134483,135145,135818,136502,137200,137913,138640,139385,140148,140923,141710,142509,143321,144148,144990,145845,146717,147605,148509,149430,150367,151321,152294,153288,154301,155337,156393,157474,158577,159705,160857,162036,163240,164474,165734,167026,168348,169702,171088,172510,173965,175458,176986,178554,180160,181810,183499,185234,187011,188837,190707,192629,194598,196622,198688,200805,202966,205179,207437,209748,212105,214516,216972,219483,222037,224647,227297,230002,232746,235542,238375,241260,244180,247149,250151,253200,256277,259399,262545,265732,268939,272183,275442,278735,282038,285370,288708,292069,295430,298809,302184,305571,308948,312332
15,"North Carolina",1455188,1457833,1460415,1462935,1465400,1467808,1470162,1472460,1474712,1476914,1479070,1481178,1483243,1485258,1487226,1489150,1491028,1492858,1494644,1496382,1498075,1499720,1501321,1502879,1504395,1505867,1507295,1508680,1510022,1511323,1512587,1513812,1514999,1516150,1517265,1518344,1519389,1520400,1521379,1522325,1523240,1524124,1524979,1525805,1526602,1527372,1528116,1528833,1529525,1530193,1530836,1531457,1532055,1532631,1533186,1533720,1534234,1534729,1535205,1535663,1536103,1536527,1536936,1537329,1537707,1538072,1538422,1538760,1539085,1539398,1539699,1539988,1540267,1540535,1540794,1541042,1541282,1541512,1541734,1541947,1542152,1542350,1542540,1542723,1542899,1543069,1543232,1543389,1543540,1543686,1543826,1543961,1544091,1544216,1544336,1544451,1544563,1544670,1544773,1544872,1544968
16,"New Jersey",1183289,1185112,1186922,1188707,1190470,1192208,1193926,1195626,1197315,1199035,1200807,1202628,1204519,1206465,1208476,1210548,1212619,1214687,1216768,1218864,1220990,1223154,1225373,1227634,1229950,1232309,1234717,1237144,1239615,1242119,1244667,1247253,1249895,1252587,1255345,1258158,1261039,1263974,1266979,1270037,1273167,1276353,1279618,1282948,1286365,1289853,1293437,1297096,1300857,1304696,1308642,1312668,1316809,1321034,1325382,1329820,1334389,1339053,1343856,1348756,1353802,1358932,1364196,1369544,1375029,1380594,1386298,1392080,1398001,1403993,1410119,1416308,1422624,1428990,1435473,1441993,1448619,1455269,1462014,1468767,1475603,1482430,1489323,1496190,1503104,1509975,1516873,1523709,1530553,1537319,1544072,1550731,1557358,1563875,1570341,1576683,1582957,1589095,1595148,1601055,1606864
17,"Colorado",712125,714886,717747,720711,723800,727031,730432,734022,737848,741847,746043,750437,755055,759897,764985,770311,775894,781719,787819,794177,800823,807731,814941,822417,830193,838234,846581,855209,864144,873359,882906,892728,902886,913311,924071,935087,946433,958018,969920,982035,994446,1007040,1019903,1032909,1046151,1059491,1073024,1086605,1100334,1114056,1127873,1141627,1155422,1169098,1182758,1196245,1209661,1222853,1235922,1248722,1261351,1273639,1285677,1297340,1308712,1319681,1330327,1340550,1350423,1359866,1368946,1377600,1385888,1393760,1401272,1408385,1415149,1421537,1427593,1433299,1438694,1443765,1448547,1453035,1457258,1461214,1464928,1468404,1471662,1474706,1477555,1480214,1482700,1485017,1487181,1489197,1491078,1492828,1494460,1495978,1497391
18,"Maryland",551807,552976,554132,555276,556411,557534,558650,559759,560864,561990,563139,564312,565512,566738,567993,569276,570557,571838,573125,574417,575721,577039,578380,579739,581119,582514,583926,585347,586778,588221,589678,591148,592638,594144,595673,597219,598787,600372,601977,603598,605239,606895,608572,610268,611988,613727,615491,617274,619083,620912,622766,624639,626538,628456,630401,632367,634360,636375,638419,640484,642578,644686,646816,648960,651126,653304,655505,657718,659952,662197,664462,666735,669026,671322,673634,675948,678275,680604,682944,685284,687634,689981,692336,694686,697041,699389,701739,704079,706420,708750,711078,713392,715702,717997,720286,722558,724821,727065,729298,731510,733711
19,"Nevada",432861,433480,434100,434723,435353,435990,436636,437294,437966,438645,439332,440027,440730,441443,442165,442894,443632,444378,445131,445891,446660,447434,448215,449002,449795,450593,451396,452204,453014,453829,454648,455471,456299,457130,457964,458802,459643,460487,461335,462185,463038,463893,464751,465611,466474,467338,468204,469071,469941,470811,471682,472554,473428,474301,475175,476049,476923,477796,478670,479542,480414,481285,482155,483022,483889,484753,485616,486475,487333,488188,489040,489888,490734,491575,492413,493247,494077,494903,495724,496540,497352,498158,498959,499755,500546,501330,502109,502881,503648,504408,505162,505909,506650,507384,508111,508831,509544,510249,510948,511638,512322
20,"Tennessee",1267363,1268956,1270493,1271965,1273386,1274753,1276074,1277351,1278589,1279788,1280953,1282085,1283187,1284257,1285298,1286307,1287280,1288218,1289124,1289998,1290843,1291660,1292451,1293213,1293950,1294660,1295345,1296005,1296642,1297256,1297847,1298416,1298964,1299491,1299999,1300488,1300958,1301410,1301845,1302262,1302664,1303049,1303419,1303775,1304116,1304443,1304757,1305058,1305347,1305624,1305889,1306143,1306387,1306620,1306843,1307057,1307261,1307457,1307644,1307823,1307994,1308157,1308314,1308464,1308608,1308746,1308877,1309003,1309124,1309240,1309350,1309456,1309557,1309654,1309746,1309835,1309920,1310002,1310079,1310154,1310225,1310294,1310359,1310422,1310482,1310539,1310594,1310646,1310697,1310745,1310791,1310835,1310878,1310918,1310957,1310994,1311029,1311064,1311096,1311127,1311157
21,"Hawaii",82591,82715,82836,82953,83066,83175,83283,83388,83489,83587,83682,83775,83866,83955,84042,84127,84209,84289,84368,84444,84520,84594,84666,84737,84806,84874,84941,85007,85072,85136,85200,85264,85327,85390,85454,85517,85580,85643,85707,85771,85836,85901,85967,86033,86101,86170,86239,86311,86383,86458,86533,86611,86691,86773,86858,86945,87035,87128,87224,87324,87427,87534,87644,87758,87876,87997,88122,88251,88385,88524,88667,88814,88967,89126,89289,89458,89633,89814,90001,90195,90395,90602,90816,91038,91267,91504,91750,92004,92267,92539,92821,93112,93414,93726,94050,94384,94730,95089,95460,95844,96241
22,"Indiana",1001697,1003750,1005813,1007891,1009992,1012118,1014279,1016476,1018722,1020987,1023277,1025589,1027927,1030285,1032666,1035063,1037478,1039904,1042344,1044791,1047248,1049706,1052168,1054628,1057088,1059539,1061983,1064412,1066824,1069217,1071594,1073946,1076276,1078578,1080852,1083095,1085307,1087483,1089626,1091730,1093796,1095822,1097808,1099750,1101651,1103507,1105319,1107085,1108806,1110480,1112109,1113690,1115225,1116713,1118155,1119550,1120900,1122203,1123461,1124674,1125844,1126972,1128062,1129112,1130126,1131103,1132045,1132953,1133828,1134671,1135485,1136268,1137023,1137750,1138450,1139125,1139775,1140400,1141003,1141583,1142142,1142680,1143198,1143697,1144177,1144639,1145083,1145511,1145923,1146320,1146701,1147068,1147422,1147762,1148089,1148403,1148706,1148998,1149278,1149548,1149807
23,"Kentucky",728860,730593,732296,733974,735634,737271,738891,740493,742080,743644,745189,746711,748214,749695,751159,752602,754021,755415,756788,758136,759459,760758,762034,763285,764512,765711,766886,768030,769148,770241,771311,772355,773375,774371,775343,776291,777217,778120,779001,779859,780696,781511,782306,783079,783833,784567,785281,785976,786653,787311,787951,788573,789179,789767,790339,790895,791435,791959,792469,792964,793444,793911,794364,794804,795231,795646,796048,796439,796819,797187,797544,797891,798228,798555,798872,799180,799479,799768,800050,800323,800587,800844,801093,801335,801570,801797,802018,802232,802440,802641,802837,803026,803210,803389,803562,803730,803892,804050,804204,804352,804496
24,"Minnesota",763915,766661,769408,772163,774943,777751,780604,783504,786469,789457,792478,795526,798609,801720,804866,808035,811233,814448,817688,820941,824216,827497,830794,834094,837400,840699,843997,847282,850554,853812,857065,860299,863523,866724,869911,873073,876220,879339,882440,885510,888560,891577,894571,897531,900466,903365,906235,909070,911874,914640,917375,920071,922734,925356,927945,930493,933007,935479,937915,940310,942669,944985,947263,949499,951696,953850,955965,958038,960071,962062,964013,965923,967793,969622,971412,973161,974872,976543,978176,979770,981327,982845,984328,985773,987183,988557,989897,991202,992474,993712,994918,996092,997234,998346,999427,1000479,1001502,1002497,1003464,1004403,1005316
25,"Oklahoma",635865,636998,638127,639252,640379,641507,642638,643773,644914,646054,647194,648334,649474,650612,651751,652887,654022,655155,656284,657410,658533,659650,660762,661870,662970,664063,665148,666225,667292,668350,669399,670439,671470,672491,673502,674502,675493,676473,677442,678400,679348,680284,681208,682122,683023,683913,684792,685658,686512,687354,688184,689002,689807,690600,691381,692149,692904,693647,694378,695095,695801,696494,697177,697847,698507,699155,699792,700419,701035,701641,702237,702823,703398,703965,704521,705069,705607,706137,706657,707169,707672,708167,708653,709132,709602,710065,710519,710966,711406,711839,712264,712682,713093,713497,713894,714285,714669,715046,715418,715783,716142
26,"Pennsylvania",1517231,1526071,1535380,1545154,1555524,1566445,1578082,1590396,1603566,1617651,1632920,1649249,1666987,1685962,1706592,1728562,1751863,1775916,1801278,1827244,1854528,1882168,1911026,1939984,1969922,1999479,2029724,2059153,2088892,2117474,2146153,2173319,2200306,2225551,2250374,2273323,2295658,2316088,2335768,2353608,2370631,2385952,2400446,2413425,2425608,2436474,2446599,2455603,2463940,2471340,2478152,2484193,2489726,2494631,2499105,2503072,2506678,2509877,2512776,2515351,2517678,2519738,2521590,2523231,2524704,2526010,2527180,2528219,2529148,2529974,2530712,2531367,2531952,2532472,2532936,2533348,2533715,2534040,2534331,2534589,2534819,2535023,2535205,2535366,2535510,2535638,2535752,2535853,2535943,2536023,2536094,2536158,2536214,2536264,2536309,2536348,2536383,2536415,2536443,2536467,2536489
27,"South Carolina",888189,889398,890546,891639,892683,893680,894637,895558,896450,897320,898170,898997,899802,900584,901340,902070,902769,903439,904084,904705,905306,905887,906449,906994,907521,908028,908517,908986,909437,909870,910286,910686,911072,911444,911802,912147,912480,912799,913106,913400,913683,913954,914214,914464,914704,914935,915157,915370,915574,915770,915958,916137,916310,916475,916633,916785,916930,917069,917203,917331,917453,917570,917682,917790,917893,917992,918087,918178,918265,918348,918428,918504,918578,918648,918715,918780,918841,918901,918957,919012,919064,919114,919162,919207,919251,919294,919334,919373,919410,919445,919479,919512,919543,919573,919602,919629,919655,919681,919705,919728,919750
28,"District of Columbia",63345,63430,63515,63603,63682,63765,63847,63933,64017,64107,64196,64279,64362,64451,64539,64632,64726,64828,64924,65029,65136,65251,65369,65497,65627,65761,65899,66051,66208,66385,66571,66781,67004,67258,67530,67842,68178,68566,68988,69479,70019,70654,71357,72190,73119,74227,75472,76962,78647,80670,82970,85737,88892,92679,97004,102160,108035,114945,122767,131755,141796,152737,164472,176621,189248,201548,213875,225102,235935,245165,253748,260652,266862,271651,275834,278980,281659,283662,285330,286584,287605,288381,289002,289478,289852,290141,290366,290541,290675,290781,290861,290924,290973,291011,291040,291063,291080,291094,291104,291112,291119
29,"Kansas",425705,426518,427328,428133,428936,429738,430539,431339,432140,432937,433730,434520,435306,436087,436864,437637,438404,439164,439919,440666,441407,442140,442865,443582,444291,444990,445679,446358,447026,447684,448331,448967,449593,450206,450809,451399,451978,452545,453100,453644,454175,454694,455201,455696,456180,456651,457110,457557,457993,458416,458828,459229,459618,459995,460362,460717,461062,461395,461718,462031,462333,462626,462910,463184,463450,463707,463956,464197,464430,464656,464875,465086,465291,465489,465681,465866,466046,466219,466387,466550,466707,466860,467007,467149,467287,467421,467550,467675,467796,467913,468026,468136,468242,468344,468443,468539,468632,468722,468809,468893,468975
30,"Missouri",848234,849349,850436,851494,852526,853532,854517,855483,856432,857377,858316,859249,860175,861090,861995,862887,863758,864610,865446,866268,867078,867878,868669,869452,870223,870982,871726,872457,873172,873872,874560,875236,875901,876555,877199,877833,878455,879065,879663,880249,880822,881384,881935,882475,883005,883526,884036,884536,885026,885505,885974,886433,886882,887321,887750,888171,888582,888985,889379,889764,890140,890508,890868,891221,891566,891904,892234,892557,892874,893183,893486,893782,894072,894355,894632,894904,895170,895429,895684,895933,896176,896415,896648,896876,897099,897318,897532,897741,897946,898146,898342,898534,898722,898906,899086,899262,899434,899603,899768,899929,900087
31,"Vermont",37651,37929,38217,38518,38834,39167,39520,39898,40305,40738,41200,41694,42224,42794,43409,44073,44789,45561,46398,47303,48285,49352,50516,51776,53148,54641,56269,58035,59970,62083,64412,66957,69769,72841,76241,79950,84058,88524,93464,98798,104681,110971,117870,125146,133062,141265,150088,159033,168514,177883,187638,197010,206568,215487,224378,232448,240301,247261,253872,259620,264958,269494,273581,277023,280064,282612,291619,308726,325992,342049,357841,372122,385801,397882,409162,418945,427867,435508,442335,448132,453224,457525,461251,464388,467078,469337,471260,472873,474238,475383,476348,477156,477836,478405,478883,479283,479618,479899,480135,480332,480497
32,"Virginia",909499,911940,914331,916675,918970,921213,923411,925564,927682,929832,932018,934236,936488,938763,941062,943382,945660,947903,950128,952337,954547,956764,959000,961259,963534,965813,968089,970357,972614,974862,977105,979348,981601,983864,986142,988431,990731,993036,995345,997652,999962,1002272,1004590,1006915,1009253,1011603,1013967,1016342,1018729,1021124,1023529,1025940,1028361,1030791,1033235,1035691,1038164,1040651,1043154,1045671,1048204,1050742,1053289,1055842,1058405,1060975,1063557,1066148,1068752,1071365,1073989,1076620,1079260,1081905,1084557,1087213,1089876,1092543,1095219,1097899,1100587,1103278,1105976,1108676,1111381,1114087,1116796,1119506,1122220,1124933,1127650,1130367,1133086,1135805,1138524,1141241,1143959,1146673,1149387,1152097,1154806
33,"Connecticut",398979,399544,400127,400730,401355,402004,402682,403391,404139,404919,405737,406592,407490,408432,409423,410465,411562,412716,413932,415214,416568,417995,419504,421095,422775,424549,426421,428400,430487,432702,435059,437565,440239,443088,446136,449393,452889,456633,460663,464988,469653,474669,480091,485929,492251,499064,506452,514414,523057,532367,542478,553355,565163,577837,591580,606280,622189,639124,657395,676724,697488,719161,742162,765904,790873,816317,842787,869373,896682,923699,951092,977789,1004488,1030127,1055408,1079350,1102629,1124399,1145282,1164597,1182889,1199649,1215338,1229601,1242814,1254749,1265707,1275556,1284528,1294341,1332347,1369788,1406327,1441955,1476364,1509592,1541359,1571766,1600557,1627898,1653554
34,"Iowa",469519,470931,472459,474095,475851,477729,479752,481930,484300,486827,489539,492425,495517,498800,502310,506017,509961,514103,518492,523078,527913,532936,538209,543632,549284,555061,561033,567081,573308,579568,585962,592335,598796,605181,611605,617904,624192,630307,636364,642209,647955,653460,658831,663944,668895,673581,678089,682332,686388,690189,693801,697173,700360,703326,706116,708704,711130,713375,715471,717407,719210,720875,722423,727726,733296,738953,744398,749921,755226,760598,765748,770956,775938,780969,785773,790617,795234,799883,804305,808753,812976,817218,821240,825274,829093,832919,836534,840153,843568,846982,850199,853412,856435,859453,862288,865115,867769,870412,872891,875358,877668
35,"Louisiana",753532,754052,754558,755052,755535,756008,756472,756927,757373,757808,758234,758651,759059,759458,759848,760229,760602,760966,761322,761669,762009,762340,762663,762978,763286,763586,763878,764163,764440,764710,764973,765229,765479,765721,765957,766187,766411,766628,766840,767046,767246,767441,767630,767814,767993,768167,768337,768501,768661,768817,768968,769115,769258,769397,769532,769663,769791,769915,770035,770152,770266,770377,770485,770590,770693,770793,770890,770986,771079,771170,771259,771346,771431,771514,771596,771675,771753,771830,771904,771978,772050,772120,772189,772257,772324,772389,772453,772516,772577,772638,772697,772756,772813,772870,772925,772979,773033,773086,773137,773188,773238
36,"Ohio",1503102,1507605,1512003,1516280,1520453,1524508,1528466,1532321,1536100,1539850,1543585,1547308,1551013,1554682,1558323,1561917,1565421,1568833,1572172,1575438,1578650,1581806,1584924,1587998,1591029,1594002,1596919,1599769,1602555,1605271,1607924,1610513,1613051,1615531,1617964,1620342,1622671,1624942,1627161,1629319,1631424,1633470,1635465,1637405,1639297,1641139,1642935,1644681,1646382,1648034,1649641,1651200,1652714,1654182,1655608,1656991,1658334,1659635,1660899,1662122,1663309,1664460,1665578,1666662,1667715,1668734,1669724,1670682,1671612,1672513,1673386,1674233,1675054,1675849,1676621,1677369,1678094,1678796,1679477,1680137,1680777,1681396,1681997,1682578,1683142,1683688,1684218,1684731,1685228,1685709,1686176,1686628,1687066,1687490,1687901,1688299,1688685,1689059,1689421,1689771,1690111
37,"Michigan",1229056,1234017,1239056,1244168,1249374,1254664,1260064,1265567,1271202,1276914,1282720,1288605,1294588,1300644,1306797,1313033,1319342,1325706,1332137,1338612,1345144,1351707,1358311,1364930,1371573,1378213,1384860,1391481,1398087,1404664,1411221,1417735,1424214,1430638,1437013,1443320,1449569,1455738,1461836,1467846,1473774,1479604,1485345,1490981,1496519,1501947,1507271,1512480,1517580,1522560,1527428,1532174,1536805,1541313,1545704,1549972,1554123,1558152,1562064,1565855,1569531,1573096,1576556,1579908,1583159,1586306,1589354,1592305,1595161,1597923,1600596,1603180,1605678,1608091,1610424,1612677,1614853,1616955,1618984,1620942,1622832,1624656,1626415,1628112,1629749,1631327,1632849,1634315,1635729,1637091,1638404,1639669,1640887,1642061,1643192,1644280,1645329,1646338,1647310,1648246,1649147
38,"South Dakota",149996,150370,150769,151197,151661,152167,152726,153348,154045,154808,155649,156572,157591,158710,159945,161298,162779,164390,166147,168046,170104,172310,174682,177194,179860,182651,185575,188596,191724,194914,198165,201430,204707,207945,211145,214259,217288,220190,222971,225597,228078,230392,232549,234539,236372,238047,239575,240958,242211,243337,244349,245254,246063,246782,247422,247990,248492,248936,249328,249673,249978,250246,250481,250689,250871,251031,251171,251295,251403,251498,251581,251654,251718,251774,251823,251866,251904,251937,251966,251991,252014,252033,252050,252065,252078,252089,252100,252108,252116,252123,252129,252134,252138,252142,252146,252149,252151,252154,252156,252157,252159
39,"Arkansas",507759,508338,508911,509477,510040,510598,511153,511704,512254,512797,513336,513869,514396,514918,515434,515944,516448,516945,517435,517918,518394,518862,519323,519777,520222,520658,521086,521505,521915,522316,522708,523091,523465,523830,524186,524532,524870,525199,525519,525830,526132,526425,526710,526986,527254,527513,527764,528007,528242,528469,528688,528900,529104,529301,529491,529673,529849,530019,530181,530337,530488,530632,530771,530904,531033,531156,531274,531388,531498,531603,531704,531801,531895,531985,532071,532154,532234,532310,532384,532455,532523,532588,532651,532711,532769,532825,532878,532930,532979,533027,533072,533116,533158,533199,533238,533275,533311,533346,533379,533411,533442
40,"Delaware",140651,141089,141522,141948,142370,142785,143196,143603,144005,144415,144833,145258,145689,146127,146573,147025,147473,147916,148358,148800,149244,149691,150144,150604,151065,151530,151998,152463,152930,153398,153866,154336,154810,155286,155767,156251,156739,157229,157721,158214,158709,159205,159705,160206,160711,161219,161731,162246,162764,163283,163806,164331,164858,165387,165921,166456,166995,167536,168081,168629,169180,169731,170285,170839,171395,171951,172510,173069,173631,174192,174756,175319,175884,176447,177012,177575,178139,178702,179265,179826,180388,180948,181508,182065,182623,183177,183730,184281,184830,185376,185921,186463,187003,187539,188074,188604,189132,189656,190178,190695,191209
41,"Mississippi",499838,500481,501134,501803,502498,503218,503977,504777,505623,506510,507442,508424,509460,510558,511723,512948,514246,515616,517064,518592,520211,521917,523711,525593,527574,529648,531826,534100,536475,538940,541499,544142,546869,549671,552543,555473,558457,561479,564535,567608,570693,573772,576839,579878,582881,585836,588734,591564,594320,596992,599576,602064,604454,606741,608923,610998,612967,614828,616585,618237,619788,621245,622612,623893,625091,626209,627253,628226,629132,629975,630759,631488,632164,632791,633373,634465,636449,638428,640323,642211,644017,645814,647531,649236,650863,652478,654016,655541,656992,658429,659795,661146,662430,663698,664901,666089,667215,668325,669377,670414,671396
42,"New Mexico",266148,266970,267805,268655,269522,270407,271312,272241,273197,274173,275174,276200,277256,278340,279459,280612,281797,283012,284263,285545,286864,288217,289608,291034,292500,294000,295539,297115,298729,300385,302091,303842,305647,307498,309407,311365,313385,315457,317595,319788,322051,324372,326767,329223,331758,334356,337036,339781,342614,345512,348500,351555,354703,357917,361227,364603,368075,371611,375244,378937,382728,386558,390467,394406,398417,402446,406538,410635,414783,418922,423102,427259,431443,435590,439750,443859,447968,452013,456045,460002,463933,467780,471589,475305,478975,482544,486057,489465,492811,496048,499216,502275,505260,508136,510936,513628,516242,518750,521181,523509,525760
43,"North Dakota",142407,143011,143617,144227,144843,145463,146091,146726,147373,148024,148682,149345,150017,150694,151380,152073,152772,153473,154179,154885,155596,156307,157021,157734,158449,159160,159872,160578,161282,161981,162677,163367,164053,164731,165405,166070,166729,167379,168022,168655,169280,169894,170500,171094,171680,172253,172817,173369,173910,174439,174958,175464,175959,176442,176914,177373,177821,178256,178680,179092,179493,179883,180263,180632,180991,181340,181680,182009,182330,182640,182943,183235,183520,183796,184064,184324,184576,184820,185058,185287,185510,185726,185936,186139,186335,186526,186710,186889,187062,187230,187392,187550,187702,187849,187992,188130,188264,188393,188518,188639,188757
44,"Wyoming",98567,99194,99857,100553,101299,102091,102951,103873,104884,105935,107050,108200,109412,110648,111938,113233,114562,115871,117198,118486,119774,121004,122218,123356,124462,125487,126470,127373,128228,129004,129729,130383,130986,131527,132023,132464,132865,133221,133541,133825,134080,134304,134505,134682,134839,134977,135099,135207,135303,135386,135460,135525,135582,135633,135677,135716,135750,135780,135806,135830,135850,135868,135884,135898,135911,135922,135932,135940,135948,135955,135961,135967,135972,135976,135980,135983,135987,135989,135992,135994,135996,135998,136000,136001,136003,136004,136005,136006,136007,136008,136008,136009,136010,136010,136011,136011,136012,136012,136013,136013,136013
45,"Alaska",130590,131572,132566,133577,134609,135661,136740,137847,138988,140144,141323,142516,143730,144958,146204,147459,148729,150004,151287,152572,153865,155155,156439,157713,158982,160236,161480,162704,163915,165104,166278,167427,168558,169662,170746,171801,172834,173837,174817,175767,176691,177586,178454,179293,180106,180889,181646,182375,183078,183753,184403,185026,185626,186199,186750,187276,187781,188262,188723,189162,189582,189982,190365,190729,191076,191407,191723,192023,192308,192580,192839,193085,193320,193542,193754,193955,194146,194328,194501,194664,194820,194968,195108,195242,195368,195488,195602,195711,195813,195911,196003,196091,196174,196253,196328,196399,196466,196530,196591,196648,196703
46,"Maine",98607,99198,99814,100453,101119,101813,102540,103303,104111,104954,105839,106767,107742,108765,109844,110978,112170,113422,114741,116126,117586,119121,120740,122435,124218,126087,128049,130102,132262,134531,136922,139433,142080,144861,147793,150873,154123,157535,161134,164908,168885,173050,177434,182016,186829,191846,197104,202566,208274,214179,220326,226657,233219,239940,246871,253929,261166,268486,275944,283437,291018,298545,306069,313474,320811,327968,334994,341786,348388,354715,360814,366613,372157,377391,382355,387013,391400,395493,399324,402881,406192,409253,412090,414702,417113,419327,421363,423227,424937,426499,427929,429232,434100,444377,454462,464483,474264,483930,493313,502538,511447
47,"Alabama",815324,816138,816941,817733,818515,819284,820043,820789,821520,822240,822946,823639,824317,824982,825633,826269,826891,827499,828093,828673,829238,829788,830324,830845,831353,831845,832324,832789,833239,833675,834097,834505,834899,835280,835647,836001,836342,836670,836986,837289,837580,837859,838126,838382,838627,838862,839085,839299,839503,839697,839882,840058,840225,840384,840534,840677,840813,840941,841062,841176,841285,841387,841484,841576,841663,841745,841823,841896,841966,842032,842095,842154,842210,842263,842314,842361,842407,842450,842490,842529,842565,842600,842633,842664,842694,842722,842748,842774,842798,842820,842842,842863,842882,842900,842918,842935,842951,842966,842980,842993,843006
48,"Idaho",279921,281453,283032,284656,286332,288059,289852,291711,293644,295626,297665,299752,301898,304092,306346,308632,310964,313324,315726,318148,320606,323079,325569,328060,330564,333059,335558,338041,340521,342969,345399,347789,350150,352463,354739,356958,359130,361239,363295,365283,367213,369072,370869,372593,374252,375839,377360,378810,380195,381832,383722,385582,387377,389138,390833,392492,394084,395639,397126,398575,399957,401307,402598,403857,405059,406231,407350,408440,409482,410496,411465,412408,413308,414185,415021,415835,416612,417368,418089,418791,419461,420112,420733,421338,421914,422475,423009,423529,424025,424507,424966,425413,425839,426254,426649,427032,427398,427754,428093,428423,428737
49,"Montana",167268,168225,169184,170145,171102,172065,173023,173989,174954,175922,176882,177843,178794,179746,180689,181639,182574,183506,184424,185339,186238,187134,188017,188894,189752,190601,191433,192254,193055,193845,194612,195365,196094,196808,197498,198172,198822,199454,200062,200652,201217,201765,202288,202794,203274,203738,204178,204601,205001,205384,205746,206092,206417,206727,207017,207293,207551,207796,208024,208239,208439,208630,208809,208980,209139,209291,209434,209569,209696,209817,209931,210039,210140,210236,210326,210413,210493,210571,210643,210712,210777,210839,210898,210953,211006,211056,211103,211148,211190,211230,211268,211305,211339,211372,211403,211432,211460,211487,211512,211536,211559
50,"Puerto Rico",184017,184198,184381,184567,184756,184948,185143,185344,185553,185767,185988,186216,186452,186697,186954,187222,187500,187787,188084,188391,188709,189039,189380,189734,190100,190479,190871,191277,191698,192136,192591,193065,193557,194069,194602,195157,195734,196335,196961,197613,198291,198996,199731,200495,201290,202116,202975,203867,204792,205751,206745,207774,208838,209936,211069,212236,213437,214670,215935,217229,218551,219891,221247,222613,223987,225366,226744,228119,229485,230840,232179,233499,234796,236068,237311,238522,239700,240841,241945,243011,244036,245021,245966,246869,247731,248553,249335,250077,250781,251447,252077,252672,253233,253761,254257,254724,255162,255573,255958,256318,256655
51,"Virgin Islands, U.S.",7085,7101,7117,7133,7149,7165,7181,7196,7211,7226,7241,7255,7270,7284,7298,7311,7325,7338,7351,7363,7375,7388,7399,7411,7422,7433,7444,7454,7464,7474,7484,7493,7502,7511,7520,7528,7536,7544,7551,7558,7565,7572,7578,7585,7591,7596,7602,7607,7612,7617,7622,7626,7630,7634,7638,7642,7645,7649,7652,7655,7658,7660,7663,7665,7668,7670,7672,7674,7676,7678,7679,7681,7683,7684,7686,7687,7688,7689,7691,7692,7693,7694,7695,7695,7696,7697,7698,7699,7699,7700,7701,7701,7702,7702,7703,7703,7704,7704,7705,7705,7705
52,"Guam",17154,17248,17339,17429,17517,17602,17686,17768,17848,17927,18005,18081,18155,18227,18298,18368,18436,18503,18568,18632,18695,18756,18817,18876,18934,18990,19046,19101,19154,19207,19259,19311,19362,19412,19462,19511,19560,19608,19656,19703,19751,19798,19844,19891,19937,19983,20029,20075,20121,20167,20213,20260,20306,20352,20399,20445,20492,20539,20587,20635,20683,20732,20780,20829,20878,20927,20976,21026,21076,21126,21176,21226,21277,21328,21379,21430,21482,21533,21585,21637,21689,21742,21794,21847,21900,21953,22007,22060,22114,22168,22222,22276,22331,22385,22440,22495,22550,22605,22660,22716,22772
53,"West Virginia",261890,263021,264154,265286,266423,267564,268713,269872,271044,272218,273397,274579,275767,276957,278153,279350,280550,281749,282950,284147,285344,286538,287729,288913,290095,291269,292437,293596,294749,295891,297026,298150,299264,300366,301457,302535,303602,304653,305692,306716,307726,308720,309699,310661,311609,312538,313452,314348,315227,316089,316933,317759,318568,319358,320131,320885,321622,322341,323042,323724,324389,325037,325669,326285,326884,327468,328036,328590,329128,329652,330162,330658,331140,331609,332065,332509,332940,333359,333766,334162,334547,334920,335283,335636,335978,336311,336634,336947,337252,337547,337834,338113,338383,338646,338900,339147,339387,339620,339846,340065,340277
54,"Northern Mariana Islands",289,290,291,293,294,295,296,297,298,300,301,302,303,304,305,307,308,309,310,311,313,314,315,316,317,318,320,321,322,323,324,325,326,328,329,330,331,332,333,334,335,337,338,339,340,341,342,343,344,345,346,347,348,349,350,351,352,353,355,356,357,358,359,360,361,361,362,363,364,365,366,367,368,369,370,371,372,373,374,375,376,376,377,378,379,380,381,382,383,383,384,385,386,387,388,388,389,390,391,392,393
55,"American Samoa",3,3,3,3,3,3,3,3,3,3,3,3,3,3,3,3,3,3,3,3,3,3,3,3,3,3,3,3,3,3,3,3,3,3,3,3,3,3,3,3,3,3,3,3,3,3,3,3,3,3,3,3,3,3,3,3,3,3,3,3,3,3,3,3,3,3,3,3,3,3,3,3,3,3,3,3,3,3,3,3,3,3,3,3,3,3,3,3,3,3,3,3,3,3,3,3,3,3,3,3,3
