id,Country,2022-05-23,2022-05-24,2022-05-25,2022-05-26,2022-05-27,2022-05-28,2022-05-29,2022-05-30,2022-05-31,2022-06-01,2022-06-02,2022-06-03,2022-06-04,2022-06-05,2022-06-06,2022-06-07,2022-06-08,2022-06-09,2022-06-10,2022-06-11,2022-06-12,2022-06-13,2022-06-14,2022-06-15,2022-06-16,2022-06-17,2022-06-18,2022-06-19,2022-06-20,2022-06-21,2022-06-22,2022-06-23,2022-06-24,2022-06-25,2022-06-26,2022-06-27,2022-06-28,2022-06-29,2022-06-30,2022-07-01,2022-07-02,2022-07-03,2022-07-04,2022-07-05,2022-07-06,2022-07-07,2022-07-08,2022-07-09,2022-07-10,2022-07-11,2022-07-12,2022-07-13,2022-07-14,2022-07-15,2022-07-16,2022-07-17,2022-07-18,2022-07-19,2022-07-20,2022-07-21,2022-07-22,2022-07-23,2022-07-24,2022-07-25,2022-07-26,2022-07-27,2022-07-28,2022-07-29,2022-07-30,2022-07-31,2022-08-01,2022-08-02,2022-08-03,2022-08-04,2022-08-05,2022-08-06,2022-08-07,2022-08-08,2022-08-09,2022-08-10,2022-08-11,2022-08-12,2022-08-13,2022-08-14,2022-08-15,2022-08-16,2022-08-17,2022-08-18,2022-08-19,2022-08-20,2022-08-21,2022-08-22,2022-08-23,2022-08-24,2022-08-25,2022-08-26,2022-08-27,2022-08-28,2022-08-29,2022-08-30,2022-08-31
0,"Washington",1559662,1563039,1566422,1569798,1573157,1576489,1579782,1583026,1587204,1591412,1595649,1599918,1604217,1608549,1612916,1618481,1624158,1629948,1635855,1641883,1648035,1654317,1662258,1670486,1679036,1687952,1697288,1707111,1717491,1731055,1745830,1761942,1779417,1798105,1817624,1837349,1863170,1888181,1910996,1930664,1946881,1959909,1970316,1986772,1999911,2010553,2019431,2027088,2033881,2040027,2049126,2057142,2064385,2071040,2077211,2082955,2088303,2095473,2102118,2108310,2114089,2119479,2124494,2129143,2135480,2141398,2146915,2152042,2156789,2161164,2165179,2170879,2176165,2181048,2185539,2189650,2193395,2196788,2201828,2206455,2210690,2214551,2218062,2221245,2224122,2228524,2232561,2236265,2239666,2242802,2245703,2248395,2252467,2256302,2259942,2263428,2266797,2270078,2273300,2277901,2282473
1,"Illinois",3263966,3270284,3276571,3282816,3289006,3295126,3301164,3307106,3313900,3320634,3327303,3333901,3340423,3346866,3353229,3360555,3367781,3374897,3381894,3388761,3395490,3402069,3409826,3417389,3424740,3431863,3438742,3445361,3451707,3459503,3466951,3474033,3480730,3487028,3492916,3498388,3505578,3512269,3518454,3524130,3529301,3533975,3538165,3544168,3549619,3554536,3558943,3562864,3566327,3569362,3574004,3578170,3581898,3585225,3588185,3590811,3593131,3596652,3599836,3602719,3605333,3607708,3609867,3611833,3614617,3617189,3619575,3621798,3623877,3625828,3627665,3630050,3632312,3634467,3636529,3638511,3640423,3642272,3644510,3646684,3648803,3650877,3652913,3654917,3656895,3659180,3661439,3663681,3665909,3668129,3670345,3672560,3675061,3677567,3680084,3682615,3685163,3687732,3690324,3693214,3696135
2,"California",9462134,9474278,9486478,9498712,9510956,9523178,9535344,9547416,9561050,9574657,9588215,9601701,9615095,9628379,9641539,9656558,9671483,9686293,9700971,9715498,9729857,9744034,9760168,9776094,9791791,9807236,9822407,9837284,9851849,9868477,9884752,9900650,9916149,9931230,9945878,9960078,9976370,9992160,10007435,10022183,10036397,10050071,10063204,10078364,10092921,10106874,10120227,10132986,10145159,10156758,10170227,10183058,10195271,10206882,10217910,10228379,10238311,10249880,10260853,10271254,10281108,10290439,10299272,10307628,10317367,10326578,10335290,10343530,10351322,10358689,10365660,10373786,10381474,10388748,10395632,10402152,10408328,10414181,10420990,10427444,10433563,10439370,10444886,10450127,10455110,10460896,10466398,10471636,10476625,10481379,10485912,10490236,10495251,10500039,10504614,10508987,10513173,10517180,10521020,10525471,10529742
3,"Arizona",2038129,2038129,2038129,2038129,2038129,2038129,2038129,2038129,2038129,2038129,2038129,2038129,2038129,2038129,2038129,2038129,2038129,2038129,2038129,2038129,2038129,2038129,2038129,2038129,2038129,2038129,2038129,2038129,2038129,2038129,2038129,2038129,2038129,2038129,2038129,2038129,2038129,2038129,2038129,2038129,2038129,2038129,2038129,2038129,2038129,2038129,2038129,2038129,2038129,2038129,2038129,2038129,2038129,2038129,2038129,2038129,2038129,2038129,2038129,2038129,2038129,2038129,2038129,2038129,2038129,2038129,2038129,2038129,2038129,2038129,2038129,2038129,2038129,2038129,2038129,2038129,2038129,2038129,2038129,2038129,2038129,2038129,2038129,2038129,2038129,2038129,2038129,2038129,2038129,2038129,2038129,2038129,2038129,2038129,2038129,2038129,2038129,2038129,2038129,2038129,2038129
4,"Massachusetts",1848655,1848655,1848655,1848655,1848655,1848655,1848655,1848655,1848655,1848655,1848655,1848655,1848655,1848655,1848655,1848655,1848655,1848655,1848655,1848655,1848655,1848655,1848655,1848655,1848655,1848655,1848655,1848655,1848655,1848655,1848655,1848655,1848655,1848655,1848655,1848655,1848655,1848655,1848655,1848655,1848655,1848655,1848655,1848655,1848655,1848655,1848655,1848655,1848655,1848655,1848655,1848655,1848655,1848655,1848655,1848655,1848655,1848655,1848655,1848655,1848655,1848655,1848655,1848655,1848655,1848655,1848655,1848655,1848655,1848655,1848655,1848655,1848655,1848655,1848655,1848655,1848655,1848655,1848655,1848655,1848655,1848655,1848655,1848655,1848655,1848655,1848655,1848655,1848655,1848655,1848655,1848655,1848655,1848655,1848655,1848655,1848655,1848655,1848655,1848655,1848655
5,"Wisconsin",1654808,1655707,1656491,1657147,1657689,1658137,1658513,1658847,1659974,1661026,1662006,1662921,1663766,1664531,1665211,1667334,1669310,1670987,1672320,1673362,1674195,1674894,1677562,1679555,1681010,1682127,1683025,1683766,1684387,1686738,1688468,1689803,1690873,1691741,1692443,1693008,1695067,1696610,1697804,1698739,1699476,1700062,1700532,1702341,1703700,1704747,1705568,1706225,1706758,1707197,1708820,1710062,1711043,1711838,1712495,1713047,1713516,1715065,1716292,1717295,1718132,1718841,1719448,1719975,1721522,1722781,1723830,1724717,1725476,1726132,1726703,1728252,1729529,1730601,1731512,1732292,1732964,1733545,1735058,1736311,1737363,1738253,1739011,1739660,1740215,1741649,1742835,1743828,1744665,1745375,1745980,1746497,1747831,1748936,1749862,1750645,1751313,1751885,1752378,1753623,1754662
6,"Texas",6905608,6909913,6914152,6918316,6922388,6926350,6930187,6933882,6938268,6942536,6946688,6950720,6954630,6958421,6962096,6966431,6970650,6974752,6978739,6982614,6986377,6990033,6994317,6998481,7002529,7006463,7010288,7014004,7017615,7021818,7025908,7029886,7033756,7037520,7041178,7044735,7048843,7052838,7056721,7060495,7064160,7067720,7071174,7075155,7079021,7082774,7086418,7089953,7093383,7096710,7100534,7104246,7107847,7111341,7114729,7118014,7121197,7124847,7128385,7131814,7135134,7138350,7141461,7144472,7147933,7151283,7154525,7157662,7160697,7163630,7166466,7169731,7172889,7175942,7178894,7181748,7184505,7187169,7190241,7193210,7196078,7198847,7201520,7204098,7206584,7209468,7212252,7214937,7217525,7220019,7222420,7224732,7227436,7230041,7232551,7234968,7237294,7239530,7241680,7244214,7246657
7,"Nebraska",485409,485785,486173,486574,486989,487419,487864,488326,488829,489354,489901,490473,491070,491695,492349,493067,493821,494615,495450,496330,497257,498236,499313,500453,501659,502936,504289,505722,507240,508914,510691,512577,514578,516701,518951,521335,523958,526739,529683,532798,536088,539557,543209,547198,551392,555790,560393,565196,570195,575382,580963,586729,592666,598756,604979,611312,617733,624485,631283,638095,644893,651644,658321,664894,671633,678216,684619,690821,696804,702555,708062,713582,718832,723809,728514,732951,737125,741044,744912,748524,751893,755031,757950,760665,763187,765660,767949,770068,772031,773848,775532,777092,778621,780034,781343,782555,783679,784722,785692,786645,787529
8,"Utah",943368,943368,943368,943368,943368,943368,943368,943368,943368,943368,943368,943368,943368,943368,943368,943368,943368,943368,943368,943368,943368,943368,943368,943368,943368,943368,943368,943368,943368,943368,943368,943368,943368,943368,943368,943368,943368,943368,943368,943368,943368,943368,943368,943368,943368,943368,943368,943368,943368,943368,943368,943368,943368,943368,943368,943368,943368,943368,943368,943368,943368,943368,943368,943368,943368,943368,943368,943368,943368,943368,943368,943368,943368,943368,943368,943368,943368,943368,943368,943368,943368,943368,943368,943368,943368,943368,943368,943368,943368,943368,943368,943368,943368,943368,943368,943368,943368,943368,943368,943368,943368
9,"Oregon",753575,755223,756886,758564,760257,761968,763697,765445,767288,769154,771044,772958,774899,776866,778861,780970,783112,785288,787499,789747,792033,794358,796818,799324,801876,804476,807125,809826,812579,815493,818468,821504,824603,827766,830995,834290,837781,841348,844993,848716,852520,856405,860373,864576,868871,873261,877745,882326,887003,891777,896832,901993,907263,912641,918127,923721,929422,935448,941589,947846,954215,960696,967287,973984,981044,988215,995495,1002879,1010362,1017940,1025607,1033661,1041802,1050026,1058324,1066689,1075113,1083589,1092451,1101356,1110294,1119256,1128232,1137212,1146187,1155521,1164835,1174118,1183361,1192553,1201685,1210747,1220115,1229393,1238574,1247647,1256604,1265439,1274144,1283088,1291886
10,"Florida",6101783,6109721,6117141,6124017,6130332,6136094,6141473,6146446,6154437,6161594,6167982,6173703,6178855,6183541,6187898,6193809,6199461,6204797,6209788,6214427,6218722,6222679,6228435,6233513,6238128,6242400,6246392,6250132,6253630,6258523,6263229,6267628,6271702,6275471,6278966,6282212,6286839,6291104,6295143,6298977,6302597,6305994,6309167,6313975,6318552,6322864,6326944,6330818,6334493,6337964,6343510,6348920,6354156,6359133,6363778,6368031,6371842,6378595,6384800,6390354,6395192,6399286,6402652,6405344,6411424,6416610,6420930,6424468,6427342,6429654,6431581,6436456,6440611,6444145,6447136,6449647,6451741,6453603,6458072,6461946,6465273,6468099,6470457,6472418,6474143,6478339,6481952,6485013,6487554,6489616,6491303,6492774,6496578,6499817,6502536,6504783,6506602,6508119,6509496,6513114,6516262
11,"New York",5380498,5390360,5399814,5408820,5417343,5425356,5432843,5439771,5448614,5457009,5464967,5472506,5479649,5486425,5492864,5500942,5508658,5516040,5523113,5529899,5536420,5542694,5550436,5557903,5565113,5572082,5578823,5585347,5591661,5599417,5606953,5614279,5621403,5628332,5635068,5641617,5649659,5657514,5665185,5672677,5679989,5687123,5694078,5702624,5710993,5719184,5727193,5735016,5742649,5750086,5759276,5768277,5777083,5785686,5794076,5802247,5810189,5820051,5829685,5839077,5848216,5857089,5865684,5873991,5884426,5894566,5904396,5913901,5923067,5931883,5940337,5951118,5961522,5971531,5981131,5990311,5999065,6007385,6018217,6028586,6038481,6047895,6056820,6065255,6073200,6083700,6093652,6103052,6111901,6120205,6127973,6135219,6144926,6154020,6162511,6170411,6177746,6184535,6190818,6199385,6207364
12,"Rhode Island",388586,389380,390157,390910,391637,392333,392998,393630,394526,395397,396243,397065,397862,398635,399385,400441,401476,402489,403480,404447,405389,406304,407570,408809,410015,411184,412312,413397,414434,415866,417240,418551,419796,420972,422078,423116,424547,425887,427136,428298,429375,430371,431290,432555,433719,434787,435768,436667,437492,438246,439254,440170,441001,441756,442442,443065,443631,444379,445054,445662,446212,446710,447160,447567,448110,448600,449043,449443,449806,450135,450434,450838,451205,451538,451841,452118,452370,452601,452918,453207,453473,453717,453941,454146,454335,454599,454842,455066,455273,455463,455639,455800,456030,456242,456438,456618,456785,456937,457077,457281,457470
13,"Georgia",2541713,2543386,2545087,2546817,2548579,2550374,2552205,2554073,2556248,2558484,2560784,2563151,2565586,2568094,2570674,2573758,2576965,2580302,2583770,2587373,2591113,2594993,2599655,2604526,2609606,2614889,2620371,2626044,2631897,2638896,2646137,2653598,2661257,2669092,2677082,2685207,2694782,2704509,2714359,2724306,2734327,2744400,2754505,2766193,2777879,2789536,2801138,2812661,2824081,2835374,2848130,2860675,2872987,2885043,2896824,2908313,2919494,2931885,2943873,2955450,2966609,2977345,2987658,2997547,3008340,3018623,3028407,3037703,3046522,3054878,3062786,3071339,3079385,3086947,3094048,3100711,3106958,3112813,3119128,3125016,3130505,3135620,3140388,3144832,3148974,3153467,3157642,3161524,3165135,3168496,3171628,3174548,3177769,3180772,3183577,3186201,3188658,3190963,3193127,3195580,3197896
14,"New Hampshire",322511,323034,323540,324029,324499,324949,325376,325780,326233,326674,327101,327517,327922,328318,328707,329122,329530,329932,330328,330718,331105,331488,331897,332303,332707,333111,333514,333918,334323,334753,335184,335619,336057,336499,336946,337399,337879,338367,338863,339367,339882,340406,340942,341512,342097,342696,343311,343942,344592,345261,345976,346714,347476,348265,349081,349927,350803,351744,352722,353740,354799,355902,357052,358251,359544,360896,362310,363789,365338,366961,368661,370499,372429,374457,376586,378822,381171,383639,386313,389127,392086,395198,398469,401906,405516,409425,413533,417846,422370,427112,432078,437271,442869,448719,454822,461181,467793,474658,481772,489368,497220
15,"North Carolina",2715798,2719126,2722468,2725823,2729189,2732562,2735939,2739316,2743060,2746828,2750620,2754436,2758277,2762143,2766035,2770357,2774726,2779145,2783615,2788138,2792716,2797352,2802484,2807696,2812991,2818370,2823835,2829388,2835032,2841268,2847621,2854094,2860688,2867405,2874247,2881214,2888898,2896740,2904739,2912898,2921214,2929688,2938319,2947822,2957517,2967400,2977468,2987719,2998148,3008749,3020395,3032244,3044290,3056522,3068932,3081509,3094240,3108178,3122289,3136558,3150967,3165498,3180131,3194846,3210888,3227010,3243187,3259393,3275601,3291786,3307921,3325426,3342852,3360168,3377345,3394354,3411166,3427757,3445672,3463315,3480656,3497672,3514339,3530637,3546548,3563675,3580356,3596574,3612319,3627580,3642350,3656627,3671976,3686774,3701023,3714724,3727883,3740509,3752610,3765635,3778100
16,"New Jersey",2359532,2363742,2367767,2371583,2375169,2378514,2381609,2384449,2389101,2392940,2396273,2399388,2402297,2405011,2407542,2410803,2414069,2417151,2419992,2422612,2425026,2427253,2430545,2433301,2435865,2438327,2440662,2442857,2444904,2447723,2450541,2453089,2455394,2457513,2459474,2461286,2463904,2466285,2468614,2470799,2472773,2474523,2476061,2478774,2481192,2483265,2485074,2486641,2487998,2489269,2491777,2493975,2495815,2497305,2498578,2499776,2500903,2503129,2504974,2506498,2507758,2508910,2509994,2511013,2512992,2514627,2515990,2517147,2518210,2519209,2520147,2521895,2523381,2524663,2525771,2526770,2527707,2528583,2530213,2531615,2532842,2533918,2534870,2535759,2536587,2538131,2539484,2540685,2541748,2542681,2543529,2544316,2545808,2547130,2548301,2549331,2550228,2551053,2551823,2553275,2554564
17,"Colorado",1422590,1422590,1422590,1422590,1422590,1422590,1422590,1422590,1422590,1422590,1422590,1422590,1422590,1422590,1422590,1422590,1422590,1422590,1422590,1422590,1422590,1422590,1422590,1422590,1422590,1422590,1422590,1422590,1422590,1422590,1422590,1422590,1422590,1422590,1422590,1422590,1422590,1422590,1422590,1422590,1422590,1422590,1422590,1422590,1422590,1422590,1422590,1422590,1422590,1422590,1422590,1422590,1422590,1422590,1422590,1422590,1422590,1422590,1422590,1422590,1422590,1422590,1422590,1422590,1422590,1422590,1422590,1422590,1422590,1422590,1422590,1422590,1422590,1422590,1422590,1422590,1422590,1422590,1422590,1422590,1422590,1422590,1422590,1422590,1422590,1422590,1422590,1422590,1422590,1422590,1422590,1422590,1422590,1422590,1422590,1422590,1422590,1422590,1422590,1422590,1422590
18,"Maryland",1070205,1072502,1074845,1077236,1079676,1082167,1084710,1087310,1090103,1092964,1095897,1098905,1101990,1105155,1108404,1111912,1115522,1119237,1123062,1127001,1131057,1135236,1139759,1144428,1149247,1154222,1159356,1164655,1170123,1176051,1182179,1188509,1195049,1201800,1208769,1215958,1223749,1231793,1240092,1248650,1257466,1266542,1275877,1285970,1296351,1307016,1317960,1329178,1340661,1352400,1365036,1377942,1391102,1404501,1418119,1431938,1445935,1460911,1476053,1491333,1506722,1522190,1537708,1553243,1569742,1586216,1602629,1618948,1635139,1651171,1667013,1683696,1700126,1716273,1732108,1747607,1762748,1777512,1792932,1807914,1822445,1836518,1850123,1863257,1875917,1889024,1901610,1913677,1925232,1936282,1946839,1956911,1967279,1977134,1986493,1995375,2003798,2011782,2019346,2027098,2034421
19,"Nevada",722262,722858,723449,724033,724607,725171,725721,726256,726853,727437,728006,728559,729096,729617,730123,730673,731206,731720,732218,732699,733163,733611,734091,734551,734994,735419,735828,736220,736597,736996,737378,737743,738093,738428,738749,739056,739380,739689,739984,740267,740537,740795,741043,741303,741551,741789,742016,742234,742443,742643,742854,743055,743249,743435,743613,743785,743951,744125,744293,744454,744610,744761,744906,745047,745196,745341,745481,745616,745748,745877,746002,746135,746264,746391,746514,746635,746754,746870,746994,747116,747235,747353,747469,747584,747697,747818,747938,748057,748175,748291,748407,748522,748646,748770,748893,749015,749137,749259,749381,749513,749645
20,"Tennessee",2042775,2043753,2044773,2045837,2046947,2048105,2049314,2050576,2051971,2053431,2054959,2056559,2058234,2059988,2061827,2063884,2066046,2068318,2070704,2073210,2075841,2078601,2081686,2084931,2088341,2091923,2095682,2099623,2103749,2108354,2113181,2118233,2123514,2129023,2134761,2140727,2147352,2154236,2161372,2168753,2176366,2184200,2192240,2201099,2210169,2219428,2228848,2238404,2248066,2257805,2268365,2278961,2289552,2300103,2310577,2320937,2331152,2342071,2352776,2363233,2373415,2383296,2392853,2402070,2411860,2421249,2430227,2438789,2446930,2454653,2461962,2469712,2477010,2483866,2490294,2496310,2501931,2507175,2512768,2517962,2522780,2527243,2531373,2535193,2538723,2542522,2546018,2549235,2552193,2554912,2557413,2559712,2562210,2564498,2566595,2568516,2570279,2571895,2573380,2575005,2576493
21,"Hawaii",265571,266642,267732,268840,269967,271113,272278,273463,274795,276158,277552,278977,280436,281929,283456,285179,286949,288767,290636,292554,294524,296545,298813,301146,303543,306006,308532,311121,313771,316699,319694,322754,325874,329049,332273,335541,339104,342708,346345,350007,353685,357369,361051,365008,368951,372869,376751,380588,384372,388092,392034,395896,399670,403349,406928,410401,413766,417283,420676,423944,427085,430099,432987,435752,438612,441339,443937,446410,448761,450996,453119,455300,457365,459321,461172,462925,464585,466157,467767,469289,470728,472089,473377,474596,475753,476938,478059,479122,480130,481086,481995,482859,483748,484593,485397,486163,486894,487592,488260,488950,489610
22,"Indiana",1724829,1725981,1727115,1728230,1729322,1730388,1731429,1732443,1733587,1734706,1735799,1736867,1737909,1738927,1739922,1741038,1742127,1743191,1744229,1745243,1746233,1747199,1748277,1749329,1750355,1751356,1752333,1753287,1754217,1755249,1756256,1757238,1758196,1759130,1760040,1760928,1761912,1762871,1763806,1764718,1765607,1766475,1767321,1768258,1769173,1770066,1770938,1771790,1772622,1773435,1774339,1775223,1776088,1776936,1777768,1778582,1779382,1780274,1781151,1782014,1782863,1783699,1784522,1785332,1786246,1787149,1788040,1788920,1789788,1790644,1791487,1792444,1793388,1794318,1795231,1796128,1797006,1797863,1798838,1799790,1800717,1801617,1802491,1803337,1804154,1805089,1805992,1806863,1807702,1808512,1809291,1810043,1810903,1811731,1812530,1813301,1814046,1814767,1815465,1816257,1817025
23,"Kentucky",1347647,1348919,1350182,1351432,1352664,1353880,1355079,1356262,1357748,1359220,1360679,1362127,1363565,1364994,1366415,1368173,1369917,1371648,1373365,1375064,1376746,1378406,1380452,1382468,1384449,1386391,1388290,1390144,1391951,1394168,1396315,1398390,1400390,1402316,1404172,1405957,1408137,1410215,1412197,1414088,1415892,1417613,1419256,1421243,1423121,1424898,1426581,1428175,1429685,1431115,1432834,1434448,1435966,1437393,1438734,1439994,1441177,1442624,1443977,1445242,1446423,1447526,1448555,1449513,1450724,1451851,1452897,1453868,1454766,1455596,1456363,1457386,1458332,1459205,1460007,1460744,1461418,1462036,1462875,1463639,1464333,1464962,1465535,1466054,1466527,1467183,1467777,1468315,1468805,1469252,1469661,1470035,1470548,1471016,1471444,1471837,1472199,1472533,1472840,1473256,1473640
24,"Minnesota",1495009,1497134,1499226,1501278,1503287,1505245,1507149,1508992,1511109,1513178,1515198,1517169,1519091,1520965,1522794,1524895,1526950,1528961,1530929,1532855,1534741,1536588,1538695,1540760,1542785,1544772,1546721,1548634,1550510,1552626,1554703,1556739,1558737,1560697,1562618,1564501,1566603,1568663,1570680,1572655,1574587,1576476,1578322,1580372,1582374,1584329,1586237,1588098,1589913,1591682,1593637,1595542,1597396,1599201,1600958,1602665,1604325,1606157,1607936,1609664,1611343,1612973,1614555,1616092,1617784,1619426,1621020,1622566,1624067,1625524,1626937,1628492,1630001,1631465,1632885,1634264,1635603,1636902,1638335,1639725,1641076,1642388,1643663,1644903,1646107,1647437,1648730,1649986,1651208,1652396,1653550,1654673,1655919,1657131,1658308,1659452,1660565,1661645,1662695,1663869,1665011
25,"Oklahoma",1047216,1047595,1047980,1048374,1048776,1049187,1049609,1050042,1050506,1050983,1051472,1051975,1052493,1053025,1053573,1054163,1054771,1055398,1056045,1056712,1057402,1058113,1058880,1059672,1060492,1061339,1062214,1063120,1064055,1065062,1066104,1067182,1068295,1069446,1070634,1071860,1073177,1074536,1075938,1077383,1078871,1080402,1081976,1083657,1085385,1087157,1088973,1090831,1092731,1094670,1096729,1098826,1100962,1103132,1105334,1107566,1109824,1112199,1114596,1117013,1119445,1121888,1124339,1126794,1129351,1131904,1134450,1136985,1139505,1142007,1144485,1147041,1149566,1152057,1154511,1156925,1159296,1161621,1163991,1166307,1168568,1170772,1172918,1175005,1177032,1179074,1181051,1182963,1184808,1186589,1188305,1189957,1191611,1193199,1194722,1196183,1197582,1198922,1200204,1201482,1202703
26,"Pennsylvania",2880025,2880888,2881473,2881988,2882432,2882802,2883101,2883333,2884215,2884926,2885482,2885921,2886271,2886548,2886769,2887588,2890285,2893094,2893856,2894523,2895065,2895477,2901290,2902396,2903380,2904245,2904903,2905315,2905554,2907898,2909483,2910177,2910519,2910835,2911131,2911408,2919066,2920281,2920826,2921212,2921575,2921913,2922227,2924362,2925355,2925869,2926282,2926664,2927015,2927334,2929202,2930264,2930909,2931348,2931716,2932049,2932348,2934163,2935212,2935914,2936387,2936735,2937037,2937308,2939098,2940168,2940824,2941238,2941547,2941824,2942073,2943882,2944912,2945507,2945867,2946160,2946425,2946665,2948465,2949464,2950037,2950403,2950697,2950965,2951209,2952994,2953977,2954557,2954935,2955245,2955528,2955785,2957552,2958533,2959124,2959518,2959846,2960144,2960412,2962131,2963103
27,"South Carolina",1487728,1487728,1487728,1487728,1487728,1487728,1487728,1487728,1487728,1487728,1487728,1487728,1487728,1487728,1487728,1487728,1487728,1487728,1487728,1487728,1487728,1487728,1487728,1487728,1487728,1487728,1487728,1487728,1487728,1487728,1487728,1487728,1487728,1487728,1487728,1487728,1487728,1487728,1487728,1487728,1487728,1487728,1487728,1487728,1487728,1487728,1487728,1487728,1487728,1487728,1487728,1487728,1487728,1487728,1487728,1487728,1487728,1487728,1487728,1487728,1487728,1487728,1487728,1487728,1487728,1487728,1487728,1487728,1487728,1487728,1487728,1487728,1487728,1487728,1487728,1487728,1487728,1487728,1487728,1487728,1487728,1487728,1487728,1487728,1487728,1487728,1487728,1487728,1487728,1487728,1487728,1487728,1487728,1487728,1487728,1487728,1487728,1487728,1487728,1487728,1487728
28,"District of Columbia",147210,147613,148029,148457,148898,149352,149817,150296,150800,151320,151855,152407,152975,153560,154163,154803,155464,156147,156852,157581,158333,159111,159939,160796,161683,162602,163553,164537,165556,166644,167772,168941,170152,171408,172710,174059,175501,176998,178549,180158,181825,183553,185341,187253,189232,191282,193402,195594,197859,200197,202687,205256,207904,210631,213435,216315,219269,222396,225599,228874,232218,235627,239097,242622,246320,250067,253856,257681,261535,265409,269297,273330,277362,281387,285394,289376,293325,297234,301239,305189,309076,312894,316636,320299,323877,327501,331029,334457,337785,341009,344129,347145,350168,353080,355883,358578,361167,363652,366036,368404,370668
29,"Kansas",783600,783970,784343,784719,785097,785480,785866,786256,786664,787077,787495,787919,788347,788782,789223,789685,790155,790632,791116,791609,792109,792618,793154,793700,794255,794821,795398,795985,796583,797216,797861,798520,799191,799876,800576,801289,802046,802820,803610,804416,805240,806081,806940,807855,808790,809746,810722,811719,812736,813775,814887,816023,817183,818367,819575,820808,822065,823416,824795,826202,827637,829099,830589,832106,833741,835408,837107,838837,840598,842389,844210,846175,848176,850211,852281,854385,856521,858690,861028,863405,865820,868271,870758,873279,875834,878583,881373,884201,887067,889969,892906,895876,899058,902279,905538,908832,912160,915519,918908,922507,926135
30,"Missouri",1452131,1452131,1452131,1452131,1452131,1452131,1452131,1452131,1452131,1452131,1452131,1452131,1452131,1452131,1452131,1452131,1452131,1452131,1452131,1452131,1452131,1452131,1452131,1452131,1452131,1452131,1452131,1452131,1452131,1452131,1452131,1452131,1452131,1452131,1452131,1452131,1452131,1452131,1452131,1452131,1452131,1452131,1452131,1452131,1452131,1452131,1452131,1452131,1452131,1452131,1452131,1452131,1452131,1452131,1452131,1452131,1452131,1452131,1452131,1452131,1452131,1452131,1452131,1452131,1452131,1452131,1452131,1452131,1452131,1452131,1452131,1452131,1452131,1452131,1452131,1452131,1452131,1452131,1452131,1452131,1452131,1452131,1452131,1452131,1452131,1452131,1452131,1452131,1452131,1452131,1452131,1452131,1452131,1452131,1452131,1452131,1452131,1452131,1452131,1452131,1452131
31,"Vermont",129854,130080,130304,130524,130741,130956,131167,131374,131610,131843,132074,132304,132533,132760,132987,133246,133504,133764,134024,134286,134550,134816,135118,135424,135734,136048,136366,136689,137017,137388,137766,138151,138543,138942,139349,139762,140229,140707,141193,141688,142193,142705,143227,143815,144414,145023,145641,146269,146905,147549,148272,149004,149745,150494,151250,152013,152781,153637,154498,155364,156234,157107,157982,158858,159824,160788,161751,162709,163662,164609,165548,166574,167588,168588,169573,170541,171490,172420,173430,174413,175368,176294,177189,178052,178883,179787,180650,181471,182249,182985,183680,184333,185054,185726,186352,186932,187469,187965,188421,188932,189401
32,"Virginia",1763908,1766498,1768991,1771378,1773649,1775797,1777817,1779703,1782501,1784950,1787153,1789210,1791133,1792927,1794601,1796684,1798729,1800684,1802530,1804270,1805909,1807453,1809446,1811213,1812860,1814430,1815930,1817361,1818723,1820457,1822153,1823737,1825209,1826587,1827884,1829110,1830677,1832159,1833624,1835053,1836418,1837703,1838904,1840543,1842069,1843471,1844783,1846018,1847173,1848243,1849897,1851426,1852805,1854022,1855099,1856063,1856936,1858506,1859891,1861109,1862183,1863139,1864003,1864833,1866314,1867611,1868755,1869783,1870723,1871592,1872422,1873755,1874962,1876066,1877086,1878036,1878924,1879761,1881055,1882228,1883314,1884332,1885291,1886196,1887048,1888297,1889458,1890544,1891566,1892529,1893438,1894294,1895517,1896653,1897723,1898731,1899682,1900577,1901420,1902600,1903706
33,"Connecticut",801078,802128,803127,804070,804952,805770,806522,807208,808632,809475,810263,811000,811690,812336,812945,813728,814873,815819,816616,817301,817902,818470,819737,820479,821495,822370,822979,823540,824076,826097,826799,827412,828001,828567,829110,829632,837281,837908,838514,839098,839663,840208,840735,841393,842031,842650,843250,843831,844394,844938,845623,846289,846935,847562,848168,848753,849318,850035,850731,851404,852053,852678,853279,853855,854594,855306,855991,856647,857276,857877,858452,859196,859909,860592,861245,861869,862464,863031,863768,864472,865144,865785,866395,866976,867527,868249,868937,869591,870213,870804,871364,871895,872593,873255,873882,874475,875035,875562,876058,876719,877344
34,"Iowa",772205,772205,772205,772205,772205,772205,772205,772205,772205,772205,772205,772205,772205,772205,772205,772205,772205,772205,772205,772205,772205,772205,772205,772205,772205,772205,772205,772205,772205,772205,772205,772205,772205,772205,772205,772205,772205,772205,772205,772205,772205,772205,772205,772205,772205,772205,772205,772205,772205,772205,772205,772205,772205,772205,772205,772205,772205,772205,772205,772205,772205,772205,772205,772205,772205,772205,772205,772205,772205,772205,772205,772205,772205,772205,772205,772205,772205,772205,772205,772205,772205,772205,772205,772205,772205,772205,772205,772205,772205,772205,772205,772205,772205,772205,772205,772205,772205,772205,772205,772205,772205
35,"Louisiana",1185165,1185884,1186618,1187368,1188136,1188923,1189731,1190562,1191449,1192361,1193300,1194266,1195261,1196287,1197345,1198479,1199651,1200861,1202112,1203405,1204742,1206124,1207612,1209153,1210749,1212402,1214115,1215890,1217728,1219711,1221767,1223900,1226110,1228402,1230776,1233235,1235890,1238643,1241494,1244447,1247502,1250660,1253924,1257447,1261087,1264844,1268719,1272711,1276819,1281041,1285580,1290241,1295020,1299911,1304912,1310016,1315217,1320764,1326404,1332126,1337922,1343782,1349693,1355646,1361940,1368258,1374586,1380910,1387217,1393493,1399724,1406242,1412686,1419042,1425297,1431438,1437454,1443334,1449410,1455320,1461054,1466606,1471968,1477138,1482111,1487214,1492102,1496772,1501228,1505471,1509505,1513334,1517247,1520946,1524437,1527728,1530827,1533742,1536481,1539273,1541888
36,"Ohio",2743577,2743577,2743577,2743577,2743577,2743577,2743577,2743577,2743577,2743577,2743577,2743577,2743577,2743577,2743577,2743577,2743577,2743577,2743577,2743577,2743577,2743577,2743577,2743577,2743577,2743577,2743577,2743577,2743577,2743577,2743577,2743577,2743577,2743577,2743577,2743577,2743577,2743577,2743577,2743577,2743577,2743577,2743577,2743577,2743577,2743577,2743577,2743577,2743577,2743577,2743577,2743577,2743577,2743577,2743577,2743577,2743577,2743577,2743577,2743577,2743577,2743577,2743577,2743577,2743577,2743577,2743577,2743577,2743577,2743577,2743577,2743577,2743577,2743577,2743577,2743577,2743577,2743577,2743577,2743577,2743577,2743577,2743577,2743577,2743577,2743577,2743577,2743577,2743577,2743577,2743577,2743577,2743577,2743577,2743577,2743577,2743577,2743577,2743577,2743577,2743577
37,"Michigan",2501863,2506387,2510974,2515631,2520360,2525168,2530061,2535045,2540416,2545893,2551482,2557188,2563016,2568969,2575054,2581652,2588412,2595340,2602441,2609723,2617190,2624847,2633167,2641718,2650505,2659536,2668816,2678351,2688146,2698788,2709735,2720993,2732565,2744456,2756667,2769201,2782792,2796752,2811079,2825772,2840826,2856237,2871997,2889003,2906390,2924143,2942247,2960685,2979437,2998482,3018835,3039468,3060349,3081447,3102724,3124143,3145666,3168439,3191262,3214090,3236878,3259579,3282149,3304544,3327989,3351178,3374066,3396611,3418775,3440521,3461817,3483891,3505434,3526421,3546830,3566643,3585847,3604433,3623539,3641969,3659722,3676799,3693208,3708956,3724056,3739490,3754245,3768338,3781789,3794617,3806846,3818497,3830371,3841657,3852379,3862563,3872234,3881418,3890139,3899016,3907429
38,"South Dakota",239110,239185,239262,239340,239420,239501,239584,239669,239761,239854,239950,240049,240151,240256,240364,240480,240600,240724,240852,240985,241122,241265,241418,241577,241743,241915,242094,242280,242474,242683,242901,243129,243367,243615,243874,244145,244438,244745,245066,245402,245753,246122,246507,246925,247362,247821,248302,248806,249334,249888,250486,251113,251771,252460,253181,253935,254724,255574,256463,257392,258360,259370,260421,261513,262684,263899,265159,266463,267810,269200,270631,272147,273705,275300,276930,278594,280286,282003,283798,285611,287440,289279,291124,292969,294810,296701,298579,300438,302274,304083,305860,307603,309362,311078,312749,314371,315943,317464,318933,320394,321799
39,"Arkansas",840678,840953,841232,841517,841807,842103,842405,842716,843045,843382,843727,844082,844447,844822,845207,845619,846044,846483,846936,847405,847889,848390,848928,849486,850066,850668,851293,851943,852619,853347,854106,854898,855724,856586,857486,858426,859441,860503,861614,862777,863995,865269,866603,868047,869560,871147,872810,874552,876378,878289,880359,882529,884802,887182,889673,892278,895001,897943,901017,904227,907574,911063,914693,918466,922522,926733,931099,935618,940289,945108,950071,955361,960797,966371,972077,977904,983843,989884,996249,1002701,1009226,1015810,1022437,1029093,1035763,1042704,1049632,1056532,1063387,1070182,1076903,1083538,1090359,1097066,1103645,1110087,1116383,1122525,1128506,1134593,1140500
40,"Delaware",272907,273496,274091,274692,275299,275913,276532,277159,277846,278543,279248,279963,280687,281421,282164,282984,283815,284660,285517,286387,287270,288165,289147,290143,291153,292178,293216,294266,295329,296487,297657,298839,300032,301234,302445,303662,304982,306307,307637,308969,310303,311636,312966,314400,315828,317249,318660,320061,321448,322821,324291,325742,327172,328579,329961,331318,332646,334061,335444,336792,338105,339383,340624,341828,343102,344335,345525,346673,347778,348842,349863,350941,351973,352961,353905,354806,355665,356485,357346,358165,358942,359679,360377,361039,361666,362325,362947,363534,364088,364611,365103,365568,366057,366516,366948,367354,367736,368096,368435,368790,369124
41,"Mississippi",805040,805492,805953,806426,806910,807407,807918,808446,809031,809636,810262,810910,811582,812280,813004,813821,814673,815564,816496,817471,818492,819560,820771,822044,823384,824793,826274,827829,829462,831315,833265,835316,837468,839724,842084,844549,847329,850232,853256,856398,859656,863023,866497,870368,874353,878445,882635,886917,891281,895718,900592,905533,910531,915573,920647,925741,930842,936350,941839,947295,952702,958045,963310,968484,973970,979330,984550,989619,994528,999269,1003835,1008605,1013171,1017532,1021688,1025640,1029390,1032942,1036613,1040072,1043325,1046381,1049249,1051938,1054456,1057047,1059464,1061716,1063815,1065771,1067593,1069292,1071042,1072668,1074179,1075584,1076892,1078111,1079248,1080426,1081522
42,"New Mexico",530772,531271,531780,532299,532829,533370,533922,534485,535103,535736,536386,537052,537737,538440,539162,539962,540788,541642,542524,543436,544379,545356,546440,547566,548737,549953,551218,552534,553902,555422,557007,558660,560385,562183,564058,566011,568178,570441,572803,575267,577833,580506,583285,586357,589554,592878,596329,599905,603606,607429,611620,615946,620400,624976,629668,634465,639357,644653,650039,655500,661021,666585,672177,677778,683743,689690,695601,701456,707238,712928,718512,724325,729994,735505,740846,746007,750980,755760,760656,765335,769796,774039,778067,781884,785495,789156,792603,795844,798888,801742,804418,806925,809455,811814,814015,816067,817980,819763,821425,823101,824659
43,"North Dakota",243345,243447,243550,243654,243759,243866,243974,244083,244199,244316,244435,244557,244680,244805,244932,245068,245207,245348,245492,245639,245789,245942,246107,246276,246448,246624,246805,246989,247178,247382,247592,247807,248027,248252,248482,248718,248977,249241,249512,249790,250074,250364,250661,250989,251325,251668,252019,252376,252740,253110,253526,253949,254379,254816,255259,255707,256161,256672,257189,257709,258233,258758,259283,259808,260398,260986,261569,262146,262714,263272,263819,264438,265043,265632,266202,266753,267282,267789,268369,268923,269451,269951,270424,270868,271284,271766,272216,272636,273025,273385,273717,274022,274379,274707,275006,275278,275526,275750,275953,276192,276407
44,"Wyoming",157409,157462,157516,157571,157627,157685,157744,157804,157868,157933,157999,158067,158136,158207,158280,158357,158436,158517,158600,158684,158770,158859,158953,159050,159150,159252,159356,159463,159572,159690,159810,159934,160061,160192,160326,160465,160612,160764,160920,161081,161247,161418,161594,161782,161975,162174,162380,162592,162811,163036,163276,163523,163778,164040,164311,164591,164878,165183,165498,165821,166154,166496,166848,167209,167591,167983,168385,168797,169218,169648,170087,170549,171020,171499,171986,172480,172980,173485,174013,174545,175080,175616,176154,176691,177227,177784,178337,178886,179428,179963,180490,181008,181544,182069,182581,183079,183563,184032,184485,184947,185392
45,"Alaska",258039,258314,258592,258873,259157,259444,259734,260029,260342,260660,260983,261311,261646,261986,262332,262703,263082,263469,263864,264270,264685,265110,265565,266033,266514,267008,267515,268037,268574,269149,269741,270352,270980,271629,272297,272985,273722,274483,275268,276077,276912,277774,278661,279610,280588,281596,282635,283705,284805,285937,287142,288379,289651,290956,292293,293663,295065,296546,298059,299602,301175,302776,304403,306053,307784,309537,311309,313097,314900,316713,318534,320421,322310,324198,326082,327958,329822,331673,333566,335438,337287,339108,340899,342658,344383,346132,347842,349511,351138,352721,354260,355754,357255,358709,360115,361473,362784,364048,365266,366483,367653
46,"Maine",259635,259635,259635,259635,259635,259635,259635,259635,259635,259635,259635,259635,259635,259635,259635,259635,259635,259635,259635,259635,259635,259635,259635,259635,259635,259635,259635,259635,259635,259635,259635,259635,259635,259635,259635,259635,259635,259635,259635,259635,259635,259635,259635,259635,259635,259635,259635,259635,259635,259635,259635,259635,259635,259635,259635,259635,259635,259635,259635,259635,259635,259635,259635,259635,259635,259635,259635,259635,259635,259635,259635,259635,259635,259635,259635,259635,259635,259635,259635,259635,259635,259635,259635,259635,259635,259635,259635,259635,259635,259635,259635,259635,259635,259635,259635,259635,259635,259635,259635,259635,259635
47,"Alabama",1309185,1309450,1309703,1309943,1310170,1310383,1310583,1310769,1311080,1311356,1311604,1311829,1312033,1312221,1312394,1312625,1312859,1313087,1313302,1313501,1313683,1313851,1314115,1314333,1314529,1314711,1314881,1315040,1315189,1315430,1315656,1315851,1316022,1316174,1316314,1316445,1316668,1316863,1317041,1317201,1317347,1317481,1317606,1317826,1318016,1318183,1318335,1318476,1318609,1318733,1318940,1319127,1319296,1319450,1319593,1319726,1319852,1320059,1320243,1320412,1320568,1320714,1320850,1320979,1321186,1321372,1321542,1321699,1321844,1321980,1322107,1322309,1322491,1322656,1322807,1322945,1323073,1323193,1323385,1323556,1323710,1323849,1323976,1324092,1324200,1324377,1324534,1324674,1324800,1324914,1325018,1325113,1325274,1325416,1325542,1325655,1325757,1325849,1325932,1326060,1326173
48,"Idaho",449682,449682,449682,449682,449682,449682,449682,449682,449682,449682,449682,449682,449682,449682,449682,449682,449682,449682,449682,449682,449682,449682,449682,449682,449682,449682,449682,449682,449682,449682,449682,449682,449682,449682,449682,449682,449682,449682,449682,449682,449682,449682,449682,449682,449682,449682,449682,449682,449682,449682,449682,449682,449682,449682,449682,449682,449682,449682,449682,449682,449682,449682,449682,449682,449682,449682,449682,449682,449682,449682,449682,449682,449682,449682,449682,449682,449682,449682,449682,449682,449682,449682,449682,449682,449682,449682,449682,449682,449682,449682,449682,449682,449682,449682,449682,449682,449682,449682,449682,449682,449682
49,"Montana",276192,276328,276467,276608,276751,276896,277043,277192,277352,277515,277679,277845,278013,278182,278353,278534,278716,278900,279083,279267,279451,279635,279828,280021,280213,280403,280592,280780,280965,281158,281349,281537,281722,281904,282082,282257,282438,282615,282787,282955,283119,283278,283433,283592,283746,283895,284039,284179,284314,284444,284576,284704,284827,284946,285060,285169,285275,285382,285485,285584,285678,285769,285856,285940,286025,286106,286185,286260,286331,286400,286467,286534,286599,286661,286720,286778,286833,286886,286940,286992,287042,287090,287137,287182,287225,287269,287312,287354,287394,287433,287470,287507,287545,287581,287617,287651,287685,287718,287750,287783,287816
50,"Puerto Rico",639692,644069,648188,652041,655628,658946,661998,664784,668677,672274,675586,678629,681424,683995,686366,689470,692358,695050,697565,699918,702122,704188,706876,709370,711695,713870,715911,717831,719640,721979,724186,726268,728236,730094,731850,733509,735674,737722,739663,741505,743253,744912,746486,748567,750551,752441,754240,755951,757578,759122,761191,763169,765059,766862,768580,770215,771769,773873,775887,777812,779649,781400,783066,784648,786813,788885,790866,792757,794560,796274,797903,800155,802311,804373,806343,808220,810008,811707,814043,816277,818411,820444,822380,824218,825960,828356,830631,832784,834817,836730,838525,840203,842542,844695,846662,848445,850045,851467,852738,854691,856449
51,"Virgin Islands, U.S.",19020,19158,19298,19439,19583,19728,19875,20025,20180,20337,20497,20659,20823,20989,21158,21332,21509,21688,21869,22053,22239,22427,22621,22817,23015,23216,23418,23623,23829,24041,24256,24472,24690,24909,25130,25353,25581,25810,26041,26273,26505,26739,26973,27212,27451,27691,27931,28171,28411,28651,28895,29138,29380,29621,29862,30101,30339,30579,30818,31055,31291,31524,31755,31983,32214,32441,32666,32888,33107,33323,33536,33750,33960,34167,34370,34570,34766,34959,35152,35341,35526,35707,35885,36059,36229,36398,36564,36727,36885,37040,37190,37338,37485,37628,37768,37904,38037,38166,38292,38418,38540
52,"Guam",48762,48794,48826,48858,48890,48922,48954,48986,49021,49057,49093,49129,49166,49204,49242,49284,49326,49369,49413,49458,49503,49549,49600,49652,49705,49760,49815,49872,49931,49995,50060,50128,50197,50269,50342,50418,50501,50587,50675,50766,50860,50957,51057,51167,51281,51399,51521,51648,51778,51914,52062,52217,52377,52543,52715,52894,53080,53284,53496,53716,53945,54183,54430,54686,54968,55262,55567,55884,56213,56555,56909,57300,57705,58126,58563,59016,59486,59972,60504,61056,61628,62218,62829,63458,64107,64815,65544,66295,67065,67856,68666,69493,70389,71305,72238,73186,74149,75124,76109,77165,78229
53,"West Virginia",511382,511989,512606,513235,513875,514527,515193,515874,516605,517351,518115,518896,519696,520515,521353,522255,523181,524130,525105,526105,527131,528185,529319,530486,531684,532917,534183,535485,536823,538260,539739,541259,542822,544428,546077,547770,549585,551448,553361,555323,557334,559394,561502,563753,566056,568411,570816,573270,575772,578320,581025,583777,586574,589412,592289,595203,598148,601251,604382,607539,610715,613908,617111,620321,623671,627019,630361,633691,637004,640295,643559,646933,650270,653565,656814,660014,663159,666247,669409,672506,675533,678488,681370,684177,686907,689684,692379,694991,697521,699969,702334,704620,706932,709160,711307,713373,715361,717274,719112,720963,722739
54,"Northern Mariana Islands",11315,11315,11316,11316,11316,11316,11316,11316,11316,11316,11316,11316,11316,11316,11316,11316,11316,11316,11316,11316,11316,11316,11316,11316,11316,11316,11316,11316,11316,11316,11316,11316,11316,11316,11316,11316,11316,11316,11316,11316,11316,11316,11316,11316,11316,11316,11316,11316,11316,11316,11316,11316,11316,11316,11316,11316,11316,11316,11316,11316,11316,11316,11316,11316,11316,11316,11316,11316,11316,11316,11316,11316,11316,11316,11316,11316,11316,11316,11316,11316,11316,11316,11316,11316,11316,11316,11316,11316,11316,11316,11316,11316,11316,11316,11316,11316,11316,11316,11316,11316,11316
55,"American Samoa",6087,6096,6104,6112,6120,6128,6135,6143,6150,6157,6164,6171,6177,6184,6190,6196,6203,6209,6215,6221,6227,6233,6239,6245,6252,6258,6264,6270,6276,6282,6288,6295,6301,6308,6314,6321,6328,6335,6343,6350,6358,6366,6374,6382,6391,6400,6410,6419,6429,6440,6451,6463,6475,6488,6501,6515,6529,6545,6562,6580,6598,6618,6638,6660,6684,6709,6736,6765,6795,6828,6862,6900,6941,6984,7031,7081,7134,7191,7254,7322,7395,7473,7556,7646,7742,7848,7963,8085,8215,8355,8503,8661,8835,9018,9212,9416,9630,9853,10086,10330,10581
