id,Country,2020-01-25,2020-01-26,2020-01-27,2020-01-28,2020-01-29,2020-01-30,2020-01-31,2020-02-01,2020-02-02,2020-02-03,2020-02-04,2020-02-05,2020-02-06,2020-02-07,2020-02-08,2020-02-09,2020-02-10,2020-02-11,2020-02-12,2020-02-13,2020-02-14,2020-02-15,2020-02-16,2020-02-17,2020-02-18,2020-02-19,2020-02-20,2020-02-21,2020-02-22,2020-02-23,2020-02-24,2020-02-25,2020-02-26,2020-02-27,2020-02-28,2020-02-29,2020-03-01,2020-03-02,2020-03-03,2020-03-04,2020-03-05,2020-03-06,2020-03-07,2020-03-08,2020-03-09,2020-03-10,2020-03-11,2020-03-12,2020-03-13,2020-03-14,2020-03-15,2020-03-16,2020-03-17,2020-03-18,2020-03-19,2020-03-20,2020-03-21,2020-03-22,2020-03-23,2020-03-24,2020-03-25,2020-03-26,2020-03-27,2020-03-28,2020-03-29,2020-03-30,2020-03-31,2020-04-01,2020-04-02,2020-04-03,2020-04-04,2020-04-05,2020-04-06,2020-04-07,2020-04-08,2020-04-09,2020-04-10,2020-04-11,2020-04-12,2020-04-13,2020-04-14,2020-04-15,2020-04-16,2020-04-17,2020-04-18,2020-04-19,2020-04-20,2020-04-21,2020-04-22,2020-04-23,2020-04-24,2020-04-25,2020-04-26,2020-04-27,2020-04-28,2020-04-29,2020-04-30,2020-05-01,2020-05-02,2020-05-03,2020-05-04,2020-05-05,2020-05-06,2020-05-07,2020-05-08,2020-05-09,2020-05-10,2020-05-11,2020-05-12,2020-05-13,2020-05-14,2020-05-15,2020-05-16,2020-05-17,2020-05-18,2020-05-19,2020-05-20,2020-05-21,2020-05-22,2020-05-23,2020-05-24,2020-05-25,2020-05-26,2020-05-27,2020-05-28,2020-05-29,2020-05-30,2020-05-31,2020-06-01,2020-06-02,2020-06-03,2020-06-04,2020-06-05,2020-06-06,2020-06-07,2020-06-08,2020-06-09,2020-06-10,2020-06-11,2020-06-12,2020-06-13,2020-06-14,2020-06-15,2020-06-16,2020-06-17,2020-06-18,2020-06-19,2020-06-20,2020-06-21,2020-06-22,2020-06-23,2020-06-24,2020-06-25,2020-06-26,2020-06-27,2020-06-28,2020-06-29,2020-06-30,2020-07-01,2020-07-02,2020-07-03,2020-07-04,2020-07-05,2020-07-06,2020-07-07,2020-07-08,2020-07-09,2020-07-10,2020-07-11,2020-07-12,2020-07-13,2020-07-14,2020-07-15,2020-07-16,2020-07-17,2020-07-18,2020-07-19,2020-07-20,2020-07-21,2020-07-22,2020-07-23,2020-07-24,2020-07-25,2020-07-26,2020-07-27,2020-07-28,2020-07-29,2020-07-30,2020-07-31,2020-08-01,2020-08-02,2020-08-03,2020-08-04,2020-08-05,2020-08-06,2020-08-07,2020-08-08,2020-08-09,2020-08-10,2020-08-11,2020-08-12,2020-08-13,2020-08-14,2020-08-15,2020-08-16,2020-08-17,2020-08-18,2020-08-19,2020-08-20,2020-08-21,2020-08-22,2020-08-23,2020-08-24,2020-08-25,2020-08-26,2020-08-27,2020-08-28,2020-08-29,2020-08-30,2020-08-31,2020-09-01,2020-09-02,2020-09-03,2020-09-04,2020-09-05,2020-09-06,2020-09-07,2020-09-08,2020-09-09,2020-09-10,2020-09-11,2020-09-12,2020-09-13,2020-09-14,2020-09-15,2020-09-16,2020-09-17,2020-09-18,2020-09-19,2020-09-20,2020-09-21,2020-09-22,2020-09-23,2020-09-24,2020-09-25,2020-09-26,2020-09-27,2020-09-28,2020-09-29,2020-09-30,2020-10-01,2020-10-02,2020-10-03,2020-10-04,2020-10-05,2020-10-06,2020-10-07,2020-10-08,2020-10-09,2020-10-10,2020-10-11,2020-10-12,2020-10-13,2020-10-14,2020-10-15,2020-10-16,2020-10-17,2020-10-18,2020-10-19,2020-10-20,2020-10-21,2020-10-22,2020-10-23,2020-10-24,2020-10-25,2020-10-26,2020-10-27,2020-10-28,2020-10-29,2020-10-30,2020-10-31,2020-11-01,2020-11-02,2020-11-03,2020-11-04,2020-11-05,2020-11-06,2020-11-07,2020-11-08,2020-11-09,2020-11-10,2020-11-11,2020-11-12,2020-11-13,2020-11-14,2020-11-15,2020-11-16,2020-11-17,2020-11-18,2020-11-19,2020-11-20,2020-11-21,2020-11-22,2020-11-23,2020-11-24,2020-11-25,2020-11-26,2020-11-27,2020-11-28,2020-11-29,2020-11-30,2020-12-01,2020-12-02,2020-12-03,2020-12-04,2020-12-05,2020-12-06,2020-12-07,2020-12-08,2020-12-09,2020-12-10,2020-12-11,2020-12-12,2020-12-13,2020-12-14,2020-12-15,2020-12-16,2020-12-17,2020-12-18,2020-12-19,2020-12-20,2020-12-21,2020-12-22,2020-12-23,2020-12-24,2020-12-25,2020-12-26,2020-12-27,2020-12-28,2020-12-29,2020-12-30,2020-12-31
0,GM01,0,0,0,0,0,0,0,0,0,0,0,0,0,0,0,0,0,0,0,0,0,0,0,0,0,0,0,0,0,0,0,0,0,0,0,0,0,0,0,0,0,0,0,0,0,0,1,1,2,2,2,2,2,6,10,16,21,21,30,37,56,70,101,101,119,165,197,241,285,316,367,387,433,464,519,570,622,649,677,711,767,802,872,919,968,982,1031,1063,1113,1153,1189,1237,1249,1269,1299,1353,1385,1402,1412,1421,1452,1481,1497,1515,1534,1542,1545,1568,1594,1608,1628,1644,1648,1652,1653,1672,1680,1680,1692,1697,1698,1707,1724,1724,1743,1748,1748,1752,1758,1760,1761,1778,1790,1791,1791,1795,1798,1801,1802,1805,1805,1805,1808,1811,1816,1821,1824,1824,1824,1826,1826,1827,1830,1829,1829,1829,1830,1838,1838,1839,1837,1837,1837,1837,1837,1838,1837,1837,1837,1837,1837,1838,1838,1839,1838,1838,1838,1838,1838,1838,1839,1841,1841,1841,1841,1843,1845,1847,1847,1847,1847,1847,1847,1851,1852,1858,1858,1858,1858,1859,1859,1859,1859,1859,1859,1859,1860,1860,1863,1862,1863,1863,1863,1862,1863,1864,1862,1866,1866,1866,1867,1868,1865,1865,1865,1865,1867,1867,1868,1868,1867,1867,1867,1868,1868,1868,1869,1871,1871,1871,1871,1874,1875,1876,1877,1877,1880,1880,1885,1886,1887,1888,1888,1890,1894,1894,1898,1898,1899,1901,1901,1903,1909,1919,1920,1927,1928,1932,1936,1946,1950,1957,1966,1970,1972,1977,1986,2000,2010,2022,2029,2031,2045,2056,2072,2092,2107,2111,2120,2133,2167,2189,2225,2242,2258,2265,2297,2333,2369,2405,2436,2441,2449,2452,2530,2580,2626,2671,2702,2715,2776,2825,2883,2919,2978,3007,3022,3098,3170,3229,3293,3353,3400,3425,3524,3628,3640,3795,3892,3939,3969,4101,4267,4331,4373,4400,4438,4486,4587,4695,4789,4840
1,GM02,0,0,0,0,0,0,0,0,0,0,0,0,0,0,0,0,0,0,0,0,0,0,0,0,0,0,0,0,0,0,0,0,0,0,0,0,0,0,0,0,0,0,0,0,0,0,1,1,1,4,4,4,4,8,12,19,21,26,30,37,47,55,77,107,127,162,225,268,307,349,396,437,481,564,635,703,747,786,820,872,954,1049,1137,1198,1256,1286,1336,1424,1476,1525,1566,1596,1621,1681,1754,1799,1850,1885,1910,1926,1949,2001,2050,2114,2147,2153,2155,2182,2209,2229,2260,2273,2283,2287,2314,2339,2348,2358,2367,2377,2382,2401,2404,2438,2441,2450,2450,2451,2456,2466,2479,2481,2489,2501,2505,2521,2531,2536,2538,2540,2541,2541,2540,2546,2556,2562,2566,2565,2567,2571,2578,2583,2594,2591,2592,2592,2594,2594,2597,2598,2600,2600,2600,2606,2607,2609,2610,2612,2612,2612,2613,2613,2613,2616,2616,2616,2616,2617,2617,2618,2619,2619,2619,2619,2619,2621,2622,2622,2622,2622,2622,2623,2624,2624,2626,2626,2626,2627,2627,2627,2627,2631,2631,2631,2631,2631,2631,2631,2632,2633,2633,2634,2634,2635,2635,2636,2638,2638,2639,2640,2641,2641,2641,2641,2642,2642,2643,2644,2644,2644,2645,2645,2645,2647,2647,2647,2648,2648,2648,2648,2651,2653,2654,2657,2657,2659,2659,2664,2664,2663,2664,2672,2671,2672,2674,2680,2681,2684,2684,2685,2685,2689,2693,2700,2702,2714,2713,2714,2720,2726,2729,2734,2740,2742,2746,2756,2772,2789,2797,2804,2808,2809,2816,2843,2851,2885,2905,2913,2923,2953,3018,3050,3081,3108,3133,3144,3191,3262,3314,3348,3387,3426,3440,3490,3553,3647,3699,3759,3785,3801,3862,3970,4057,4156,4249,4289,4325,4411,4518,4621,4723,4812,4848,4895,4936,5163,5309,5483,5566,5655,5692,5802,5966,6069,6114,6150,6213,6265,6398,6549,6716,6765
2,GM03,0,0,0,0,0,0,0,0,0,0,0,0,0,0,0,0,0,0,0,0,0,0,0,0,0,0,0,0,0,0,0,0,0,0,0,0,0,0,0,0,0,0,0,0,0,0,0,0,0,0,0,0,0,0,0,0,0,0,0,0,1,1,2,2,2,4,5,6,6,6,6,8,9,10,11,13,15,15,17,20,21,21,22,24,25,25,25,26,27,27,27,27,27,27,29,29,30,30,30,30,31,31,32,32,32,32,34,35,36,37,37,37,37,38,38,38,39,39,41,41,41,42,42,41,41,42,42,42,42,43,44,44,44,44,44,43,43,43,45,45,46,48,48,49,49,49,49,49,49,49,49,49,49,50,50,50,53,53,53,53,53,53,54,54,54,54,54,55,55,55,55,55,55,55,55,55,55,55,55,55,55,55,55,55,55,55,55,56,56,56,56,56,56,56,56,56,56,56,56,56,56,56,56,56,56,56,56,56,56,56,56,56,56,56,56,56,56,56,56,56,57,58,58,58,58,58,58,58,58,58,58,58,58,59,59,59,59,59,59,59,59,59,59,59,59,59,59,59,59,59,59,59,59,59,59,59,60,60,60,60,61,61,62,62,62,62,63,63,63,63,63,63,64,64,64,66,66,69,70,72,72,73,77,78,80,81,85,86,87,88,89,89,93,94,94,97,98,102,103,104,105,106,108,112,113,114,114,116,116,118,123,125,129,132,133,136,137,139,142,147,150,150,154,158,159,160,163,165,167,168,171,172,175,177,177,178,182,183,186,191,194,196
3,GM04,0,0,0,0,0,0,0,0,0,0,0,0,0,0,0,0,0,0,0,0,0,0,0,0,0,0,0,0,0,0,0,0,0,0,0,0,0,0,0,0,0,0,0,0,0,0,0,0,0,0,0,0,0,0,0,0,0,0,0,0,0,2,2,4,5,9,14,14,16,16,19,19,20,23,44,53,56,56,56,59,67,80,84,90,91,91,91,91,113,122,139,140,142,142,153,155,163,163,164,166,172,190,194,201,204,204,204,216,223,228,228,231,232,232,232,236,239,240,240,241,241,241,242,245,246,246,252,253,253,253,253,253,254,254,254,254,254,254,254,255,255,255,255,257,259,259,259,259,259,259,259,259,259,259,259,259,259,259,260,260,260,261,261,261,261,261,261,261,261,261,261,261,261,260,261,261,261,261,261,261,261,261,261,261,261,261,261,261,261,261,261,261,261,261,262,262,262,262,262,262,262,264,264,264,264,264,264,264,265,265,265,265,265,265,266,266,266,266,266,266,267,267,267,267,267,267,267,267,267,267,267,268,268,268,268,268,269,269,269,269,269,269,269,269,269,269,269,269,270,271,271,271,272,273,273,274,276,276,277,277,277,277,278,278,278,278,280,280,281,281,282,283,283,283,283,283,283,283,283,283,285,288,291,294,296,298,298,304,304,304,305,308,310,311,311,313,314,315,318,331,334,336,338,339,347,347,358,368,372,372,373,385,387,404,407,419,423,425,435,443,458,462,478,478,481,491,500,514,528,545,547,549,561,571,580,584,586,589,598,614,632,653
4,GM05,0,0,0,0,0,0,0,0,0,0,0,0,0,0,0,0,0,0,0,0,0,0,0,0,0,0,0,0,0,0,0,0,0,0,0,0,0,0,0,0,0,0,0,0,0,0,0,0,0,0,0,0,0,0,1,2,2,3,4,4,6,7,9,9,13,17,21,27,33,42,56,61,73,84,100,111,120,123,135,147,173,187,197,212,230,240,251,265,286,296,305,315,320,333,346,353,360,364,370,372,381,386,396,403,408,411,412,415,419,423,429,432,435,439,442,446,451,457,458,460,460,462,466,471,476,476,477,480,480,480,482,482,483,484,484,484,485,489,489,491,491,491,495,496,498,499,500,500,501,501,503,505,505,506,506,506,508,507,507,509,511,512,512,512,512,514,514,514,514,514,514,514,514,514,514,514,514,515,515,516,517,518,518,518,518,518,519,520,520,520,520,521,523,523,524,524,525,525,525,526,526,526,526,526,526,528,528,528,528,528,528,528,528,528,529,530,530,531,531,532,534,534,535,535,535,535,535,536,537,537,538,539,539,540,542,542,543,543,544,544,545,545,546,548,549,550,550,551,551,551,551,552,552,553,556,556,557,557,559,560,562,562,567,569,571,572,573,576,584,590,593,600,607,609,611,617,629,637,641,646,654,663,683,699,710,729,741,753,758,786,809,821,836,854,864,873,905,935,961,980,1010,1027,1033,1071,1111,1163,1199,1232,1240,1248,1298,1338,1372,1411,1441,1460,1478,1529,1578,1601,1659,1716,1749,1755,1834,1906,1964,2004,2085,2121,2147,2200,2296,2331,2396,2423,2484,2511,2582,2711,2845,2887
5,GM06,0,0,0,0,0,0,0,0,0,0,0,0,0,0,0,0,0,0,0,0,0,0,0,0,0,0,0,0,0,0,0,0,0,0,0,0,0,0,0,0,0,0,0,0,0,0,0,0,0,0,0,0,0,0,0,0,1,4,6,7,8,10,12,21,26,34,42,45,65,85,89,92,111,121,141,161,171,189,201,211,224,248,274,281,288,291,306,328,340,364,377,384,391,394,406,416,429,451,453,456,463,470,478,493,496,498,498,507,508,524,534,535,544,545,548,557,566,568,571,572,572,574,578,583,585,593,593,593,594,596,601,604,605,605,605,606,607,610,610,613,614,614,614,615,618,618,618,618,618,619,622,623,625,627,628,628,628,629,632,633,635,635,635,637,639,640,641,641,642,642,642,642,643,644,644,645,645,646,647,647,647,648,648,648,648,649,649,651,652,653,653,653,654,654,654,654,654,654,654,655,655,656,656,656,656,656,656,658,659,659,659,660,661,662,661,660,660,661,661,661,662,665,665,665,665,665,665,665,665,665,667,667,667,667,667,667,667,669,669,669,670,670,678,681,683,683,683,682,684,685,689,690,690,690,691,691,694,695,697,697,697,696,702,706,710,710,714,713,717,719,720,723,728,729,732,733,735,737,743,748,748,762,763,782,791,802,811,817,823,834,843,868,882,897,903,904,917,935,951,970,985,1004,1010,1022,1052,1079,1104,1140,1150,1152,1159,1184,1207,1228,1256,1261,1266,1277,1299,1353,1380,1403,1419,1427,1454,1482,1523,1576,1605,1636,1648,1684,1702,1753,1764,1774,1788,1802,1851,1908,1967,2003
6,GM07,0,0,0,0,0,0,0,0,0,0,0,0,0,0,0,0,0,0,0,0,0,0,0,0,0,0,0,0,0,0,0,0,0,0,0,0,0,0,0,0,0,0,0,2,2,3,3,3,5,5,5,6,6,6,6,6,6,28,33,43,53,72,80,98,101,117,134,161,178,200,245,255,282,348,384,446,472,495,518,545,607,663,726,791,814,857,896,964,999,1052,1084,1096,1131,1171,1200,1219,1261,1268,1287,1290,1332,1358,1372,1397,1424,1425,1437,1456,1473,1483,1493,1500,1505,1512,1525,1537,1546,1547,1555,1563,1565,1571,1577,1582,1588,1595,1597,1598,1599,1607,1611,1617,1622,1623,1623,1635,1636,1641,1643,1643,1645,1646,1648,1655,1658,1660,1663,1663,1663,1665,1668,1669,1673,1674,1674,1678,1680,1683,1684,1686,1688,1687,1689,1689,1696,1698,1701,1704,1704,1705,1707,1708,1711,1711,1712,1712,1713,1714,1717,1721,1726,1728,1728,1728,1730,1730,1732,1733,1739,1731,1738,1744,1751,1752,1755,1759,1759,1759,1763,1765,1767,1772,1777,1777,1778,1780,1783,1790,1790,1797,1798,1798,1802,1804,1807,1808,1809,1809,1811,1812,1817,1819,1821,1823,1823,1823,1823,1826,1827,1828,1828,1828,1829,1834,1837,1839,1842,1844,1845,1845,1848,1854,1859,1861,1863,1864,1865,1867,1872,1880,1879,1882,1884,1884,1886,1891,1894,1900,1905,1911,1913,1917,1923,1931,1936,1943,1943,1946,1963,1970,1980,1994,2008,2017,2024,2031,2059,2083,2102,2155,2145,2154,2193,2236,2267,2297,2334,2341,2355,2395,2465,2517,2581,2616,2623,2637,2700,2766,2819,2887,2943,2956,2977,3047,3126,3210,3306,3380,3418,3435,3515,3621,3721,3793,3892,3924,3954,4064,4167,4226,4346,4422,4455,4489,4615,4786,4927,5075,5177,5209,5245,5425,5608,5778,5835,5888,5964,6066,6227,6451,6552,6631
7,GM08,0,0,0,0,0,0,0,0,0,0,0,0,0,0,0,0,0,0,0,0,0,0,0,0,0,0,0,0,0,0,0,0,0,0,0,0,0,0,0,0,0,0,0,0,0,0,0,0,0,0,0,0,0,0,1,1,2,2,5,5,6,8,11,12,18,19,23,26,26,29,32,32,34,45,50,51,59,64,68,70,77,87,92,99,106,107,116,122,131,136,138,147,152,157,161,166,172,173,176,177,182,187,189,192,195,195,195,206,207,212,213,216,216,217,222,222,224,224,226,227,228,228,229,230,230,230,230,230,230,230,230,230,230,230,230,230,231,231,231,231,231,231,231,233,234,234,234,234,234,234,235,235,235,235,235,235,235,235,235,235,235,235,235,235,235,236,236,236,236,236,236,236,238,238,238,238,238,238,238,238,238,238,238,238,238,239,239,239,239,239,239,239,239,239,239,239,239,239,239,239,240,241,242,242,242,242,242,242,242,242,242,243,243,243,243,243,243,243,243,243,243,243,243,243,243,243,243,245,245,245,246,246,246,247,247,247,247,247,247,247,248,248,248,251,251,252,251,253,254,255,255,256,256,256,256,256,256,256,256,256,256,257,260,260,262,263,263,263,265,265,265,267,268,268,268,268,276,279,281,285,285,287,294,301,307,310,316,316,320,325,334,342,352,356,362,363,370,381,391,402,411,416,420,434,452,465,491,508,515,517,546,572,592,608,644,666,674,681,736,759,805,837,846,855,888,936,979,1000,1041,1056,1062,1090,1137,1198,1213,1229,1257,1272,1328,1378,1428,1441
8,GM09,0,0,0,0,0,0,0,0,0,0,0,0,0,0,0,0,0,0,0,0,0,0,0,0,0,0,0,0,0,0,0,0,0,0,0,0,0,0,0,0,0,0,0,0,0,0,0,0,0,0,0,0,0,0,0,0,0,0,1,2,2,2,2,2,7,7,8,11,12,14,14,14,16,23,23,36,41,43,44,52,58,71,76,86,91,91,93,97,99,105,107,107,121,123,129,131,135,135,138,139,139,141,143,140,142,142,142,144,144,145,147,149,149,149,154,154,157,157,157,157,157,158,160,161,162,163,163,163,163,163,164,166,166,166,166,167,167,167,168,168,168,168,168,168,168,168,168,168,168,168,169,169,171,172,173,173,173,173,173,174,174,174,174,174,174,174,174,174,174,174,174,174,174,174,174,174,174,174,174,174,174,174,174,174,174,174,174,174,174,174,174,174,174,174,174,174,174,174,174,174,174,174,174,174,174,174,174,174,174,174,174,174,174,174,174,174,174,174,174,174,174,174,174,174,174,174,174,175,175,175,175,175,175,175,175,176,176,176,176,176,176,176,176,176,176,176,176,177,177,177,177,177,177,177,177,177,177,177,177,177,177,177,177,177,177,177,177,177,177,177,178,178,178,178,179,180,181,183,186,188,192,192,194,194,195,198,199,199,201,202,205,207,208,211,214,214,217,228,231,234,234,236,236,239,248,249,249,250,251,252,255,258,262,262,268,271,271,276,286,287,294,296,301,307,313,313,325,338,349,352,360,369,377,387,399,406,406,412,412,421,432,433
9,GM10,0,0,0,0,0,0,0,0,0,0,0,0,0,0,0,0,0,0,0,0,0,0,0,0,0,0,0,0,0,0,0,0,0,0,0,0,0,0,0,0,0,0,0,0,0,0,0,0,0,0,0,0,0,0,1,1,1,1,2,3,3,4,4,6,7,9,10,11,15,17,18,20,24,28,34,38,39,41,44,49,54,55,59,61,62,67,70,79,84,88,95,96,98,101,103,106,110,112,113,113,118,119,120,122,122,123,124,125,125,125,126,126,126,126,128,131,134,134,136,137,137,139,140,143,144,145,145,145,145,146,146,146,147,147,147,148,148,148,148,150,151,151,151,152,152,152,152,152,152,152,152,152,152,152,152,152,152,152,152,152,152,152,152,152,153,153,154,154,154,154,154,154,154,154,154,154,155,155,155,155,155,155,155,155,156,156,156,156,156,156,156,156,157,158,158,158,158,158,158,158,158,158,158,158,158,158,160,160,160,160,160,160,160,160,160,160,160,160,160,160,160,161,161,161,161,161,161,161,161,161,161,161,161,161,161,161,161,161,161,161,161,161,161,161,161,161,161,161,162,162,162,162,162,162,162,162,162,162,162,162,162,162,163,163,163,163,163,163,163,163,163,164,164,164,167,167,167,170,174,175,175,177,183,190,192,194,200,200,201,205,208,213,213,218,219,222,227,227,229,231,233,234,234,237,241,242,245,249,249,253,255,258,259,263,264,264,265,269,271,276,283,290,291,293,295,301,315,319,322,324,324,333,348,352,355,359,366,376,394,411,425,427
10,GM11,0,0,0,0,0,0,0,0,0,0,0,0,0,0,0,0,0,0,0,0,0,0,0,0,0,0,0,0,0,0,0,0,0,0,0,0,0,0,0,0,0,0,0,0,0,0,0,0,0,0,0,0,0,0,0,0,0,0,0,1,1,1,1,1,2,2,4,7,9,12,17,19,20,22,30,37,37,38,38,40,42,54,60,62,66,66,67,74,84,90,97,100,100,106,109,113,120,122,122,122,123,127,129,131,133,134,134,136,137,138,148,149,149,149,150,151,151,152,154,154,154,154,154,155,155,155,155,155,155,156,156,156,158,158,160,160,160,161,161,163,163,163,163,163,163,163,163,163,163,164,164,165,165,165,165,165,165,165,165,166,167,167,168,168,168,168,168,168,168,168,167,167,167,167,167,167,167,167,167,167,168,168,168,168,168,168,168,168,168,168,168,168,168,168,168,169,169,169,169,169,169,169,169,169,169,169,169,169,169,169,169,169,169,169,169,169,169,169,169,169,169,169,169,169,169,169,169,169,169,169,169,169,169,169,169,169,169,169,169,169,169,169,169,169,169,169,169,169,169,169,169,169,169,169,169,169,169,169,169,169,169,169,172,172,172,172,172,172,174,175,177,179,180,184,184,186,187,188,190,193,195,197,203,203,204,208,213,215,217,223,226,229,230,232,238,241,251,253,262,270,276,277,280,287,293,307,316,329,334,337,344,359,380,405,415,419,421,422,435,444,464,477,481,484,500,540,605,623,635,647,658,694,714,753,763,771,781,788,814,884,937,976
11,GM12,0,0,0,0,0,0,0,0,0,0,0,0,0,0,0,0,0,0,0,0,0,0,0,0,0,0,0,0,0,0,0,0,0,0,0,0,0,0,0,0,0,0,0,0,0,0,0,0,0,0,0,0,0,0,0,0,0,0,0,0,0,0,0,1,1,1,3,3,4,5,5,6,8,11,11,11,11,11,11,11,11,13,13,14,15,15,15,15,15,16,16,16,16,17,17,17,18,18,18,18,19,19,19,19,19,19,19,20,20,20,20,20,20,20,20,20,20,20,20,20,20,20,20,20,20,20,20,20,20,20,20,20,20,20,20,20,20,20,20,20,20,20,20,20,20,20,20,20,20,20,20,20,20,20,20,20,20,20,20,20,20,20,20,20,20,20,20,20,20,20,20,20,20,20,20,20,20,20,20,20,20,20,20,20,20,20,20,20,20,20,20,20,20,20,20,20,20,20,20,20,20,20,20,20,20,20,20,20,20,20,20,20,20,20,20,20,20,20,20,20,20,20,20,20,20,20,20,20,20,20,20,20,20,20,20,20,20,20,20,20,20,20,20,20,20,20,20,20,20,20,20,20,20,20,20,20,20,20,20,20,20,20,20,20,20,20,21,21,21,21,21,21,21,21,21,22,22,22,23,23,23,23,23,23,23,24,29,29,30,31,34,34,36,37,38,38,40,44,47,49,53,53,53,54,55,57,58,61,61,61,64,65,68,71,73,74,75,78,86,88,94,96,96,98,100,102,109,111,114,117,119,121,127,134,134,139,142,143,152,161,171,172
12,GM13,0,0,0,0,0,0,0,0,0,0,0,0,0,0,0,0,0,0,0,0,0,0,0,0,0,0,0,0,0,0,0,0,0,0,0,0,0,0,0,0,0,0,0,0,0,0,0,0,0,0,0,0,0,0,0,0,0,0,1,6,7,7,9,9,9,12,17,18,21,24,32,34,38,50,52,59,65,67,68,70,73,94,95,103,107,109,117,122,127,135,141,147,147,148,153,156,162,163,165,167,171,177,181,184,186,187,187,190,191,195,195,197,196,196,198,198,201,203,204,204,205,207,208,210,209,213,213,214,211,212,212,212,212,214,214,217,217,219,219,219,218,219,220,221,221,221,221,221,221,221,222,223,222,222,222,222,223,223,224,224,224,224,224,224,224,225,225,225,225,225,225,225,225,225,225,225,225,225,225,225,225,225,225,225,225,225,225,225,225,225,225,225,225,225,225,225,225,225,225,225,225,225,225,225,225,225,226,226,225,225,225,225,225,225,225,225,225,225,225,226,225,225,225,225,225,225,225,225,225,225,226,226,226,226,226,226,226,226,226,226,227,227,229,230,233,233,233,233,234,235,237,239,239,239,239,243,243,243,246,247,248,248,250,252,255,257,257,258,259,264,269,272,273,278,278,283,292,300,315,317,322,324,342,350,365,386,389,402,405,409,426,458,474,502,511,514,546,567,582,602,626,648,667,682,710,720,800,858,882,922,965,1010,1083,1142,1224,1279,1292,1307,1381,1428,1505,1591,1652,1702,1702,1855,1923,2013,2132,2216,2252,2315,2409,2562,2658,2682,2706,2733,2838,3003,3139,3266
13,GM14,0,0,0,0,0,0,0,0,0,0,0,0,0,0,0,0,0,0,0,0,0,0,0,0,0,0,0,0,0,0,0,0,0,0,0,0,0,0,0,0,0,0,0,0,0,0,0,0,0,0,0,0,0,0,0,1,0,0,0,1,1,2,2,2,2,6,7,8,11,11,12,12,12,16,16,18,18,21,24,25,26,26,28,29,30,30,32,33,34,35,35,36,36,39,39,43,44,44,44,45,46,46,48,48,48,48,48,50,52,52,54,54,54,54,54,54,54,54,54,54,54,54,55,55,55,55,55,55,55,55,55,55,55,56,56,56,56,56,56,56,57,57,57,57,57,57,57,57,57,57,58,58,58,58,58,58,58,59,59,59,59,59,59,59,59,60,61,61,62,62,62,62,62,62,62,62,62,62,62,62,63,63,63,63,64,64,64,64,64,64,64,64,64,64,64,64,64,64,64,64,64,64,64,64,64,64,64,65,65,65,65,65,65,65,65,65,65,65,65,65,65,65,66,66,66,66,66,66,66,66,66,66,66,66,66,66,66,66,66,66,66,67,67,67,67,67,67,68,68,68,68,68,68,68,68,68,68,68,68,68,68,68,68,68,71,71,71,71,71,71,71,73,73,74,74,75,74,76,77,79,79,81,83,86,88,88,89,90,93,93,96,102,105,105,105,105,106,108,113,113,121,122,122,129,129,145,154,160,163,165,176,181,190,194,202,208,209,215,229,242,251,263,271,274,289,302,318,338,376,384,392,399,458,478,500,502,509,515,532,560,602,651
14,GM15,0,0,0,0,0,0,0,0,0,0,0,0,0,0,0,0,0,0,0,0,0,0,0,0,0,0,0,0,0,0,0,0,0,0,0,0,0,0,0,0,0,0,0,0,0,0,0,0,0,0,0,0,0,0,0,0,0,0,1,1,3,4,5,5,5,6,6,7,9,10,10,12,18,20,20,24,25,25,27,31,38,45,49,50,53,53,55,71,61,65,71,73,74,78,80,85,93,93,93,96,99,104,109,112,115,117,118,118,126,131,135,137,138,139,147,149,151,151,151,152,152,153,157,158,159,161,162,162,163,166,167,169,170,170,170,170,170,171,171,174,174,174,174,178,177,178,178,178,178,178,178,178,178,181,181,181,181,181,181,181,181,181,181,181,182,182,182,182,182,182,182,182,182,182,182,182,182,182,182,182,182,182,182,182,182,182,182,182,182,182,182,182,182,182,182,183,183,183,183,184,185,186,186,186,186,186,186,186,186,186,186,186,186,186,186,186,186,186,186,186,186,186,186,186,186,186,187,188,188,188,188,188,188,189,189,189,189,189,189,189,189,189,190,190,190,190,190,190,191,191,191,191,191,191,191,191,191,191,191,191,191,194,196,196,196,198,199,199,201,201,201,201,202,202,203,203,203,203,204,207,208,208,210,212,217,217,218,219,220,224,228,234,240,247,254,254,264,269,279,282,289,293,296,310,319,327,340,345,346,347,360,378,394,405,414,416,424,452,467,479,497,508,533,514,539,563,596,625,666,679,683,728,757,791,805,819,828,836,907,957,995,1012
15,GM16,0,0,0,0,0,0,0,0,0,0,0,0,0,0,0,0,0,0,0,0,0,0,0,0,0,0,0,0,0,0,0,0,0,0,0,0,0,0,0,0,0,0,0,0,0,0,0,0,0,0,0,0,0,0,0,1,1,1,1,2,4,8,8,9,11,13,16,19,20,22,24,26,28,32,37,42,46,50,51,56,62,74,84,91,92,94,97,105,105,112,113,123,125,127,137,147,149,152,154,154,154,159,162,163,164,165,165,165,170,173,177,181,182,180,182,186,186,190,190,191,191,191,193,195,196,197,198,198,198,198,200,200,201,205,205,205,206,208,208,208,208,208,208,209,210,211,211,211,211,211,211,212,212,213,213,213,214,214,214,214,214,215,215,215,215,216,216,216,217,217,219,220,221,221,221,221,221,221,222,222,222,223,223,223,223,223,223,223,223,223,223,223,223,224,224,224,224,224,224,224,224,224,224,224,224,224,224,224,226,226,226,226,226,226,226,226,226,226,226,226,226,226,226,226,226,226,226,226,226,226,226,226,226,226,227,227,227,227,227,227,227,228,228,228,228,228,228,228,228,228,229,231,231,231,231,231,232,233,234,234,234,234,237,237,239,240,240,241,241,243,243,245,248,249,250,251,251,253,253,255,261,261,261,265,272,287,292,294,295,301,314,321,334,348,358,363,371,394,401,422,441,447,449,456,492,508,527,539,539,553,565,594,618,641,657,679,683,699,732,749,768,790,813,821,846,899,929,959,985,1001,1006,1024,1066,1105,1116,1118,1128,1149,1172,1213,1247,1271
16,GM,0,0,0,0,0,0,0,0,0,0,0,0,0,0,0,0,0,0,0,0,0,0,0,0,0,0,0,0,0,0,0,0,0,0,0,0,0,0,0,0,0,0,0,2,2,3,5,5,8,11,11,12,12,20,31,47,55,86,114,149,198,253,325,389,455,583,732,872,1017,1158,1342,1434,1607,1861,2107,2373,2544,2673,2799,2969,3254,3569,3868,4110,4294,4404,4598,4879,5094,5321,5500,5640,5750,5913,6115,6288,6481,6575,6649,6692,6831,6996,7119,7266,7369,7395,7417,7533,7634,7723,7824,7881,7914,7935,8007,8090,8147,8174,8216,8247,8257,8302,8349,8411,8450,8489,8500,8511,8522,8551,8581,8613,8646,8668,8674,8711,8729,8755,8763,8781,8787,8791,8800,8830,8856,8872,8883,8882,8885,8895,8914,8927,8948,8954,8957,8961,8973,8985,8994,9003,9010,9012,9016,9024,9036,9048,9054,9060,9063,9064,9068,9071,9078,9082,9083,9084,9086,9090,9095,9101,9111,9118,9118,9118,9122,9128,9134,9141,9148,9141,9148,9156,9168,9175,9183,9195,9196,9197,9201,9207,9211,9225,9231,9231,9232,9236,9243,9253,9260,9267,9269,9272,9277,9280,9285,9288,9289,9295,9298,9302,9313,9321,9322,9324,9325,9325,9329,9338,9341,9342,9347,9349,9350,9362,9368,9371,9378,9384,9386,9386,9396,9409,9428,9443,9452,9457,9460,9471,9488,9500,9508,9527,9529,9534,9546,9562,9578,9589,9604,9615,9621,9634,9677,9710,9734,9767,9777,9789,9836,9875,9905,9954,10003,10032,10056,10098,10183,10272,10349,10452,10481,10530,10661,10812,10930,11096,11226,11289,11352,11506,11767,11982,12200,12378,12485,12547,12814,13119,13370,13630,13884,14022,14112,14361,14771,15160,15586,15965,16123,16248,16636,17123,17602,18034,18517,18772,18919,19342,19932,20372,20970,21466,21787,21975,22475,23427,24125,24938,25640,26049,26275,27006,27968,28770,29182,29422,29778,30126,30978,32107,33071,33624
17,PL72,0,0,0,0,0,0,0,0,0,0,0,0,0,0,0,0,0,0,0,0,0,0,0,0,0,0,0,0,0,0,0,0,0,0,0,0,0,0,0,0,0,0,0,0,0,0,0,0,1,1,1,1,2,2,2,2,2,2,2,2,4,4,4,4,4,4,4,4,6,6,6,10,13,14,15,18,20,22,23,24,25,25,28,30,30,30,33,33,36,36,37,40,41,41,44,47,48,48,49,52,53,57,57,59,66,67,67,72,78,79,82,89,89,89,91,93,94,94,96,96,96,98,101,101,102,102,104,104,105,105,112,112,117,117,117,120,122,124,124,124,125,125,126,129,129,133,135,136,136,136,137,137,138,139,139,139,139,143,143,149,149,149,149,149,149,150,150,150,150,150,150,151,152,152,152,152,152,152,152,152,152,152,152,153,153,153,156,156,156,156,158,158,158,159,160,161,162,162,162,163,163,163,164,164,164,164,164,164,165,166,166,166,166,167,169,171,171,171,171,171,173,173,173,173,173,173,173,173,173,174,174,176,176,177,177,177,177,178,178,178,178,178,178,178,178,181,181,181,182,185,186,187,189,189,189,189,190,197,200,201,201,201,204,204,208,220,222,224,225,237,244,255,261,275,276,277,287,298,324,336,350,359,360,386,415,457,496,512,518,529,556,610,624,653,701,712,720,753,792,832,876,923,936,941,992,1029,1080,1145,1175,1186,1191,1248,1302,1343,1385,1407,1415,1417,1454,1504,1528,1577,1611,1612,1612,1642,1682,1709,1741,1765,1773,1778,1798,1834,1860,1870,1870,1870,1870,1899,1931,1954
18,PL73,0,0,0,0,0,0,0,0,0,0,0,0,0,0,0,0,0,0,0,0,0,0,0,0,0,0,0,0,0,0,0,0,0,0,0,0,0,0,0,0,0,0,0,0,0,0,0,0,0,0,0,0,0,0,0,0,0,0,0,0,0,0,0,0,0,0,0,0,0,1,1,1,1,1,5,6,7,7,7,7,9,12,13,13,16,16,17,17,20,20,24,26,26,26,27,28,28,28,28,29,29,30,30,31,32,32,32,32,34,39,40,42,42,43,44,44,44,44,45,45,45,46,46,46,46,46,46,46,47,47,47,47,47,47,47,47,47,47,47,47,49,49,49,49,49,49,49,49,49,49,49,49,49,49,49,49,49,49,49,49,49,49,49,49,49,49,49,49,49,49,49,49,49,49,49,49,49,49,49,49,50,50,50,50,50,50,50,50,50,50,50,50,50,50,50,50,50,50,50,50,50,50,50,51,51,51,51,51,51,51,51,51,52,53,53,53,54,54,54,54,54,54,54,54,54,54,54,54,54,54,54,55,55,55,57,57,57,57,59,59,59,62,64,66,66,67,67,67,68,72,72,72,74,74,74,75,83,85,91,95,97,99,101,107,110,113,114,116,116,116,123,125,146,150,151,154,154,163,169,173,182,184,184,188,199,208,212,218,224,250,266,286,296,341,373,382,385,403,422,457,470,503,510,511,528,563,587,617,646,660,664,704,736,763,775,789,800,806,825,853,888,940,987,1005,1014,1042,1087,1132,1159,1191,1204,1208,1240,1297,1336,1363,1374,1380,1386,1413,1460,1507
19,PL74,0,0,0,0,0,0,0,0,0,0,0,0,0,0,0,0,0,0,0,0,0,0,0,0,0,0,0,0,0,0,0,0,0,0,0,0,0,0,0,0,0,0,0,0,0,0,0,0,0,0,0,0,0,0,0,0,0,0,0,0,0,0,0,0,0,0,0,1,1,3,3,3,3,5,5,7,7,7,7,7,8,9,9,9,11,11,11,11,13,20,21,22,22,22,24,28,32,35,35,35,35,36,37,40,41,41,41,41,45,46,46,47,48,49,49,50,52,52,52,59,59,59,62,64,64,65,67,67,67,72,74,75,77,80,80,83,87,94,102,102,108,108,108,114,118,131,134,134,141,141,146,149,156,161,162,162,162,164,165,170,174,176,177,177,179,183,185,187,188,188,188,190,190,191,193,193,193,194,197,200,202,202,204,204,204,204,206,206,206,206,207,207,207,210,212,214,215,215,215,217,218,218,223,223,223,223,223,224,225,225,226,226,229,231,233,235,235,235,235,235,236,237,238,238,239,239,240,241,241,243,244,245,245,245,248,250,253,254,256,256,256,256,262,265,272,275,275,275,277,277,278,280,283,283,283,285,294,297,302,304,304,306,306,312,318,321,323,324,324,329,333,343,355,366,369,369,379,392,405,409,422,427,429,437,448,477,487,507,515,523,525,536,555,568,594,597,605,616,634,666,707,721,738,764,803,863,900,943,1003,1040,1050,1071,1102,1143,1191,1235,1242,1250,1285,1349,1416,1457,1492,1493,1493,1519,1587,1614,1648,1680,1689,1691,1713,1738,1789,1799,1799,1801,1801,1817,1853,1876
20,PL75,0,0,0,0,0,0,0,0,0,0,0,0,0,0,0,0,0,0,0,0,0,0,0,0,0,0,0,0,0,0,0,0,0,0,0,0,0,0,0,0,0,0,0,0,0,0,0,0,0,1,1,1,1,1,1,1,1,1,1,2,2,2,2,3,3,4,4,5,5,6,6,6,7,7,8,8,9,10,10,10,10,10,10,10,10,10,10,10,10,10,10,10,12,13,13,13,13,13,13,14,14,14,14,14,14,14,14,14,14,14,14,14,14,14,14,14,14,15,15,15,15,15,15,15,15,15,15,15,15,15,15,15,15,16,16,16,16,16,16,16,16,16,16,16,16,16,17,17,17,17,17,17,17,17,17,17,17,18,18,18,18,18,18,18,19,19,19,19,20,20,20,20,20,20,20,20,20,20,20,20,20,20,20,20,20,20,20,20,20,20,20,20,20,20,20,20,20,20,20,20,21,21,21,22,22,22,23,23,23,23,23,23,23,23,24,24,24,24,24,24,24,24,25,25,25,25,26,26,27,28,29,29,30,30,30,30,30,31,32,33,33,34,34,35,37,37,37,37,38,39,41,47,47,49,53,56,60,61,66,70,74,77,80,84,91,102,111,118,125,130,139,146,155,162,172,175,176,198,217,224,252,260,266,277,309,333,372,405,424,439,454,481,512,520,552,595,614,636,673,705,750,793,820,836,844,896,926,963,1000,1025,1038,1074,1123,1167,1201,1249,1264,1271,1288,1325,1358,1373,1396,1410,1421,1435,1472,1494,1515,1544,1564,1564,1591,1616,1649,1678,1686,1693,1696,1726,1763,1793
21,PL76,0,0,0,0,0,0,0,0,0,0,0,0,0,0,0,0,0,0,0,0,0,0,0,0,0,0,0,0,0,0,0,0,0,0,0,0,0,0,0,0,0,0,0,0,0,0,0,0,0,0,0,0,0,0,0,0,0,0,0,0,0,0,0,0,0,0,0,0,0,0,0,0,0,0,0,0,0,0,0,0,0,0,0,0,0,0,0,0,0,0,0,0,0,0,0,0,0,0,0,0,0,0,0,0,0,0,0,0,0,0,0,0,0,0,0,0,0,0,0,0,0,0,0,0,0,0,0,0,0,0,0,0,0,0,0,0,0,0,0,0,0,0,0,0,0,0,0,0,0,0,0,0,0,0,0,0,0,0,0,0,0,0,0,0,0,0,0,0,0,0,0,0,1,1,1,1,1,1,1,2,3,6,7,7,8,8,8,9,10,10,10,10,10,12,12,12,12,12,12,12,12,12,12,12,12,12,12,12,12,13,13,13,13,13,13,14,14,14,14,14,14,14,15,15,15,15,15,15,16,16,16,16,16,16,16,16,16,16,16,16,16,16,16,17,17,17,17,17,18,18,19,20,20,20,20,20,20,21,21,21,21,21,22,25,25,28,31,31,32,34,35,36,38,43,44,45,48,50,62,65,70,72,73,73,95,104,123,143,150,154,157,167,181,187,191,195,196,196,212,244,258,274,280,286,300,308,315,342,362,368,368,372,380,392,407,423,423,423,438,454,471,489,501,501,508,525,554,575,602,621,622,622,627,630,639,640,640,640,640,641,652,667
22,PL77,0,0,0,0,0,0,0,0,0,0,0,0,0,0,0,0,0,0,0,0,0,0,0,0,0,0,0,0,0,0,0,0,0,0,0,0,0,0,0,0,0,0,0,0,0,0,0,0,0,0,0,0,0,0,0,0,0,0,0,0,0,0,0,0,1,1,1,1,4,5,5,7,7,8,8,8,9,10,11,12,13,15,15,16,16,17,19,20,21,23,25,27,27,29,29,30,30,30,31,31,31,32,32,33,33,34,35,35,35,35,35,35,37,39,39,39,40,40,40,40,40,40,40,40,40,40,40,40,40,40,40,40,40,40,40,40,40,40,40,40,40,40,40,40,40,41,41,43,44,44,44,44,44,44,44,44,44,44,44,44,44,44,44,44,44,44,45,45,45,45,45,46,47,47,47,47,47,49,49,49,49,49,50,51,52,53,53,60,63,63,67,67,68,71,72,75,75,77,77,77,79,82,84,86,92,96,97,99,100,102,105,105,106,109,115,118,122,124,124,125,128,133,136,139,146,146,146,149,150,150,153,153,155,158,162,162,166,167,167,169,171,175,179,180,181,185,186,188,191,192,194,195,197,201,201,211,215,227,231,235,237,238,248,267,278,302,318,322,330,355,369,402,420,441,442,446,467,508,545,593,629,646,653,685,746,782,859,886,921,930,966,1016,1044,1109,1192,1224,1229,1268,1341,1420,1497,1587,1625,1658,1722,1808,1848,1891,1933,1942,1944,2011,2053,2103,2144,2179,2191,2191,2241,2281,2308,2335,2357,2376,2376,2403,2428,2460,2481,2503,2504,2507,2532,2550,2579,2587,2588,2590,2591,2610,2640,2658
23,PL78,0,0,0,0,0,0,0,0,0,0,0,0,0,0,0,0,0,0,0,0,0,0,0,0,0,0,0,0,0,0,0,0,0,0,0,0,0,0,0,0,0,0,0,0,0,0,0,0,0,0,0,0,0,0,0,0,0,1,1,1,1,3,3,4,4,7,8,11,14,14,14,20,23,25,37,42,42,54,70,71,76,84,96,100,107,108,116,125,131,141,159,170,173,180,193,196,203,203,204,204,209,212,214,216,218,221,221,221,224,227,229,229,230,231,233,236,241,244,246,246,246,252,255,255,256,261,263,263,268,274,278,278,280,282,282,283,284,293,293,296,296,297,299,302,307,309,309,313,313,313,317,323,323,325,326,326,327,330,339,339,342,343,345,345,345,347,349,350,351,351,352,352,353,358,359,362,364,364,368,369,369,369,369,370,370,370,373,374,377,377,377,377,377,384,387,388,388,389,389,390,391,391,391,391,392,392,392,394,394,396,398,400,400,401,403,403,404,406,407,407,411,411,413,413,413,414,414,418,419,420,421,423,424,425,426,427,427,430,432,433,433,433,437,438,439,443,443,444,444,448,449,451,453,456,457,462,466,479,482,490,492,495,496,507,520,530,535,543,543,547,556,571,587,607,613,614,627,649,684,707,738,764,782,803,841,879,922,978,1030,1067,1098,1139,1189,1229,1299,1357,1376,1406,1475,1551,1611,1664,1715,1722,1773,1867,1941,2022,2082,2139,2154,2170,2241,2316,2401,2446,2469,2487,2525,2566,2614,2672,2747,2771,2783,2806,2872,2933,2979,3026,3043,3053,3082,3130,3183,3205,3224,3232,3237,3262,3342,3410
24,PL79,0,0,0,0,0,0,0,0,0,0,0,0,0,0,0,0,0,0,0,0,0,0,0,0,0,0,0,0,0,0,0,0,0,0,0,0,0,0,0,0,0,0,0,0,0,0,0,0,0,0,0,0,0,0,0,0,0,0,0,0,0,0,0,0,0,0,0,0,1,1,1,1,2,3,5,6,6,6,7,7,7,9,10,13,13,14,14,15,15,17,21,23,24,26,27,28,28,28,28,29,30,30,31,32,33,33,34,35,35,36,38,39,39,39,39,41,43,43,44,44,45,45,47,47,47,47,47,47,47,48,49,49,49,49,49,49,49,49,49,49,49,49,50,50,50,50,50,50,50,50,50,50,50,50,51,51,51,51,51,51,51,51,51,51,51,51,53,53,53,53,53,54,54,54,54,54,54,54,54,54,54,54,54,54,54,54,54,55,55,56,57,57,57,57,57,58,58,58,58,58,58,58,58,59,59,59,59,60,60,60,60,60,60,60,60,60,60,60,60,61,62,63,63,63,64,64,64,64,64,64,64,66,66,67,70,71,71,71,72,72,72,73,74,75,76,78,79,79,80,80,80,80,81,81,81,84,90,93,94,97,101,101,105,106,111,113,115,115,116,124,131,140,141,152,162,162,172,179,192,203,209,213,213,227,237,256,275,289,290,291,317,350,360,381,408,416,420,444,462,481,496,510,521,523,547,586,609,628,646,649,649,669,708,735,749,772,780,781,799,818,832,845,853,853,854,871,891,906,919,933,934,936,955,970,982,984,985,986,986,992,1020,1040
25,PL80,0,0,0,0,0,0,0,0,0,0,0,0,0,0,0,0,0,0,0,0,0,0,0,0,0,0,0,0,0,0,0,0,0,0,0,0,0,0,0,0,0,0,0,0,0,0,0,0,0,0,0,1,1,1,1,1,1,1,1,1,1,1,1,1,1,3,3,3,4,4,4,5,6,7,9,10,10,11,11,13,13,14,15,15,15,16,16,16,16,16,16,16,16,18,19,23,23,23,23,24,24,24,25,27,27,27,28,29,29,29,30,31,31,31,34,34,34,34,34,35,35,35,35,35,35,35,35,35,35,35,36,36,36,37,37,38,38,38,38,38,38,40,40,40,40,42,45,46,47,47,48,50,50,50,50,50,50,50,50,51,51,51,52,55,55,55,55,55,55,55,55,55,55,55,55,56,56,56,56,56,57,57,57,58,59,59,60,60,60,60,60,60,62,63,67,68,69,70,71,72,72,73,74,75,75,75,75,76,77,78,79,79,79,79,79,81,81,82,82,82,82,84,86,86,88,89,90,92,93,93,93,94,96,100,101,103,104,108,108,111,111,114,116,121,121,122,125,125,128,130,134,135,137,140,147,154,161,169,169,172,176,184,191,205,213,230,233,241,245,259,274,284,298,311,325,332,337,359,385,399,425,447,460,472,496,523,550,577,596,607,625,640,665,691,731,750,762,785,844,895,948,994,1027,1040,1053,1089,1158,1191,1242,1270,1277,1297,1328,1357,1386,1417,1431,1434,1455,1488,1521,1557,1580,1585,1588,1595,1626,1642,1671,1684,1694,1699,1710,1731,1751,1769,1770,1771,1771,1779,1798,1815
26,PL81,0,0,0,0,0,0,0,0,0,0,0,0,0,0,0,0,0,0,0,0,0,0,0,0,0,0,0,0,0,0,0,0,0,0,0,0,0,0,0,0,0,0,0,0,0,0,0,0,0,0,0,0,0,0,0,0,0,0,0,0,0,0,0,0,0,0,0,0,0,0,0,1,1,1,1,1,1,1,1,1,1,1,2,2,2,2,2,2,2,2,3,3,3,3,3,3,3,4,5,5,5,6,6,7,7,7,7,7,7,7,8,8,8,9,9,9,9,9,9,9,9,9,9,9,9,9,9,9,9,9,9,9,9,9,9,9,9,9,9,9,9,9,9,9,9,9,10,10,10,10,10,10,10,10,10,10,10,10,10,10,12,12,12,12,13,13,13,15,16,16,16,16,16,16,16,16,16,16,16,16,16,16,18,18,18,19,20,21,21,21,21,22,22,22,22,23,23,23,23,24,24,24,25,25,26,27,27,27,29,29,29,29,29,29,29,29,30,30,30,30,31,32,32,32,32,32,32,32,32,33,33,33,33,36,37,37,37,38,38,39,39,39,40,41,41,42,43,43,45,46,47,47,48,48,48,48,51,59,61,63,63,65,65,69,71,78,82,82,82,82,87,90,94,100,100,100,101,103,114,119,131,131,141,143,159,164,179,189,189,205,220,238,250,259,275,280,285,291,314,336,358,370,387,390,409,422,446,471,486,497,499,504,509,535,546,570,594,599,601,613,618,658,671,679,679,684,713,723,735,744,753,754,758,765,774,780,782,783,784,790,806,834
27,PL82,0,0,0,0,0,0,0,0,0,0,0,0,0,0,0,0,0,0,0,0,0,0,0,0,0,0,0,0,0,0,0,0,0,0,0,0,0,0,0,0,0,0,0,0,0,0,0,0,0,0,0,0,0,0,0,0,0,0,0,0,0,0,0,0,0,0,0,0,0,0,0,0,0,0,1,1,1,1,1,1,1,1,2,2,2,2,2,2,3,3,3,3,3,5,8,10,11,12,14,15,18,19,21,22,23,24,26,27,28,28,28,28,28,28,28,29,29,29,29,30,30,30,32,33,33,34,35,35,35,35,35,35,36,36,36,37,37,37,37,37,37,37,38,38,38,38,38,38,38,38,38,38,38,38,38,38,38,38,38,38,38,38,38,38,38,38,38,38,38,38,38,38,38,38,38,39,39,39,39,39,39,39,39,39,39,39,39,39,39,39,39,39,39,39,39,39,39,39,39,40,40,40,40,40,40,41,41,41,42,43,43,44,44,44,44,44,44,44,44,47,47,47,48,48,49,49,49,49,50,50,50,50,50,50,51,52,52,52,54,54,54,55,58,59,61,65,67,73,80,82,83,86,88,92,97,105,112,113,118,121,124,126,131,142,153,162,168,173,177,184,191,198,205,216,221,225,234,248,264,277,293,300,309,331,343,363,376,391,403,407,440,456,463,491,508,523,525,554,583,620,645,670,683,692,727,752,784,814,858,877,880,937,983,1008,1028,1073,1092,1099,1122,1155,1174,1196,1228,1231,1235,1264,1292,1314,1337,1367,1370,1372,1384,1414,1432,1442,1442,1446,1448,1471,1516,1558
28,PL83,0,0,0,0,0,0,0,0,0,0,0,0,0,0,0,0,0,0,0,0,0,0,0,0,0,0,0,0,0,0,0,0,0,0,0,0,0,0,0,0,0,0,0,0,0,0,0,0,0,0,0,0,0,0,0,0,0,0,1,2,2,2,2,2,5,7,8,10,11,16,22,22,25,32,36,38,38,43,44,47,52,58,63,67,69,74,74,79,83,86,89,93,94,99,105,113,118,120,122,126,129,133,138,142,145,145,149,150,156,158,166,173,175,178,179,181,182,186,187,189,191,192,194,195,201,204,206,208,211,217,224,225,235,238,241,241,252,253,253,255,260,266,269,272,276,281,288,288,288,291,294,301,308,317,317,319,324,329,332,334,339,340,341,342,344,349,351,354,355,356,359,365,366,368,369,369,373,373,375,375,379,380,382,384,384,387,387,390,390,394,395,395,397,398,403,405,413,414,415,417,419,428,430,434,434,436,443,449,451,454,459,460,460,465,469,473,474,477,477,478,485,493,496,497,497,501,501,503,506,507,509,512,512,512,515,517,520,523,524,525,525,527,530,534,537,541,541,543,549,554,560,563,565,565,566,570,577,582,590,600,602,607,619,627,634,651,659,665,669,684,698,716,736,764,776,783,801,839,864,892,926,939,943,974,1021,1069,1128,1154,1169,1181,1228,1289,1304,1364,1448,1481,1502,1552,1623,1709,1787,1849,1878,1889,1966,2019,2088,2138,2192,2211,2229,2268,2333,2404,2470,2521,2544,2554,2618,2682,2729,2797,2859,2876,2879,2924,2972,2999,3045,3100,3117,3119,3139,3183,3225,3246,3248,3251,3255,3293,3358,3404
29,PL84,0,0,0,0,0,0,0,0,0,0,0,0,0,0,0,0,0,0,0,0,0,0,0,0,0,0,0,0,0,0,0,0,0,0,0,0,0,0,0,0,0,0,0,0,0,0,0,0,0,0,0,0,0,0,0,0,0,0,0,0,1,1,1,1,1,1,1,1,1,1,1,1,1,1,2,2,2,2,2,2,2,2,3,4,4,4,4,4,4,6,6,7,7,7,8,8,8,8,8,8,8,9,10,10,11,11,12,12,13,13,14,17,17,17,18,19,20,20,20,20,20,20,21,21,21,22,22,22,22,22,22,22,22,23,24,24,24,25,25,26,26,26,26,26,27,30,30,32,32,32,34,36,36,36,37,38,38,39,40,40,40,40,40,40,40,41,41,41,41,41,42,42,42,44,44,45,45,45,45,45,45,45,45,45,45,45,45,45,45,45,45,45,45,45,45,45,45,46,46,46,46,46,47,47,47,47,48,48,48,48,49,49,49,49,49,49,49,50,50,50,50,51,51,52,52,52,52,52,53,53,53,53,53,53,53,53,54,54,54,54,54,54,55,55,55,55,55,55,56,56,57,57,60,60,60,66,68,71,73,73,74,74,76,85,91,96,102,103,103,103,105,121,125,135,139,139,145,158,179,188,198,209,210,227,253,270,286,299,310,312,324,344,354,369,379,384,388,394,431,442,470,481,493,496,513,532,542,561,577,587,589,595,620,636,655,677,688,695,703,721,735,744,759,760,760,768,779,790,804,820,821,827,842,867,880,885,889,889,889,891,911,921
30,PL85,0,0,0,0,0,0,0,0,0,0,0,0,0,0,0,0,0,0,0,0,0,0,0,0,0,0,0,0,0,0,0,0,0,0,0,0,0,0,0,0,0,0,0,0,0,0,0,0,0,0,0,0,0,0,0,0,0,0,0,0,0,0,0,0,0,0,0,0,0,0,1,1,1,1,1,1,1,1,1,1,1,1,1,1,1,1,1,1,1,1,1,1,1,1,1,1,1,1,1,1,1,1,1,1,1,1,1,1,1,1,1,1,1,1,1,1,1,1,1,1,1,1,1,1,1,1,1,1,1,1,1,1,1,1,1,1,1,1,1,1,1,1,1,1,1,1,1,1,1,1,1,1,1,1,1,1,1,1,1,1,1,1,1,1,1,1,1,1,1,1,1,1,1,1,1,1,1,2,2,2,2,2,2,2,2,2,2,2,2,2,2,2,2,2,2,2,2,2,2,3,3,3,3,3,3,3,3,4,5,5,5,5,5,7,7,8,8,9,9,9,9,9,9,9,9,9,9,9,9,9,9,9,9,9,9,9,9,10,10,10,12,12,12,12,13,13,13,13,15,16,17,19,20,22,24,26,26,29,31,36,36,36,37,43,46,47,49,50,54,59,63,67,72,73,76,78,84,87,92,95,99,106,112,121,130,138,161,169,178,181,190,205,210,217,221,235,238,259,282,305,320,344,347,349,380,414,436,466,513,520,529,565,596,645,672,690,701,705,732,753,783,800,826,856,857,880,911,938,957,993,994,995,1015,1047,1080,1080,1081,1082,1082,1115,1130,1184
31,PL86,0,0,0,0,0,0,0,0,0,0,0,0,0,0,0,0,0,0,0,0,0,0,0,0,0,0,0,0,0,0,0,0,0,0,0,0,0,0,0,0,0,0,0,0,0,0,0,1,1,1,1,1,1,1,1,1,1,2,2,2,2,2,2,2,2,3,3,6,8,12,13,14,15,22,23,24,26,31,35,40,43,43,45,48,49,51,57,61,66,68,72,75,77,82,85,85,87,87,91,94,96,98,102,105,108,111,116,118,123,133,135,136,138,139,140,140,141,143,145,145,145,146,147,147,149,151,152,153,153,153,154,154,154,157,157,157,158,161,162,163,164,165,165,166,166,166,167,169,170,170,170,171,172,172,174,175,175,176,176,177,177,177,177,177,178,179,179,182,183,185,185,186,187,187,190,190,190,190,190,191,191,191,192,193,195,196,198,199,199,199,200,200,201,201,203,204,206,207,207,209,211,211,213,214,214,214,215,216,216,218,218,218,218,220,220,220,221,225,225,225,225,226,226,228,229,230,230,230,231,236,238,239,239,241,244,245,249,250,251,253,254,257,258,262,267,271,271,275,279,283,289,294,305,313,322,329,341,347,352,355,362,368,379,392,397,402,415,419,426,431,452,466,475,489,505,517,533,544,569,582,612,628,640,653,667,692,718,748,776,790,822,856,881,919,956,999,1014,1046,1101,1155,1227,1277,1300,1312,1353,1419,1464,1489,1549,1570,1600,1617,1673,1734,1774,1818,1844,1857,1878,1935,1984,2033,2091,2122,2165,2211,2284,2335,2368,2447,2471,2503,2527,2594,2676,2720,2735,2753,2760,2795,2849,2907
32,PL87,0,0,0,0,0,0,0,0,0,0,0,0,0,0,0,0,0,0,0,0,0,0,0,0,0,0,0,0,0,0,0,0,0,0,0,0,0,0,0,0,0,0,0,0,0,0,0,0,0,0,0,0,0,0,0,0,0,0,0,0,0,1,1,1,1,1,1,1,2,2,2,2,2,2,2,2,2,2,2,2,2,2,2,2,2,4,4,4,4,4,6,7,9,9,9,10,10,10,10,10,14,14,15,16,16,16,16,16,16,16,17,18,18,18,18,18,18,18,19,19,19,19,19,19,19,19,19,19,19,19,19,19,19,19,19,19,19,19,19,19,19,19,20,20,20,20,20,20,20,20,20,20,20,20,20,20,20,22,22,22,22,22,22,22,22,23,23,23,23,23,23,23,23,23,23,23,23,23,23,23,23,23,23,23,23,23,23,23,23,23,23,23,23,23,23,23,23,23,23,23,23,23,23,23,23,23,23,25,27,27,27,27,27,27,27,27,27,27,27,27,27,27,27,28,28,28,28,28,28,28,28,28,28,28,30,30,30,30,30,30,30,30,30,30,30,31,31,31,32,34,36,36,36,36,36,36,37,37,38,39,39,40,41,42,42,45,47,47,47,47,51,59,64,66,66,66,69,73,84,89,95,98,100,105,115,126,142,170,178,178,186,190,190,199,217,218,232,245,262,270,294,328,358,365,404,421,444,466,482,488,489,497,521,547,575,595,611,612,628,663,671,701,718,734,736,740,764,781,810,836,844,846,870,889,917,944,948,951,951,960,990,1023
33,PL,0,0,0,0,0,0,0,0,0,0,0,0,0,0,0,0,0,0,0,0,0,0,0,0,0,0,0,0,0,0,0,0,0,0,0,0,0,0,0,0,0,0,0,0,0,0,0,1,2,3,3,4,5,5,5,5,5,7,8,10,13,16,16,18,22,31,33,43,57,71,79,94,107,129,158,174,181,208,232,245,263,286,314,332,347,360,380,400,425,453,493,523,535,561,595,623,643,650,662,677,696,715,733,755,775,784,799,810,838,861,883,907,915,925,936,948,962,972,982,993,996,1007,1024,1028,1038,1051,1061,1064,1074,1092,1115,1117,1137,1151,1155,1164,1183,1206,1215,1222,1237,1247,1256,1272,1286,1316,1334,1346,1356,1359,1375,1396,1412,1429,1435,1439,1445,1464,1478,1493,1507,1511,1516,1520,1527,1542,1551,1562,1568,1571,1576,1588,1594,1604,1611,1617,1623,1627,1636,1642,1651,1655,1664,1671,1676,1682,1697,1709,1716,1721,1731,1732,1738,1756,1774,1787,1800,1807,1809,1821,1830,1843,1858,1869,1877,1885,1896,1913,1925,1938,1951,1955,1960,1977,1994,2009,2018,2032,2033,2039,2058,2078,2092,2100,2113,2120,2123,2135,2146,2158,2168,2181,2187,2202,2226,2236,2252,2269,2281,2292,2297,2315,2343,2368,2391,2423,2431,2446,2482,2512,2542,2569,2603,2629,2658,2716,2791,2867,2919,2972,3003,3038,3101,3217,3308,3440,3524,3573,3614,3721,3851,4019,4172,4350,4437,4482,4614,4848,5149,5351,5631,5783,5875,6102,6474,6841,7286,7635,7871,8044,8374,8803,9078,9497,10045,10348,10491,10848,11451,12088,12714,13288,13618,13774,14314,14988,15568,16147,16746,17029,17150,17599,18208,18828,19359,19861,20089,20181,20592,21160,21630,22174,22676,22864,22960,23309,23914,24345,24771,25254,25397,25474,25783,26255,26752,26992,27061,27118,27147,27454,28019,28551
