id,Country,2021-04-24,2021-04-25,2021-04-26,2021-04-27,2021-04-28,2021-04-29,2021-04-30,2021-05-01,2021-05-02,2021-05-03,2021-05-04,2021-05-05,2021-05-06,2021-05-07,2021-05-08,2021-05-09,2021-05-10,2021-05-11,2021-05-12,2021-05-13,2021-05-14,2021-05-15,2021-05-16,2021-05-17,2021-05-18,2021-05-19,2021-05-20,2021-05-21,2021-05-22,2021-05-23,2021-05-24,2021-05-25,2021-05-26,2021-05-27,2021-05-28,2021-05-29,2021-05-30,2021-05-31,2021-06-01,2021-06-02,2021-06-03,2021-06-04,2021-06-05,2021-06-06,2021-06-07,2021-06-08,2021-06-09,2021-06-10,2021-06-11,2021-06-12,2021-06-13,2021-06-14,2021-06-15,2021-06-16,2021-06-17,2021-06-18,2021-06-19,2021-06-20,2021-06-21,2021-06-22,2021-06-23,2021-06-24,2021-06-25,2021-06-26,2021-06-27,2021-06-28,2021-06-29,2021-06-30,2021-07-01,2021-07-02,2021-07-03,2021-07-04,2021-07-05,2021-07-06,2021-07-07,2021-07-08,2021-07-09,2021-07-10,2021-07-11,2021-07-12,2021-07-13,2021-07-14,2021-07-15,2021-07-16,2021-07-17,2021-07-18,2021-07-19,2021-07-20,2021-07-21,2021-07-22,2021-07-23,2021-07-24,2021-07-25,2021-07-26,2021-07-27,2021-07-28,2021-07-29,2021-07-30,2021-07-31,2021-08-01,2021-08-02,2021-08-03,2021-08-04,2021-08-05,2021-08-06,2021-08-07,2021-08-08,2021-08-09,2021-08-10,2021-08-11,2021-08-12,2021-08-13,2021-08-14,2021-08-15,2021-08-16,2021-08-17,2021-08-18,2021-08-19,2021-08-20,2021-08-21,2021-08-22,2021-08-23,2021-08-24,2021-08-25,2021-08-26,2021-08-27,2021-08-28,2021-08-29,2021-08-30,2021-08-31,2021-09-01,2021-09-02,2021-09-03,2021-09-04,2021-09-05,2021-09-06,2021-09-07,2021-09-08,2021-09-09,2021-09-10,2021-09-11,2021-09-12,2021-09-13,2021-09-14,2021-09-15,2021-09-16,2021-09-17,2021-09-18,2021-09-19,2021-09-20,2021-09-21,2021-09-22,2021-09-23,2021-09-24,2021-09-25,2021-09-26,2021-09-27,2021-09-28,2021-09-29,2021-09-30,2021-10-01,2021-10-02,2021-10-03,2021-10-04,2021-10-05,2021-10-06,2021-10-07,2021-10-08,2021-10-09,2021-10-10,2021-10-11,2021-10-12,2021-10-13,2021-10-14,2021-10-15,2021-10-16,2021-10-17,2021-10-18,2021-10-19,2021-10-20,2021-10-21,2021-10-22,2021-10-23,2021-10-24,2021-10-25,2021-10-26,2021-10-27,2021-10-28,2021-10-29,2021-10-30,2021-10-31,2021-11-01,2021-11-02,2021-11-03,2021-11-04,2021-11-05,2021-11-06,2021-11-07,2021-11-08,2021-11-09,2021-11-10,2021-11-11
0,"Washington",5434,5442,5449,5457,5465,5473,5481,5490,5498,5507,5516,5525,5534,5544,5553,5563,5573,5583,5593,5603,5614,5624,5634,5644,5655,5665,5675,5685,5695,5705,5715,5725,5734,5744,5753,5762,5771,5780,5789,5797,5806,5814,5822,5829,5836,5844,5850,5857,5863,5870,5875,5881,5887,5892,5897,5901,5906,5910,5914,5918,5921,5924,5928,5931,5933,5936,5938,5941,5943,5945,5946,5948,5949,5951,5952,5953,5954,5955,5956,5957,5958,5959,5959,5960,5960,5961,5961,5961,5962,5962,5962,5962,5963,5963,5963,5963,5963,5963,5963,5964,5964,5964,5964,5964,5964,5964,5964,5964,5964,5964,5964,5964,5964,5964,5964,5964,5964,5964,5964,5964,5964,5964,5964,5964,5964,5964,5964,5964,5964,5964,5964,5964,5964,5964,5964,5964,5964,5964,5964,5964,5964,5964,5964,5964,5964,5964,5964,5964,5964,5964,5964,5964,5964,5964,5964,5964,5964,5964,5964,5964,5964,5964,5964,5964,5964,5964,5964,5964,5964,5964,5964,5964,5964,5964,5964,5964,5964,5964,5964,5964,5964,5964,5964,5964,5964,5964,5964,5964,5964,5964,5964,5964,5964,5964,5964,5964,5964,5964,5964,5964,5964,5964
1,"Illinois",24114,24139,24164,24190,24216,24242,24268,24295,24321,24347,24373,24398,24424,24449,24474,24499,24523,24547,24571,24595,24618,24641,24663,24685,24707,24728,24749,24769,24789,24808,24827,24845,24862,24879,24896,24911,24927,24941,24955,24969,24982,24994,25006,25017,25028,25038,25048,25057,25066,25074,25082,25089,25096,25102,25108,25114,25119,25124,25129,25133,25137,25141,25144,25147,25150,25152,25155,25157,25159,25161,25163,25164,25165,25167,25168,25169,25170,25171,25171,25172,25172,25173,25173,25174,25174,25175,25175,25175,25175,25176,25176,25176,25176,25176,25176,25176,25176,25176,25176,25177,25177,25177,25177,25177,25177,25177,25177,25177,25177,25177,25177,25177,25177,25177,25177,25177,25177,25177,25177,25177,25177,25177,25177,25177,25177,25177,25177,25177,25177,25177,25177,25177,25177,25177,25177,25177,25177,25177,25177,25177,25177,25177,25177,25177,25177,25177,25177,25177,25177,25177,25177,25177,25177,25177,25177,25177,25177,25177,25177,25177,25177,25177,25177,25177,25177,25177,25177,25177,25177,25177,25177,25177,25177,25177,25177,25177,25177,25177,25177,25177,25177,25177,25177,25177,25177,25177,25177,25177,25177,25177,25177,25177,25177,25177,25177,25177,25177,25177,25177,25177,25177,25177
2,"California",61445,61516,61587,61659,61731,61803,61876,61949,62023,62096,62168,62239,62308,62376,62441,62504,62566,62626,62684,62741,62796,62849,62901,62951,62999,63046,63091,63134,63176,63216,63255,63292,63327,63361,63394,63425,63454,63482,63509,63534,63558,63581,63602,63622,63641,63659,63676,63692,63706,63720,63733,63745,63756,63767,63776,63785,63794,63801,63808,63815,63821,63826,63831,63836,63840,63843,63847,63850,63853,63855,63858,63860,63861,63863,63865,63866,63867,63868,63869,63870,63871,63871,63872,63872,63873,63873,63874,63874,63874,63874,63875,63875,63875,63875,63875,63875,63875,63875,63875,63875,63875,63875,63875,63876,63876,63876,63876,63876,63876,63876,63876,63876,63876,63876,63876,63876,63876,63876,63876,63876,63876,63876,63876,63876,63876,63876,63876,63876,63876,63876,63876,63876,63876,63876,63876,63876,63876,63876,63876,63876,63876,63876,63876,63876,63876,63876,63876,63876,63876,63876,63876,63876,63876,63876,63876,63876,63876,63876,63876,63876,63876,63876,63876,63876,63876,63876,63876,63876,63876,63876,63876,63876,63876,63876,63876,63876,63876,63876,63876,63876,63876,63876,63876,63876,63876,63876,63876,63876,63876,63876,63876,63876,63876,63876,63876,63876,63876,63876,63876,63876,63876,63876
3,"Arizona",17260,17275,17290,17304,17319,17333,17348,17363,17377,17392,17407,17421,17436,17451,17466,17482,17497,17513,17528,17544,17560,17576,17593,17609,17625,17642,17659,17675,17692,17709,17726,17743,17760,17778,17795,17812,17830,17847,17864,17882,17899,17917,17934,17951,17969,17986,18003,18020,18037,18054,18070,18087,18103,18120,18136,18152,18168,18183,18198,18214,18228,18243,18258,18272,18286,18299,18312,18325,18338,18351,18363,18375,18386,18397,18408,18419,18429,18439,18449,18458,18467,18475,18484,18492,18500,18507,18514,18521,18527,18534,18540,18545,18551,18556,18561,18565,18570,18574,18578,18582,18585,18589,18592,18595,18597,18600,18602,18605,18607,18609,18611,18612,18614,18615,18617,18618,18619,18620,18621,18622,18623,18624,18625,18625,18626,18626,18627,18627,18628,18628,18628,18629,18629,18629,18629,18630,18630,18630,18630,18630,18630,18630,18631,18631,18631,18631,18631,18631,18631,18631,18631,18631,18631,18631,18631,18631,18631,18631,18631,18631,18631,18631,18631,18631,18631,18631,18631,18631,18631,18631,18631,18631,18631,18631,18631,18631,18631,18631,18631,18631,18631,18631,18631,18631,18631,18631,18631,18631,18631,18631,18631,18631,18631,18631,18631,18631,18631,18631,18631,18631,18631,18631
4,"Massachusetts",17544,17556,17568,17580,17592,17603,17614,17625,17636,17646,17656,17666,17675,17685,17694,17703,17712,17720,17729,17737,17745,17753,17761,17768,17776,17783,17790,17796,17803,17809,17815,17822,17827,17833,17839,17844,17849,17854,17859,17864,17869,17873,17877,17882,17886,17889,17893,17897,17900,17903,17907,17910,17913,17916,17918,17921,17923,17926,17928,17930,17932,17934,17936,17938,17939,17941,17942,17944,17945,17947,17948,17949,17950,17951,17952,17953,17954,17954,17955,17956,17957,17957,17958,17958,17959,17959,17960,17960,17960,17961,17961,17961,17961,17962,17962,17962,17962,17963,17963,17963,17963,17963,17963,17963,17963,17963,17964,17964,17964,17964,17964,17964,17964,17964,17964,17964,17964,17964,17964,17964,17964,17964,17964,17964,17964,17964,17964,17964,17964,17964,17964,17964,17964,17964,17964,17964,17964,17964,17964,17964,17964,17964,17964,17964,17964,17964,17964,17964,17964,17964,17964,17964,17964,17964,17964,17964,17964,17964,17964,17964,17964,17964,17964,17964,17964,17964,17964,17964,17964,17964,17964,17964,17964,17964,17964,17964,17964,17964,17964,17964,17964,17964,17964,17964,17964,17964,17964,17964,17964,17964,17964,17964,17964,17964,17964,17964,17964,17964,17964,17964,17964,17964
5,"Wisconsin",7474,7482,7491,7500,7509,7518,7527,7536,7544,7553,7562,7571,7579,7588,7596,7604,7612,7620,7628,7636,7644,7651,7658,7665,7672,7679,7686,7692,7698,7704,7710,7716,7721,7726,7731,7736,7740,7745,7749,7753,7757,7760,7764,7767,7770,7773,7776,7778,7781,7783,7785,7787,7789,7791,7792,7794,7795,7796,7798,7799,7800,7801,7802,7802,7803,7804,7804,7805,7805,7806,7806,7806,7807,7807,7807,7808,7808,7808,7808,7808,7808,7809,7809,7809,7809,7809,7809,7809,7809,7809,7809,7809,7809,7809,7809,7809,7809,7809,7809,7809,7809,7809,7809,7809,7809,7809,7809,7809,7809,7809,7809,7809,7809,7809,7809,7809,7809,7809,7809,7809,7809,7809,7809,7809,7809,7809,7809,7809,7809,7809,7809,7809,7809,7809,7809,7809,7809,7809,7809,7809,7809,7809,7809,7809,7809,7809,7809,7809,7809,7809,7809,7809,7809,7809,7809,7809,7809,7809,7809,7809,7809,7809,7809,7809,7809,7809,7809,7809,7809,7809,7809,7809,7809,7809,7809,7809,7809,7809,7809,7809,7809,7809,7809,7809,7809,7809,7809,7809,7809,7809,7809,7809,7809,7809,7809,7809,7809,7809,7809,7809,7809,7809
6,"Texas",49921,49974,50028,50082,50136,50191,50246,50301,50356,50411,50466,50522,50577,50631,50685,50739,50792,50844,50895,50945,50995,51044,51093,51140,51186,51232,51276,51320,51363,51404,51444,51484,51522,51559,51594,51629,51662,51695,51726,51755,51784,51812,51838,51863,51887,51910,51932,51953,51972,51991,52009,52025,52041,52056,52070,52083,52095,52107,52117,52127,52137,52145,52153,52161,52168,52174,52180,52186,52191,52195,52199,52203,52207,52210,52213,52215,52218,52220,52222,52224,52225,52227,52228,52229,52230,52231,52232,52233,52233,52234,52234,52235,52235,52235,52236,52236,52236,52236,52237,52237,52237,52237,52237,52237,52237,52237,52237,52237,52237,52237,52237,52237,52237,52237,52237,52237,52237,52237,52237,52237,52238,52238,52238,52238,52238,52238,52238,52238,52238,52238,52238,52238,52238,52238,52238,52238,52238,52238,52238,52238,52238,52238,52238,52238,52238,52238,52238,52238,52238,52238,52238,52238,52238,52238,52238,52238,52238,52238,52238,52238,52238,52238,52238,52238,52238,52238,52238,52238,52238,52238,52238,52238,52238,52238,52238,52238,52238,52238,52238,52238,52238,52238,52238,52238,52238,52238,52238,52238,52238,52238,52238,52238,52238,52238,52238,52238,52238,52238,52238,52238,52238,52238
7,"Nebraska",2242,2246,2250,2254,2258,2262,2266,2270,2274,2278,2282,2286,2290,2295,2299,2303,2307,2311,2315,2320,2324,2328,2332,2336,2341,2345,2349,2353,2357,2361,2365,2369,2373,2377,2380,2384,2388,2391,2394,2398,2401,2404,2407,2410,2413,2416,2418,2421,2423,2426,2428,2430,2432,2434,2436,2438,2439,2441,2442,2444,2445,2446,2448,2449,2450,2451,2452,2452,2453,2454,2455,2455,2456,2456,2457,2457,2457,2458,2458,2458,2459,2459,2459,2459,2460,2460,2460,2460,2460,2460,2460,2460,2460,2461,2461,2461,2461,2461,2461,2461,2461,2461,2461,2461,2461,2461,2461,2461,2461,2461,2461,2461,2461,2461,2461,2461,2461,2461,2461,2461,2461,2461,2461,2461,2461,2461,2461,2461,2461,2461,2461,2461,2461,2461,2461,2461,2461,2461,2461,2461,2461,2461,2461,2461,2461,2461,2461,2461,2461,2461,2461,2461,2461,2461,2461,2461,2461,2461,2461,2461,2461,2461,2461,2461,2461,2461,2461,2461,2461,2461,2461,2461,2461,2461,2461,2461,2461,2461,2461,2461,2461,2461,2461,2461,2461,2461,2461,2461,2461,2461,2461,2461,2461,2461,2461,2461,2461,2461,2461,2461,2461,2461
8,"Utah",2180,2182,2184,2186,2188,2190,2192,2194,2196,2197,2199,2201,2203,2205,2207,2209,2211,2213,2215,2217,2219,2221,2222,2224,2226,2228,2230,2232,2234,2236,2238,2239,2241,2243,2245,2247,2248,2250,2252,2254,2255,2257,2259,2260,2262,2263,2265,2266,2268,2269,2271,2272,2274,2275,2277,2278,2279,2280,2282,2283,2284,2285,2286,2287,2289,2290,2291,2292,2293,2293,2294,2295,2296,2297,2298,2298,2299,2300,2301,2301,2302,2303,2303,2304,2304,2305,2305,2306,2306,2307,2307,2307,2308,2308,2308,2309,2309,2309,2310,2310,2310,2310,2311,2311,2311,2311,2311,2311,2312,2312,2312,2312,2312,2312,2312,2312,2312,2313,2313,2313,2313,2313,2313,2313,2313,2313,2313,2313,2313,2313,2313,2313,2313,2313,2313,2313,2313,2313,2313,2313,2313,2313,2313,2313,2313,2313,2313,2313,2313,2313,2313,2313,2313,2313,2313,2313,2313,2313,2313,2313,2313,2313,2313,2313,2313,2313,2313,2313,2313,2313,2313,2313,2313,2313,2313,2313,2313,2313,2313,2313,2313,2313,2313,2313,2313,2313,2313,2313,2313,2313,2313,2313,2313,2313,2313,2313,2313,2313,2313,2313,2313,2313
9,"Oregon",2484,2488,2492,2496,2500,2504,2508,2513,2518,2522,2527,2533,2538,2543,2549,2555,2561,2567,2573,2579,2585,2591,2598,2604,2611,2617,2624,2631,2637,2644,2651,2657,2664,2671,2677,2684,2691,2697,2703,2710,2716,2722,2728,2734,2740,2745,2751,2756,2761,2766,2771,2776,2780,2785,2789,2793,2797,2801,2804,2808,2811,2814,2817,2820,2823,2825,2828,2830,2832,2834,2836,2837,2839,2840,2842,2843,2844,2845,2846,2847,2848,2849,2850,2850,2851,2851,2852,2852,2853,2853,2853,2854,2854,2854,2854,2855,2855,2855,2855,2855,2855,2855,2856,2856,2856,2856,2856,2856,2856,2856,2856,2856,2856,2856,2856,2856,2856,2856,2856,2856,2856,2856,2856,2856,2856,2856,2856,2856,2856,2856,2856,2856,2856,2856,2856,2856,2856,2856,2856,2856,2856,2856,2856,2856,2856,2856,2856,2856,2856,2856,2856,2856,2856,2856,2856,2856,2856,2856,2856,2856,2856,2856,2856,2856,2856,2856,2856,2856,2856,2856,2856,2856,2856,2856,2856,2856,2856,2856,2856,2856,2856,2856,2856,2856,2856,2856,2856,2856,2856,2856,2856,2856,2856,2856,2856,2856,2856,2856,2856,2856,2856,2856
10,"Florida",34812,34876,34940,35005,35071,35138,35205,35273,35341,35410,35478,35546,35614,35682,35751,35819,35887,35956,36024,36091,36158,36224,36289,36353,36417,36480,36542,36603,36663,36721,36778,36834,36889,36942,36994,37044,37093,37140,37185,37229,37272,37313,37352,37389,37425,37460,37492,37524,37553,37582,37608,37634,37658,37680,37702,37722,37740,37758,37774,37790,37804,37817,37830,37841,37852,37862,37871,37879,37887,37894,37900,37906,37912,37917,37921,37925,37929,37932,37935,37938,37940,37942,37944,37946,37947,37949,37950,37951,37952,37953,37954,37954,37955,37955,37956,37956,37957,37957,37957,37957,37957,37958,37958,37958,37958,37958,37958,37958,37958,37958,37958,37958,37958,37958,37958,37958,37958,37958,37958,37959,37959,37959,37959,37959,37959,37959,37959,37959,37959,37959,37959,37959,37959,37959,37959,37959,37959,37959,37959,37959,37959,37959,37959,37959,37959,37959,37959,37959,37959,37959,37959,37959,37959,37959,37959,37959,37959,37959,37959,37959,37959,37959,37959,37959,37959,37959,37959,37959,37959,37959,37959,37959,37959,37959,37959,37959,37959,37959,37959,37959,37959,37959,37959,37959,37959,37959,37959,37959,37959,37959,37959,37959,37959,37959,37959,37959,37959,37959,37959,37959,37959,37959
11,"New York",51951,52010,52068,52125,52181,52236,52290,52343,52394,52445,52494,52542,52588,52633,52678,52721,52763,52805,52846,52887,52926,52964,53000,53036,53071,53105,53138,53170,53201,53231,53261,53289,53317,53344,53370,53395,53419,53443,53465,53487,53508,53529,53548,53567,53585,53603,53620,53636,53651,53666,53680,53694,53707,53719,53731,53742,53753,53764,53773,53783,53792,53800,53808,53816,53823,53830,53836,53842,53848,53853,53859,53863,53868,53872,53876,53880,53884,53887,53890,53893,53896,53898,53901,53903,53905,53907,53909,53910,53912,53913,53915,53916,53917,53918,53919,53920,53921,53921,53922,53923,53923,53924,53924,53925,53925,53925,53926,53926,53926,53927,53927,53927,53927,53927,53927,53928,53928,53928,53928,53928,53928,53928,53928,53928,53928,53928,53928,53928,53928,53928,53929,53929,53929,53929,53929,53929,53929,53929,53929,53929,53929,53929,53929,53929,53929,53929,53929,53929,53929,53929,53929,53929,53929,53929,53929,53929,53929,53929,53929,53929,53929,53929,53929,53929,53929,53929,53929,53929,53929,53929,53929,53929,53929,53929,53929,53929,53929,53929,53929,53929,53929,53929,53929,53929,53929,53929,53929,53929,53929,53929,53929,53929,53929,53929,53929,53929,53929,53929,53929,53929,53929,53929
12,"Rhode Island",2660,2662,2663,2665,2666,2668,2669,2671,2672,2674,2675,2677,2678,2679,2681,2682,2684,2685,2686,2688,2689,2690,2691,2693,2694,2695,2696,2697,2699,2700,2701,2702,2703,2704,2705,2706,2707,2708,2709,2710,2711,2712,2713,2713,2714,2715,2716,2717,2717,2718,2719,2719,2720,2721,2721,2722,2722,2723,2724,2724,2725,2725,2726,2726,2726,2727,2727,2728,2728,2728,2729,2729,2729,2730,2730,2730,2730,2731,2731,2731,2731,2732,2732,2732,2732,2732,2732,2733,2733,2733,2733,2733,2733,2733,2733,2733,2733,2734,2734,2734,2734,2734,2734,2734,2734,2734,2734,2734,2734,2734,2734,2734,2734,2734,2734,2734,2734,2734,2734,2734,2734,2734,2734,2734,2734,2734,2734,2734,2734,2734,2734,2734,2734,2734,2734,2734,2734,2734,2734,2734,2734,2734,2734,2734,2734,2734,2734,2734,2734,2734,2734,2734,2734,2734,2734,2734,2734,2734,2734,2734,2734,2734,2734,2734,2734,2734,2734,2734,2734,2734,2734,2734,2734,2734,2734,2734,2734,2734,2734,2734,2734,2734,2734,2734,2734,2734,2734,2734,2734,2734,2734,2734,2734,2734,2734,2734,2734,2734,2734,2734,2734,2734
13,"Georgia",19973,20008,20043,20078,20114,20150,20186,20222,20259,20296,20333,20371,20408,20446,20485,20523,20561,20599,20636,20674,20711,20747,20784,20820,20856,20891,20926,20961,20994,21028,21060,21092,21124,21155,21185,21214,21243,21270,21297,21324,21349,21374,21397,21420,21442,21464,21484,21504,21522,21540,21558,21574,21590,21604,21619,21632,21645,21657,21668,21679,21689,21698,21707,21715,21723,21730,21737,21743,21749,21754,21759,21764,21768,21772,21776,21779,21782,21785,21787,21789,21792,21793,21795,21797,21798,21799,21801,21802,21803,21803,21804,21805,21805,21806,21806,21807,21807,21807,21808,21808,21808,21808,21809,21809,21809,21809,21809,21809,21809,21809,21809,21809,21809,21809,21809,21809,21809,21810,21810,21810,21810,21810,21810,21810,21810,21810,21810,21810,21810,21810,21810,21810,21810,21810,21810,21810,21810,21810,21810,21810,21810,21810,21810,21810,21810,21810,21810,21810,21810,21810,21810,21810,21810,21810,21810,21810,21810,21810,21810,21810,21810,21810,21810,21810,21810,21810,21810,21810,21810,21810,21810,21810,21810,21810,21810,21810,21810,21810,21810,21810,21810,21810,21810,21810,21810,21810,21810,21810,21810,21810,21810,21810,21810,21810,21810,21810,21810,21810,21810,21810,21810,21810
14,"New Hampshire",1282,1284,1286,1288,1290,1292,1294,1296,1298,1300,1302,1304,1306,1308,1310,1312,1313,1315,1317,1318,1320,1322,1323,1325,1326,1327,1329,1330,1331,1333,1334,1335,1336,1337,1338,1339,1340,1341,1342,1343,1344,1345,1345,1346,1347,1347,1348,1348,1349,1349,1350,1350,1351,1351,1351,1352,1352,1352,1353,1353,1353,1353,1354,1354,1354,1354,1354,1354,1354,1354,1355,1355,1355,1355,1355,1355,1355,1355,1355,1355,1355,1355,1355,1355,1355,1355,1355,1355,1355,1355,1355,1355,1355,1355,1355,1355,1355,1355,1355,1355,1355,1355,1355,1355,1355,1355,1355,1355,1355,1355,1355,1355,1355,1355,1355,1355,1355,1355,1355,1355,1355,1355,1355,1355,1355,1355,1355,1355,1355,1355,1355,1355,1355,1355,1355,1355,1355,1355,1355,1355,1355,1355,1355,1355,1355,1355,1355,1355,1355,1355,1355,1355,1355,1355,1355,1355,1355,1355,1355,1355,1355,1355,1355,1355,1355,1355,1355,1355,1355,1355,1355,1355,1355,1355,1355,1355,1355,1355,1355,1355,1355,1355,1355,1355,1355,1355,1355,1355,1355,1355,1355,1355,1355,1355,1355,1355,1355,1355,1355,1355,1355,1355
15,"North Carolina",12523,12541,12560,12580,12599,12619,12640,12660,12681,12702,12723,12744,12765,12786,12807,12827,12847,12866,12885,12903,12921,12938,12955,12972,12988,13003,13019,13033,13047,13061,13075,13087,13100,13112,13123,13134,13145,13155,13165,13174,13183,13191,13200,13207,13215,13221,13228,13234,13240,13246,13251,13256,13260,13265,13269,13272,13276,13279,13282,13285,13288,13290,13293,13295,13297,13298,13300,13302,13303,13304,13305,13306,13307,13308,13309,13310,13310,13311,13311,13312,13312,13313,13313,13313,13314,13314,13314,13314,13314,13315,13315,13315,13315,13315,13315,13315,13315,13315,13315,13315,13315,13315,13315,13315,13315,13316,13316,13316,13316,13316,13316,13316,13316,13316,13316,13316,13316,13316,13316,13316,13316,13316,13316,13316,13316,13316,13316,13316,13316,13316,13316,13316,13316,13316,13316,13316,13316,13316,13316,13316,13316,13316,13316,13316,13316,13316,13316,13316,13316,13316,13316,13316,13316,13316,13316,13316,13316,13316,13316,13316,13316,13316,13316,13316,13316,13316,13316,13316,13316,13316,13316,13316,13316,13316,13316,13316,13316,13316,13316,13316,13316,13316,13316,13316,13316,13316,13316,13316,13316,13316,13316,13316,13316,13316,13316,13316,13316,13316,13316,13316,13316,13316
16,"New Jersey",25367,25401,25435,25469,25502,25534,25566,25598,25629,25660,25690,25720,25749,25778,25807,25835,25863,25891,25918,25945,25971,25997,26023,26048,26072,26097,26120,26144,26167,26190,26212,26234,26255,26276,26297,26317,26336,26355,26374,26393,26410,26428,26445,26462,26478,26493,26509,26524,26538,26552,26566,26579,26592,26604,26616,26628,26639,26650,26660,26670,26680,26689,26698,26707,26715,26723,26731,26738,26745,26752,26758,26764,26770,26775,26781,26786,26791,26795,26799,26803,26807,26811,26814,26818,26821,26824,26827,26829,26832,26834,26836,26838,26840,26842,26843,26845,26846,26848,26849,26850,26851,26852,26853,26854,26855,26855,26856,26857,26857,26858,26858,26859,26859,26859,26860,26860,26860,26861,26861,26861,26861,26861,26862,26862,26862,26862,26862,26862,26862,26862,26862,26862,26862,26863,26863,26863,26863,26863,26863,26863,26863,26863,26863,26863,26863,26863,26863,26863,26863,26863,26863,26863,26863,26863,26863,26863,26863,26863,26863,26863,26863,26863,26863,26863,26863,26863,26863,26863,26863,26863,26863,26863,26863,26863,26863,26863,26863,26863,26863,26863,26863,26863,26863,26863,26863,26863,26863,26863,26863,26863,26863,26863,26863,26863,26863,26863,26863,26863,26863,26863,26863,26863
17,"Colorado",6249,6258,6267,6276,6285,6295,6304,6313,6323,6333,6342,6352,6362,6372,6382,6392,6402,6413,6423,6433,6443,6453,6463,6473,6482,6492,6501,6511,6520,6529,6538,6546,6555,6563,6571,6579,6587,6594,6601,6608,6615,6621,6627,6633,6639,6644,6650,6655,6659,6664,6668,6672,6676,6680,6683,6686,6689,6692,6695,6697,6699,6702,6704,6705,6707,6709,6710,6711,6713,6714,6715,6716,6717,6717,6718,6719,6719,6720,6720,6721,6721,6722,6722,6722,6722,6723,6723,6723,6723,6723,6723,6723,6724,6724,6724,6724,6724,6724,6724,6724,6724,6724,6724,6724,6724,6724,6724,6724,6724,6724,6724,6724,6724,6724,6724,6724,6724,6724,6724,6724,6724,6724,6724,6724,6724,6724,6724,6724,6724,6724,6724,6724,6724,6724,6724,6724,6724,6724,6724,6724,6724,6724,6724,6724,6724,6724,6724,6724,6724,6724,6724,6724,6724,6724,6724,6724,6724,6724,6724,6724,6724,6724,6724,6724,6724,6724,6724,6724,6724,6724,6724,6724,6724,6724,6724,6724,6724,6724,6724,6724,6724,6724,6724,6724,6724,6724,6724,6724,6724,6724,6724,6724,6724,6724,6724,6724,6724,6724,6724,6724,6724,6724
18,"Maryland",8648,8663,8679,8694,8710,8725,8741,8756,8771,8786,8801,8816,8830,8844,8859,8873,8886,8900,8913,8926,8939,8952,8964,8976,8988,8999,9010,9021,9032,9042,9052,9061,9070,9079,9088,9096,9104,9112,9119,9126,9133,9140,9146,9152,9157,9163,9168,9173,9177,9181,9185,9189,9193,9196,9200,9203,9205,9208,9211,9213,9215,9217,9219,9221,9222,9224,9225,9226,9228,9229,9230,9231,9231,9232,9233,9234,9234,9235,9235,9236,9236,9236,9237,9237,9237,9238,9238,9238,9238,9238,9238,9239,9239,9239,9239,9239,9239,9239,9239,9239,9239,9239,9239,9239,9239,9239,9239,9239,9239,9239,9239,9239,9239,9239,9239,9239,9239,9239,9239,9239,9239,9239,9239,9239,9239,9239,9239,9239,9239,9239,9239,9239,9239,9239,9239,9239,9239,9239,9239,9239,9239,9239,9239,9239,9239,9239,9239,9239,9239,9239,9239,9239,9239,9239,9239,9239,9239,9239,9239,9239,9239,9239,9239,9239,9239,9239,9239,9239,9239,9239,9239,9239,9239,9239,9239,9239,9239,9239,9239,9239,9239,9239,9239,9239,9239,9239,9239,9239,9239,9239,9239,9239,9239,9239,9239,9239,9239,9239,9239,9239,9239,9239
19,"Nevada",5422,5429,5437,5445,5452,5460,5468,5476,5484,5492,5500,5508,5516,5524,5532,5539,5547,5554,5561,5568,5574,5581,5587,5593,5599,5605,5610,5616,5621,5626,5630,5635,5639,5643,5647,5651,5655,5658,5661,5665,5668,5670,5673,5675,5678,5680,5682,5684,5686,5688,5689,5691,5692,5693,5694,5696,5697,5698,5698,5699,5700,5701,5701,5702,5702,5703,5703,5704,5704,5704,5705,5705,5705,5705,5706,5706,5706,5706,5706,5706,5706,5706,5706,5707,5707,5707,5707,5707,5707,5707,5707,5707,5707,5707,5707,5707,5707,5707,5707,5707,5707,5707,5707,5707,5707,5707,5707,5707,5707,5707,5707,5707,5707,5707,5707,5707,5707,5707,5707,5707,5707,5707,5707,5707,5707,5707,5707,5707,5707,5707,5707,5707,5707,5707,5707,5707,5707,5707,5707,5707,5707,5707,5707,5707,5707,5707,5707,5707,5707,5707,5707,5707,5707,5707,5707,5707,5707,5707,5707,5707,5707,5707,5707,5707,5707,5707,5707,5707,5707,5707,5707,5707,5707,5707,5707,5707,5707,5707,5707,5707,5707,5707,5707,5707,5707,5707,5707,5707,5707,5707,5707,5707,5707,5707,5707,5707,5707,5707,5707,5707,5707,5707
20,"Tennessee",12142,12153,12164,12175,12186,12198,12209,12220,12231,12241,12252,12263,12273,12283,12294,12304,12313,12322,12331,12340,12348,12356,12363,12371,12378,12384,12391,12397,12403,12408,12413,12419,12423,12428,12432,12436,12440,12444,12447,12450,12453,12456,12459,12461,12463,12465,12467,12469,12471,12473,12474,12475,12477,12478,12479,12480,12481,12482,12482,12483,12484,12484,12485,12485,12486,12486,12487,12487,12487,12487,12488,12488,12488,12488,12488,12488,12489,12489,12489,12489,12489,12489,12489,12489,12489,12489,12489,12489,12489,12489,12489,12489,12489,12489,12489,12489,12489,12489,12489,12489,12489,12489,12489,12489,12489,12489,12489,12489,12489,12489,12489,12489,12489,12489,12489,12489,12489,12489,12489,12489,12489,12489,12489,12489,12489,12489,12489,12489,12489,12489,12489,12489,12489,12489,12489,12489,12489,12489,12489,12489,12489,12489,12489,12489,12489,12489,12489,12489,12489,12489,12489,12489,12489,12489,12489,12489,12489,12489,12489,12489,12489,12489,12489,12489,12489,12489,12489,12489,12489,12489,12489,12489,12489,12489,12489,12489,12489,12489,12489,12489,12489,12489,12489,12489,12489,12489,12489,12489,12489,12489,12489,12489,12489,12489,12489,12489,12489,12489,12489,12489,12489,12489
21,"Hawaii",478,479,479,480,480,480,481,481,482,482,483,483,484,484,485,485,485,486,486,487,487,487,488,488,489,489,489,490,490,490,491,491,491,492,492,492,493,493,493,494,494,494,495,495,495,495,496,496,496,496,497,497,497,497,497,498,498,498,498,498,498,499,499,499,499,499,499,499,500,500,500,500,500,500,500,500,500,501,501,501,501,501,501,501,501,501,501,501,501,501,501,501,501,501,501,501,501,501,502,502,502,502,502,502,502,502,502,502,502,502,502,502,502,502,502,502,502,502,502,502,502,502,502,502,502,502,502,502,502,502,502,502,502,502,502,502,502,502,502,502,502,502,502,502,502,502,502,502,502,502,502,502,502,502,502,502,502,502,502,502,502,502,502,502,502,502,502,502,502,502,502,502,502,502,502,502,502,502,502,502,502,502,502,502,502,502,502,502,502,502,502,502,502,502,502,502,502,502,502,502,502,502
22,"Indiana",13271,13279,13288,13296,13305,13314,13322,13331,13340,13348,13357,13366,13374,13383,13391,13399,13408,13416,13424,13432,13439,13447,13455,13462,13469,13477,13484,13491,13497,13504,13510,13517,13523,13529,13534,13540,13546,13551,13556,13561,13566,13570,13575,13579,13583,13587,13591,13594,13598,13601,13604,13607,13610,13612,13615,13617,13619,13622,13624,13625,13627,13629,13630,13632,13633,13634,13635,13636,13637,13638,13639,13640,13641,13641,13642,13643,13643,13643,13644,13644,13645,13645,13645,13645,13646,13646,13646,13646,13646,13647,13647,13647,13647,13647,13647,13647,13647,13647,13647,13647,13647,13647,13647,13647,13647,13647,13647,13647,13647,13647,13647,13647,13647,13647,13647,13647,13647,13647,13647,13647,13647,13647,13647,13647,13647,13647,13647,13647,13647,13647,13647,13647,13647,13647,13647,13647,13647,13647,13647,13647,13647,13647,13647,13647,13647,13647,13647,13647,13647,13647,13647,13647,13647,13647,13647,13647,13647,13647,13647,13647,13647,13647,13647,13647,13647,13647,13647,13647,13647,13647,13647,13647,13647,13647,13647,13647,13647,13647,13647,13647,13647,13647,13647,13647,13647,13647,13647,13647,13647,13647,13647,13647,13647,13647,13647,13647,13647,13647,13647,13647,13647,13647
23,"Kentucky",6436,6451,6466,6481,6495,6510,6525,6540,6555,6570,6585,6600,6615,6630,6645,6660,6675,6689,6704,6718,6732,6746,6759,6772,6785,6798,6810,6822,6834,6846,6857,6868,6878,6888,6898,6908,6917,6925,6934,6942,6950,6957,6964,6971,6978,6984,6990,6995,7000,7005,7010,7015,7019,7023,7026,7030,7033,7036,7039,7041,7044,7046,7048,7050,7052,7053,7055,7056,7057,7059,7060,7061,7062,7062,7063,7064,7064,7065,7065,7066,7066,7066,7067,7067,7067,7067,7068,7068,7068,7068,7068,7068,7068,7069,7069,7069,7069,7069,7069,7069,7069,7069,7069,7069,7069,7069,7069,7069,7069,7069,7069,7069,7069,7069,7069,7069,7069,7069,7069,7069,7069,7069,7069,7069,7069,7069,7069,7069,7069,7069,7069,7069,7069,7069,7069,7069,7069,7069,7069,7069,7069,7069,7069,7069,7069,7069,7069,7069,7069,7069,7069,7069,7069,7069,7069,7069,7069,7069,7069,7069,7069,7069,7069,7069,7069,7069,7069,7069,7069,7069,7069,7069,7069,7069,7069,7069,7069,7069,7069,7069,7069,7069,7069,7069,7069,7069,7069,7069,7069,7069,7069,7069,7069,7069,7069,7069,7069,7069,7069,7069,7069,7069
24,"Minnesota",7150,7160,7169,7179,7189,7199,7209,7219,7229,7239,7249,7259,7269,7278,7288,7297,7306,7316,7325,7334,7343,7352,7361,7370,7378,7387,7395,7403,7411,7419,7427,7435,7442,7449,7456,7463,7470,7476,7482,7489,7495,7500,7506,7511,7516,7521,7526,7531,7535,7540,7544,7548,7552,7555,7559,7562,7565,7568,7571,7573,7576,7578,7581,7583,7585,7587,7589,7590,7592,7594,7595,7596,7597,7599,7600,7601,7602,7603,7603,7604,7605,7605,7606,7607,7607,7607,7608,7608,7609,7609,7609,7610,7610,7610,7610,7610,7611,7611,7611,7611,7611,7611,7611,7611,7611,7611,7611,7612,7612,7612,7612,7612,7612,7612,7612,7612,7612,7612,7612,7612,7612,7612,7612,7612,7612,7612,7612,7612,7612,7612,7612,7612,7612,7612,7612,7612,7612,7612,7612,7612,7612,7612,7612,7612,7612,7612,7612,7612,7612,7612,7612,7612,7612,7612,7612,7612,7612,7612,7612,7612,7612,7612,7612,7612,7612,7612,7612,7612,7612,7612,7612,7612,7612,7612,7612,7612,7612,7612,7612,7612,7612,7612,7612,7612,7612,7612,7612,7612,7612,7612,7612,7612,7612,7612,7612,7612,7612,7612,7612,7612,7612,7612
25,"Oklahoma",6716,6718,6720,6722,6724,6726,6729,6731,6733,6734,6736,6738,6740,6742,6744,6745,6747,6749,6750,6752,6753,6754,6756,6757,6758,6759,6760,6761,6762,6763,6764,6765,6766,6767,6767,6768,6769,6769,6770,6770,6771,6771,6772,6772,6773,6773,6773,6774,6774,6774,6774,6775,6775,6775,6775,6775,6775,6776,6776,6776,6776,6776,6776,6776,6776,6776,6776,6776,6777,6777,6777,6777,6777,6777,6777,6777,6777,6777,6777,6777,6777,6777,6777,6777,6777,6777,6777,6777,6777,6777,6777,6777,6777,6777,6777,6777,6777,6777,6777,6777,6777,6777,6777,6777,6777,6777,6777,6777,6777,6777,6777,6777,6777,6777,6777,6777,6777,6777,6777,6777,6777,6777,6777,6777,6777,6777,6777,6777,6777,6777,6777,6777,6777,6777,6777,6777,6777,6777,6777,6777,6777,6777,6777,6777,6777,6777,6777,6777,6777,6777,6777,6777,6777,6777,6777,6777,6777,6777,6777,6777,6777,6777,6777,6777,6777,6777,6777,6777,6777,6777,6777,6777,6777,6777,6777,6777,6777,6777,6777,6777,6777,6777,6777,6777,6777,6777,6777,6777,6777,6777,6777,6777,6777,6777,6777,6777,6777,6777,6777,6777,6777,6777
26,"Pennsylvania",25963,26008,26053,26100,26146,26193,26241,26288,26335,26382,26429,26475,26522,26568,26614,26659,26704,26747,26791,26833,26874,26914,26953,26992,27029,27066,27101,27136,27169,27202,27233,27263,27293,27321,27348,27374,27399,27423,27446,27467,27488,27508,27527,27544,27561,27577,27592,27606,27620,27632,27644,27655,27665,27675,27684,27692,27700,27707,27714,27720,27725,27730,27735,27740,27744,27747,27751,27754,27756,27759,27761,27763,27765,27767,27768,27769,27771,27772,27773,27773,27774,27775,27775,27776,27776,27777,27777,27777,27778,27778,27778,27778,27779,27779,27779,27779,27779,27779,27779,27779,27779,27779,27779,27779,27779,27779,27779,27779,27779,27779,27779,27779,27779,27779,27779,27779,27779,27779,27779,27779,27779,27779,27779,27779,27779,27779,27779,27779,27779,27779,27779,27779,27779,27779,27779,27779,27779,27779,27779,27779,27779,27779,27779,27779,27779,27779,27779,27779,27779,27779,27779,27779,27779,27779,27779,27779,27779,27779,27779,27779,27779,27779,27779,27779,27779,27779,27779,27779,27779,27779,27779,27779,27779,27779,27779,27779,27779,27779,27779,27779,27779,27779,27779,27779,27779,27779,27779,27779,27779,27779,27779,27779,27779,27779,27779,27779,27779,27779,27779,27779,27779,27779
27,"South Carolina",9414,9425,9435,9446,9456,9466,9476,9486,9496,9506,9515,9525,9534,9543,9552,9561,9571,9580,9589,9598,9607,9615,9624,9632,9641,9649,9657,9666,9674,9682,9690,9697,9705,9713,9720,9727,9734,9742,9749,9755,9762,9769,9775,9782,9788,9794,9800,9806,9812,9817,9823,9828,9833,9838,9843,9848,9853,9858,9862,9866,9870,9875,9879,9882,9886,9890,9893,9897,9900,9903,9906,9909,9912,9914,9917,9920,9922,9924,9927,9929,9931,9933,9935,9936,9938,9940,9941,9943,9944,9945,9947,9948,9949,9950,9951,9952,9953,9954,9955,9956,9956,9957,9958,9958,9959,9959,9960,9960,9961,9961,9962,9962,9962,9963,9963,9963,9963,9964,9964,9964,9964,9965,9965,9965,9965,9965,9965,9965,9965,9965,9966,9966,9966,9966,9966,9966,9966,9966,9966,9966,9966,9966,9966,9966,9966,9966,9966,9966,9966,9966,9966,9966,9966,9966,9966,9966,9966,9966,9966,9966,9966,9966,9966,9966,9966,9966,9966,9966,9966,9966,9966,9966,9966,9966,9966,9966,9966,9966,9966,9966,9966,9966,9966,9966,9966,9966,9966,9966,9966,9966,9966,9966,9966,9966,9966,9966,9966,9966,9966,9966,9966,9966
28,"District of Columbia",1099,1100,1101,1102,1103,1104,1105,1105,1106,1107,1108,1109,1110,1111,1112,1112,1113,1114,1115,1116,1116,1117,1118,1118,1119,1120,1120,1121,1122,1122,1123,1123,1124,1124,1125,1125,1125,1126,1126,1127,1127,1127,1127,1128,1128,1128,1128,1129,1129,1129,1129,1129,1129,1130,1130,1130,1130,1130,1130,1130,1130,1130,1130,1130,1131,1131,1131,1131,1131,1131,1131,1131,1131,1131,1131,1131,1131,1131,1131,1131,1131,1131,1131,1131,1131,1131,1131,1131,1131,1131,1131,1131,1131,1131,1131,1131,1131,1131,1131,1131,1131,1131,1131,1131,1131,1131,1131,1131,1131,1131,1131,1131,1131,1131,1131,1131,1131,1131,1131,1131,1131,1131,1131,1131,1131,1131,1131,1131,1131,1131,1131,1131,1131,1131,1131,1131,1131,1131,1131,1131,1131,1131,1131,1131,1131,1131,1131,1131,1131,1131,1131,1131,1131,1131,1131,1131,1131,1131,1131,1131,1131,1131,1131,1131,1131,1131,1131,1131,1131,1131,1131,1131,1131,1131,1131,1131,1131,1131,1131,1131,1131,1131,1131,1131,1131,1131,1131,1131,1131,1131,1131,1131,1131,1131,1131,1131,1131,1131,1131,1131,1131,1131
29,"Kansas",4924,4926,4929,4931,4933,4936,4938,4941,4943,4946,4948,4951,4953,4956,4958,4961,4964,4966,4968,4971,4973,4975,4977,4979,4982,4984,4986,4987,4989,4991,4993,4994,4996,4998,4999,5000,5002,5003,5004,5006,5007,5008,5009,5010,5011,5012,5012,5013,5014,5015,5015,5016,5016,5017,5018,5018,5018,5019,5019,5020,5020,5020,5020,5021,5021,5021,5021,5022,5022,5022,5022,5022,5022,5022,5022,5022,5023,5023,5023,5023,5023,5023,5023,5023,5023,5023,5023,5023,5023,5023,5023,5023,5023,5023,5023,5023,5023,5023,5023,5023,5023,5023,5023,5023,5023,5023,5023,5023,5023,5023,5023,5023,5023,5023,5023,5023,5023,5023,5023,5023,5023,5023,5023,5023,5023,5023,5023,5023,5023,5023,5023,5023,5023,5023,5023,5023,5023,5023,5023,5023,5023,5023,5023,5023,5023,5023,5023,5023,5023,5023,5023,5023,5023,5023,5023,5023,5023,5023,5023,5023,5023,5023,5023,5023,5023,5023,5023,5023,5023,5023,5023,5023,5023,5023,5023,5023,5023,5023,5023,5023,5023,5023,5023,5023,5023,5023,5023,5023,5023,5023,5023,5023,5023,5023,5023,5023,5023,5023,5023,5023,5023,5023
30,"Missouri",9072,9080,9088,9096,9104,9112,9120,9128,9136,9144,9152,9159,9167,9175,9183,9191,9199,9207,9215,9223,9231,9239,9246,9254,9262,9270,9277,9285,9293,9300,9308,9315,9323,9330,9337,9345,9352,9359,9366,9373,9380,9387,9394,9400,9407,9414,9420,9426,9433,9439,9445,9451,9457,9463,9468,9474,9479,9485,9490,9495,9500,9505,9510,9514,9519,9523,9528,9532,9536,9540,9544,9548,9551,9555,9558,9562,9565,9568,9571,9574,9577,9579,9582,9584,9587,9589,9591,9594,9596,9598,9599,9601,9603,9605,9606,9608,9609,9610,9612,9613,9614,9615,9616,9617,9618,9619,9620,9621,9621,9622,9623,9623,9624,9625,9625,9625,9626,9626,9627,9627,9627,9628,9628,9628,9629,9629,9629,9629,9629,9630,9630,9630,9630,9630,9630,9630,9630,9630,9631,9631,9631,9631,9631,9631,9631,9631,9631,9631,9631,9631,9631,9631,9631,9631,9631,9631,9631,9631,9631,9631,9631,9631,9631,9631,9631,9631,9631,9631,9631,9631,9631,9631,9631,9631,9631,9631,9631,9631,9631,9631,9631,9631,9631,9631,9631,9631,9631,9631,9631,9631,9631,9631,9631,9631,9631,9631,9631,9631,9631,9631,9631,9631
31,"Vermont",244,244,245,245,246,246,247,247,247,248,248,248,249,249,249,250,250,250,250,251,251,251,251,251,252,252,252,252,252,253,253,253,253,253,253,253,253,253,254,254,254,254,254,254,254,254,254,254,254,254,254,254,254,254,254,254,255,255,255,255,255,255,255,255,255,255,255,255,255,255,255,255,255,255,255,255,255,255,255,255,255,255,255,255,255,255,255,255,255,255,255,255,255,255,255,255,255,255,255,255,255,255,255,255,255,255,255,255,255,255,255,255,255,255,255,255,255,255,255,255,255,255,255,255,255,255,255,255,255,255,255,255,255,255,255,255,255,255,255,255,255,255,255,255,255,255,255,255,255,255,255,255,255,255,255,255,255,255,255,255,255,255,255,255,255,255,255,255,255,255,255,255,255,255,255,255,255,255,255,255,255,255,255,255,255,255,255,255,255,255,255,255,255,255,255,255,255,255,255,255,255,255
32,"Virginia",10675,10691,10707,10724,10740,10757,10773,10789,10805,10822,10837,10853,10869,10884,10899,10914,10928,10943,10957,10971,10984,10998,11011,11023,11036,11048,11060,11072,11083,11094,11105,11115,11125,11135,11144,11153,11162,11170,11178,11186,11194,11201,11208,11214,11221,11227,11232,11238,11243,11248,11252,11257,11261,11265,11268,11272,11275,11278,11281,11284,11286,11288,11291,11293,11295,11296,11298,11299,11301,11302,11303,11304,11305,11306,11307,11308,11309,11309,11310,11310,11311,11311,11312,11312,11312,11313,11313,11313,11313,11314,11314,11314,11314,11314,11314,11314,11314,11314,11315,11315,11315,11315,11315,11315,11315,11315,11315,11315,11315,11315,11315,11315,11315,11315,11315,11315,11315,11315,11315,11315,11315,11315,11315,11315,11315,11315,11315,11315,11315,11315,11315,11315,11315,11315,11315,11315,11315,11315,11315,11315,11315,11315,11315,11315,11315,11315,11315,11315,11315,11315,11315,11315,11315,11315,11315,11315,11315,11315,11315,11315,11315,11315,11315,11315,11315,11315,11315,11315,11315,11315,11315,11315,11315,11315,11315,11315,11315,11315,11315,11315,11315,11315,11315,11315,11315,11315,11315,11315,11315,11315,11315,11315,11315,11315,11315,11315,11315,11315,11315,11315,11315,11315
33,"Connecticut",8047,8053,8060,8066,8072,8078,8084,8090,8096,8101,8107,8112,8118,8123,8128,8133,8137,8142,8146,8150,8153,8157,8160,8164,8167,8169,8172,8175,8177,8179,8182,8184,8185,8187,8189,8190,8192,8193,8194,8195,8197,8197,8198,8199,8200,8201,8201,8202,8202,8203,8203,8204,8204,8204,8205,8205,8205,8205,8205,8206,8206,8206,8206,8206,8206,8206,8206,8206,8207,8207,8207,8207,8207,8207,8207,8207,8207,8207,8207,8207,8207,8207,8207,8207,8207,8207,8207,8207,8207,8207,8207,8207,8207,8207,8207,8207,8207,8207,8207,8207,8207,8207,8207,8207,8207,8207,8207,8207,8207,8207,8207,8207,8207,8207,8207,8207,8207,8207,8207,8207,8207,8207,8207,8207,8207,8207,8207,8207,8207,8207,8207,8207,8207,8207,8207,8207,8207,8207,8207,8207,8207,8207,8207,8207,8207,8207,8207,8207,8207,8207,8207,8207,8207,8207,8207,8207,8207,8207,8207,8207,8207,8207,8207,8207,8207,8207,8207,8207,8207,8207,8207,8207,8207,8207,8207,8207,8207,8207,8207,8207,8207,8207,8207,8207,8207,8207,8207,8207,8207,8207,8207,8207,8207,8207,8207,8207,8207,8207,8207,8207,8207,8207
34,"Iowa",5927,5932,5938,5943,5948,5953,5958,5963,5968,5973,5978,5983,5987,5992,5997,6002,6006,6011,6016,6020,6025,6029,6034,6038,6042,6047,6051,6055,6059,6063,6067,6071,6075,6079,6083,6087,6091,6094,6098,6102,6105,6108,6112,6115,6118,6122,6125,6128,6131,6134,6136,6139,6142,6144,6147,6150,6152,6154,6157,6159,6161,6163,6165,6167,6169,6171,6173,6174,6176,6178,6179,6181,6182,6184,6185,6186,6187,6189,6190,6191,6192,6193,6194,6195,6196,6196,6197,6198,6199,6199,6200,6200,6201,6202,6202,6203,6203,6203,6204,6204,6205,6205,6205,6205,6206,6206,6206,6206,6207,6207,6207,6207,6207,6207,6208,6208,6208,6208,6208,6208,6208,6208,6208,6208,6208,6209,6209,6209,6209,6209,6209,6209,6209,6209,6209,6209,6209,6209,6209,6209,6209,6209,6209,6209,6209,6209,6209,6209,6209,6209,6209,6209,6209,6209,6209,6209,6209,6209,6209,6209,6209,6209,6209,6209,6209,6209,6209,6209,6209,6209,6209,6209,6209,6209,6209,6209,6209,6209,6209,6209,6209,6209,6209,6209,6209,6209,6209,6209,6209,6209,6209,6209,6209,6209,6209,6209,6209,6209,6209,6209,6209,6209
35,"Louisiana",10336,10344,10353,10362,10371,10380,10389,10398,10408,10417,10427,10437,10447,10456,10466,10476,10486,10495,10505,10514,10523,10532,10541,10550,10558,10567,10575,10583,10591,10599,10607,10614,10621,10629,10635,10642,10649,10655,10661,10667,10672,10678,10683,10688,10693,10697,10702,10706,10710,10714,10718,10721,10724,10728,10730,10733,10736,10738,10741,10743,10745,10747,10749,10750,10752,10753,10755,10756,10757,10758,10759,10760,10761,10762,10762,10763,10764,10764,10765,10765,10765,10766,10766,10766,10767,10767,10767,10767,10768,10768,10768,10768,10768,10768,10768,10768,10768,10768,10769,10769,10769,10769,10769,10769,10769,10769,10769,10769,10769,10769,10769,10769,10769,10769,10769,10769,10769,10769,10769,10769,10769,10769,10769,10769,10769,10769,10769,10769,10769,10769,10769,10769,10769,10769,10769,10769,10769,10769,10769,10769,10769,10769,10769,10769,10769,10769,10769,10769,10769,10769,10769,10769,10769,10769,10769,10769,10769,10769,10769,10769,10769,10769,10769,10769,10769,10769,10769,10769,10769,10769,10769,10769,10769,10769,10769,10769,10769,10769,10769,10769,10769,10769,10769,10769,10769,10769,10769,10769,10769,10769,10769,10769,10769,10769,10769,10769,10769,10769,10769,10769,10769,10769
36,"Ohio",19122,19123,19123,19124,19125,19125,19126,19127,19127,19128,19129,19129,19130,19131,19131,19132,19132,19133,19133,19134,19134,19135,19135,19136,19136,19137,19137,19138,19138,19139,19139,19139,19140,19140,19140,19141,19141,19141,19142,19142,19142,19142,19143,19143,19143,19143,19143,19144,19144,19144,19144,19144,19144,19144,19144,19145,19145,19145,19145,19145,19145,19145,19145,19145,19145,19145,19145,19145,19145,19145,19145,19145,19145,19145,19145,19145,19145,19146,19146,19146,19146,19146,19146,19146,19146,19146,19146,19146,19146,19146,19146,19146,19146,19146,19146,19146,19146,19146,19146,19146,19146,19146,19146,19146,19146,19146,19146,19146,19146,19146,19146,19146,19146,19146,19146,19146,19146,19146,19146,19146,19146,19146,19146,19146,19146,19146,19146,19146,19146,19146,19146,19146,19146,19146,19146,19146,19146,19146,19146,19146,19146,19146,19146,19146,19146,19146,19146,19146,19146,19146,19146,19146,19146,19146,19146,19146,19146,19146,19146,19146,19146,19146,19146,19146,19146,19146,19146,19146,19146,19146,19146,19146,19146,19146,19146,19146,19146,19146,19146,19146,19146,19146,19146,19146,19146,19146,19146,19146,19146,19146,19146,19146,19146,19146,19146,19146,19146,19146,19146,19146,19146,19146
37,"Michigan",18409,18479,18550,18623,18696,18769,18843,18916,18989,19060,19129,19198,19267,19334,19399,19463,19526,19587,19646,19702,19757,19810,19861,19910,19958,20003,20046,20088,20127,20165,20201,20235,20267,20298,20327,20354,20380,20404,20427,20448,20468,20487,20504,20521,20536,20550,20563,20575,20586,20596,20606,20615,20623,20630,20637,20643,20649,20654,20658,20663,20667,20670,20673,20676,20679,20681,20683,20685,20686,20688,20689,20690,20692,20692,20693,20694,20695,20695,20696,20696,20697,20697,20697,20697,20698,20698,20698,20698,20698,20698,20698,20699,20699,20699,20699,20699,20699,20699,20699,20699,20699,20699,20699,20699,20699,20699,20699,20699,20699,20699,20699,20699,20699,20699,20699,20699,20699,20699,20699,20699,20699,20699,20699,20699,20699,20699,20699,20699,20699,20699,20699,20699,20699,20699,20699,20699,20699,20699,20699,20699,20699,20699,20699,20699,20699,20699,20699,20699,20699,20699,20699,20699,20699,20699,20699,20699,20699,20699,20699,20699,20699,20699,20699,20699,20699,20699,20699,20699,20699,20699,20699,20699,20699,20699,20699,20699,20699,20699,20699,20699,20699,20699,20699,20699,20699,20699,20699,20699,20699,20699,20699,20699,20699,20699,20699,20699,20699,20699,20699,20699,20699,20699
38,"South Dakota",1958,1959,1960,1960,1961,1962,1963,1964,1964,1965,1966,1967,1968,1968,1969,1970,1970,1971,1972,1972,1973,1974,1974,1975,1975,1976,1976,1977,1977,1978,1978,1979,1979,1979,1980,1980,1980,1981,1981,1981,1982,1982,1982,1982,1983,1983,1983,1983,1983,1983,1984,1984,1984,1984,1984,1984,1984,1984,1984,1984,1984,1984,1985,1985,1985,1985,1985,1985,1985,1985,1985,1985,1985,1985,1985,1985,1985,1985,1985,1985,1985,1985,1985,1985,1985,1985,1985,1985,1985,1985,1985,1985,1985,1985,1985,1985,1985,1985,1985,1985,1985,1985,1985,1985,1985,1985,1985,1985,1985,1985,1985,1985,1985,1985,1985,1985,1985,1985,1985,1985,1985,1985,1985,1985,1985,1985,1985,1985,1985,1985,1985,1985,1985,1985,1985,1985,1985,1985,1985,1985,1985,1985,1985,1985,1985,1985,1985,1985,1985,1985,1985,1985,1985,1985,1985,1985,1985,1985,1985,1985,1985,1985,1985,1985,1985,1985,1985,1985,1985,1985,1985,1985,1985,1985,1985,1985,1985,1985,1985,1985,1985,1985,1985,1985,1985,1985,1985,1985,1985,1985,1985,1985,1985,1985,1985,1985,1985,1985,1985,1985,1985,1985
39,"Arkansas",5717,5721,5724,5728,5731,5735,5739,5743,5747,5751,5754,5758,5763,5767,5771,5775,5779,5784,5788,5792,5796,5801,5805,5809,5813,5817,5821,5825,5829,5833,5836,5840,5844,5847,5851,5854,5858,5861,5864,5867,5870,5873,5876,5879,5882,5884,5887,5889,5891,5894,5896,5898,5900,5901,5903,5905,5906,5908,5909,5911,5912,5913,5914,5915,5916,5917,5918,5919,5919,5920,5921,5921,5922,5922,5923,5923,5924,5924,5924,5925,5925,5925,5925,5926,5926,5926,5926,5926,5926,5927,5927,5927,5927,5927,5927,5927,5927,5927,5927,5927,5927,5927,5927,5927,5927,5927,5927,5927,5927,5927,5927,5927,5927,5927,5927,5927,5927,5927,5927,5927,5927,5927,5927,5927,5927,5927,5927,5927,5927,5927,5927,5927,5927,5927,5927,5927,5927,5927,5927,5927,5927,5927,5927,5927,5927,5927,5927,5927,5927,5927,5927,5927,5927,5927,5927,5927,5927,5927,5927,5927,5927,5927,5927,5927,5927,5927,5927,5927,5927,5927,5927,5927,5927,5927,5927,5927,5927,5927,5927,5927,5927,5927,5927,5927,5927,5927,5927,5927,5927,5927,5927,5927,5927,5927,5927,5927,5927,5927,5927,5927,5927,5927
40,"Delaware",1615,1618,1621,1624,1627,1631,1634,1637,1640,1644,1647,1650,1653,1657,1660,1663,1666,1669,1673,1676,1679,1682,1685,1688,1691,1693,1696,1699,1702,1704,1707,1709,1712,1714,1716,1718,1721,1723,1725,1727,1728,1730,1732,1733,1735,1736,1738,1739,1741,1742,1743,1744,1745,1746,1747,1748,1749,1749,1750,1751,1751,1752,1753,1753,1754,1754,1754,1755,1755,1755,1756,1756,1756,1756,1757,1757,1757,1757,1757,1757,1757,1758,1758,1758,1758,1758,1758,1758,1758,1758,1758,1758,1758,1758,1758,1758,1758,1758,1758,1758,1758,1758,1758,1758,1758,1758,1758,1758,1758,1758,1758,1758,1758,1758,1758,1758,1758,1758,1758,1758,1758,1758,1758,1758,1758,1758,1758,1758,1758,1758,1758,1758,1758,1758,1758,1758,1758,1758,1758,1758,1758,1758,1758,1758,1758,1758,1758,1758,1758,1758,1758,1758,1758,1758,1758,1758,1758,1758,1758,1758,1758,1758,1758,1758,1758,1758,1758,1758,1758,1758,1758,1758,1758,1758,1758,1758,1758,1758,1758,1758,1758,1758,1758,1758,1758,1758,1758,1758,1758,1758,1758,1758,1758,1758,1758,1758,1758,1758,1758,1758,1758,1758
41,"Mississippi",7175,7180,7185,7190,7196,7201,7206,7212,7217,7222,7228,7233,7239,7245,7250,7255,7261,7266,7271,7276,7281,7286,7291,7295,7300,7304,7309,7313,7317,7321,7325,7328,7332,7335,7339,7342,7345,7348,7351,7354,7356,7359,7361,7364,7366,7368,7370,7372,7373,7375,7377,7378,7380,7381,7382,7383,7384,7385,7386,7387,7388,7389,7389,7390,7391,7391,7392,7392,7393,7393,7393,7394,7394,7394,7394,7395,7395,7395,7395,7395,7396,7396,7396,7396,7396,7396,7396,7396,7396,7396,7396,7396,7396,7396,7396,7396,7396,7397,7397,7397,7397,7397,7397,7397,7397,7397,7397,7397,7397,7397,7397,7397,7397,7397,7397,7397,7397,7397,7397,7397,7397,7397,7397,7397,7397,7397,7397,7397,7397,7397,7397,7397,7397,7397,7397,7397,7397,7397,7397,7397,7397,7397,7397,7397,7397,7397,7397,7397,7397,7397,7397,7397,7397,7397,7397,7397,7397,7397,7397,7397,7397,7397,7397,7397,7397,7397,7397,7397,7397,7397,7397,7397,7397,7397,7397,7397,7397,7397,7397,7397,7397,7397,7397,7397,7397,7397,7397,7397,7397,7397,7397,7397,7397,7397,7397,7397,7397,7397,7397,7397,7397,7397
42,"New Mexico",4024,4027,4030,4033,4036,4039,4042,4045,4048,4051,4054,4057,4060,4063,4066,4069,4072,4075,4078,4080,4083,4086,4088,4090,4093,4095,4097,4099,4101,4103,4105,4107,4109,4110,4112,4113,4115,4116,4117,4118,4120,4121,4122,4123,4124,4124,4125,4126,4127,4127,4128,4128,4129,4129,4130,4130,4131,4131,4131,4132,4132,4132,4132,4132,4133,4133,4133,4133,4133,4133,4133,4134,4134,4134,4134,4134,4134,4134,4134,4134,4134,4134,4134,4134,4134,4134,4134,4134,4134,4134,4134,4134,4134,4134,4134,4134,4134,4134,4134,4134,4134,4134,4134,4134,4134,4134,4134,4134,4134,4134,4134,4134,4134,4134,4134,4134,4134,4134,4134,4134,4134,4134,4134,4134,4134,4134,4134,4134,4134,4134,4134,4134,4134,4134,4134,4134,4134,4134,4134,4134,4134,4134,4134,4134,4134,4134,4134,4134,4134,4134,4134,4134,4134,4134,4134,4134,4134,4134,4134,4134,4134,4134,4134,4134,4134,4134,4134,4134,4134,4134,4134,4134,4134,4134,4134,4134,4134,4134,4134,4134,4134,4134,4134,4134,4134,4134,4134,4134,4134,4134,4134,4134,4134,4134,4134,4134,4134,4134,4134,4134,4134,4134
43,"North Dakota",1517,1518,1519,1521,1522,1523,1524,1525,1526,1527,1529,1530,1531,1532,1533,1534,1535,1536,1538,1539,1540,1541,1542,1543,1544,1545,1546,1547,1548,1549,1550,1551,1552,1553,1554,1555,1556,1557,1558,1558,1559,1560,1561,1562,1562,1563,1564,1565,1565,1566,1567,1567,1568,1569,1569,1570,1571,1571,1572,1572,1573,1573,1574,1574,1575,1575,1575,1576,1576,1577,1577,1577,1578,1578,1578,1579,1579,1579,1579,1580,1580,1580,1580,1580,1581,1581,1581,1581,1581,1581,1582,1582,1582,1582,1582,1582,1582,1582,1582,1582,1582,1583,1583,1583,1583,1583,1583,1583,1583,1583,1583,1583,1583,1583,1583,1583,1583,1583,1583,1583,1583,1583,1583,1583,1583,1583,1583,1583,1583,1583,1583,1583,1583,1583,1583,1583,1583,1583,1583,1583,1583,1583,1583,1583,1583,1583,1583,1583,1583,1583,1583,1583,1583,1583,1583,1583,1583,1583,1583,1583,1583,1583,1583,1583,1583,1583,1583,1583,1583,1583,1583,1583,1583,1583,1583,1583,1583,1583,1583,1583,1583,1583,1583,1583,1583,1583,1583,1583,1583,1583,1583,1583,1583,1583,1583,1583,1583,1583,1583,1583,1583,1583
44,"Wyoming",705,705,705,706,706,706,706,707,707,707,707,707,708,708,708,708,709,709,709,709,709,710,710,710,710,710,711,711,711,711,711,711,712,712,712,712,712,712,712,712,713,713,713,713,713,713,713,713,713,713,713,714,714,714,714,714,714,714,714,714,714,714,714,714,714,714,714,714,714,714,714,714,714,714,714,714,714,714,714,714,714,714,714,714,714,714,714,714,714,714,714,714,714,714,714,714,714,714,714,714,714,714,714,714,714,714,714,714,714,714,714,714,714,714,714,714,714,714,714,714,714,714,714,714,714,714,714,714,714,714,714,714,714,714,714,714,714,714,714,714,714,714,714,714,714,714,714,714,714,714,714,714,714,714,714,714,714,714,714,714,714,714,714,714,714,714,714,714,714,714,714,714,714,714,714,714,714,714,714,714,714,714,714,714,714,714,714,714,714,714,714,714,714,714,714,714,714,714,714,714,714,714
45,"Alaska",334,334,334,334,334,334,334,334,334,334,334,334,334,334,334,334,334,334,334,335,335,335,335,335,335,335,335,335,335,335,335,335,335,335,335,335,335,335,335,335,335,335,335,335,335,335,335,335,335,335,335,335,335,335,335,335,335,335,335,335,335,335,335,335,335,335,335,335,335,335,335,335,335,335,335,335,335,335,335,335,335,335,335,335,335,335,335,335,335,335,335,335,335,335,335,335,335,335,335,335,335,335,335,335,335,335,335,335,335,335,335,335,335,335,335,335,335,335,335,335,335,335,335,335,335,335,335,335,335,335,335,335,335,335,335,335,335,335,335,335,335,335,335,335,335,335,335,335,335,335,335,335,335,335,335,335,335,335,335,335,335,335,335,335,335,335,335,335,335,335,335,335,335,335,335,335,335,335,335,335,335,335,335,335,335,335,335,335,335,335,335,335,335,335,335,335,335,335,335,335,335,335
46,"Maine",772,773,774,776,777,778,780,781,783,784,786,787,789,790,792,794,795,797,798,800,801,803,804,806,807,808,810,811,812,813,814,816,817,818,819,820,821,822,823,823,824,825,826,826,827,828,828,829,829,830,830,831,831,831,832,832,832,833,833,833,833,834,834,834,834,834,834,835,835,835,835,835,835,835,835,835,835,835,835,835,835,835,835,835,835,835,835,835,835,835,835,836,836,836,836,836,836,836,836,836,836,836,836,836,836,836,836,836,836,836,836,836,836,836,836,836,836,836,836,836,836,836,836,836,836,836,836,836,836,836,836,836,836,836,836,836,836,836,836,836,836,836,836,836,836,836,836,836,836,836,836,836,836,836,836,836,836,836,836,836,836,836,836,836,836,836,836,836,836,836,836,836,836,836,836,836,836,836,836,836,836,836,836,836,836,836,836,836,836,836,836,836,836,836,836,836,836,836,836,836,836,836
47,"Alabama",10851,10859,10868,10876,10885,10893,10902,10911,10921,10931,10941,10953,10964,10976,10989,11001,11014,11028,11042,11056,11070,11085,11101,11117,11133,11150,11167,11184,11202,11220,11239,11258,11277,11297,11317,11337,11358,11378,11400,11421,11442,11464,11486,11508,11531,11553,11575,11598,11621,11643,11666,11688,11711,11733,11756,11778,11800,11822,11844,11865,11887,11908,11929,11949,11969,11989,12008,12027,12046,12064,12082,12100,12117,12134,12150,12165,12181,12195,12210,12224,12237,12250,12262,12274,12286,12297,12308,12318,12328,12337,12346,12354,12362,12370,12377,12384,12391,12397,12403,12408,12414,12419,12423,12427,12432,12435,12439,12442,12445,12448,12451,12453,12456,12458,12460,12462,12463,12465,12466,12468,12469,12470,12471,12472,12473,12473,12474,12475,12475,12476,12476,12477,12477,12477,12478,12478,12478,12478,12479,12479,12479,12479,12479,12479,12479,12479,12479,12480,12480,12480,12480,12480,12480,12480,12480,12480,12480,12480,12480,12480,12480,12480,12480,12480,12480,12480,12480,12480,12480,12480,12480,12480,12480,12480,12480,12480,12480,12480,12480,12480,12480,12480,12480,12480,12480,12480,12480,12480,12480,12480,12480,12480,12480,12480,12480,12480,12480,12480,12480,12480,12480,12480
48,"Idaho",2031,2034,2036,2039,2041,2043,2046,2048,2050,2053,2055,2057,2059,2061,2063,2065,2067,2069,2070,2072,2074,2075,2077,2078,2079,2081,2082,2083,2084,2085,2087,2088,2088,2089,2090,2091,2092,2093,2093,2094,2095,2095,2096,2096,2097,2097,2097,2098,2098,2099,2099,2099,2099,2100,2100,2100,2100,2100,2101,2101,2101,2101,2101,2101,2101,2101,2102,2102,2102,2102,2102,2102,2102,2102,2102,2102,2102,2102,2102,2102,2102,2102,2102,2102,2102,2102,2102,2102,2102,2102,2102,2102,2102,2102,2102,2102,2102,2102,2102,2102,2102,2102,2102,2102,2102,2102,2102,2102,2102,2102,2102,2102,2102,2102,2102,2102,2102,2102,2102,2102,2102,2102,2102,2102,2102,2102,2102,2102,2102,2102,2102,2102,2102,2102,2102,2102,2102,2102,2102,2102,2102,2102,2102,2102,2102,2102,2102,2102,2102,2102,2102,2102,2102,2102,2102,2102,2102,2102,2102,2102,2102,2102,2102,2102,2102,2102,2102,2102,2102,2102,2102,2102,2102,2102,2102,2102,2102,2102,2102,2102,2102,2102,2102,2102,2102,2102,2102,2102,2102,2102,2102,2102,2102,2102,2102,2102,2102,2102,2102,2102,2102,2102
49,"Montana",1563,1567,1571,1574,1578,1582,1586,1590,1593,1597,1601,1604,1608,1611,1615,1619,1622,1626,1630,1633,1637,1640,1644,1647,1651,1654,1657,1661,1664,1667,1671,1674,1677,1680,1683,1686,1689,1692,1695,1698,1701,1703,1706,1709,1711,1714,1716,1719,1721,1723,1726,1728,1730,1732,1734,1736,1738,1740,1742,1743,1745,1747,1748,1750,1751,1753,1754,1755,1757,1758,1759,1760,1761,1762,1763,1764,1765,1766,1767,1768,1768,1769,1770,1770,1771,1771,1772,1773,1773,1773,1774,1774,1775,1775,1775,1776,1776,1776,1776,1777,1777,1777,1777,1778,1778,1778,1778,1778,1778,1778,1778,1779,1779,1779,1779,1779,1779,1779,1779,1779,1779,1779,1779,1779,1779,1779,1779,1779,1779,1779,1779,1779,1779,1779,1779,1779,1779,1779,1779,1779,1779,1779,1779,1779,1779,1779,1779,1779,1779,1779,1779,1779,1779,1779,1779,1779,1779,1779,1779,1779,1779,1779,1779,1779,1779,1779,1779,1779,1779,1779,1779,1779,1779,1779,1779,1779,1779,1779,1779,1779,1779,1779,1779,1779,1779,1779,1779,1779,1779,1779,1779,1779,1779,1779,1779,1779,1779,1779,1779,1779,1779,1779
50,"Puerto Rico",2264,2275,2287,2299,2312,2326,2341,2356,2372,2388,2405,2421,2438,2455,2472,2488,2505,2522,2538,2555,2571,2587,2603,2619,2634,2649,2664,2679,2693,2707,2720,2734,2746,2759,2771,2782,2793,2804,2814,2824,2833,2842,2851,2859,2867,2874,2881,2888,2894,2900,2906,2911,2916,2921,2925,2929,2933,2936,2939,2942,2945,2948,2950,2952,2954,2956,2958,2959,2961,2962,2963,2965,2965,2966,2967,2968,2969,2969,2970,2970,2971,2971,2971,2972,2972,2972,2972,2973,2973,2973,2973,2973,2973,2973,2973,2973,2974,2974,2974,2974,2974,2974,2974,2974,2974,2974,2974,2974,2974,2974,2974,2974,2974,2974,2974,2974,2974,2974,2974,2974,2974,2974,2974,2974,2974,2974,2974,2974,2974,2974,2974,2974,2974,2974,2974,2974,2974,2974,2974,2974,2974,2974,2974,2974,2974,2974,2974,2974,2974,2974,2974,2974,2974,2974,2974,2974,2974,2974,2974,2974,2974,2974,2974,2974,2974,2974,2974,2974,2974,2974,2974,2974,2974,2974,2974,2974,2974,2974,2974,2974,2974,2974,2974,2974,2974,2974,2974,2974,2974,2974,2974,2974,2974,2974,2974,2974,2974,2974,2974,2974,2974,2974
51,"Virgin Islands, U.S.",27,27,27,27,27,27,27,27,27,27,27,27,27,27,27,27,27,27,27,27,27,27,27,27,27,27,27,27,27,27,27,27,27,27,27,27,27,27,27,27,27,27,27,27,27,27,27,27,27,27,27,27,27,27,27,27,27,27,27,27,27,27,27,27,27,27,27,27,27,27,27,27,27,27,27,27,27,27,27,27,27,27,27,27,27,27,27,27,27,27,27,27,27,27,27,27,27,27,27,27,27,27,27,27,27,27,27,27,27,27,27,27,27,27,27,27,27,27,27,27,27,27,27,27,27,27,27,27,27,27,27,27,27,27,27,27,27,27,27,27,27,27,27,27,27,27,27,27,27,27,27,27,27,27,27,27,27,27,27,27,27,27,27,27,27,27,27,27,27,27,27,27,27,27,27,27,27,27,27,27,27,27,27,27,27,27,27,27,27,27,27,27,27,27,27,27,27,27,27,27,27,27
52,"Guam",136,136,136,136,136,136,136,136,136,136,136,136,136,136,136,136,136,136,136,136,136,136,136,136,136,136,136,136,136,136,136,136,136,136,136,136,136,136,136,136,136,136,136,136,136,136,136,136,136,136,136,136,136,136,136,136,136,136,136,136,136,136,136,136,136,136,136,136,136,136,136,136,136,136,136,136,136,136,136,136,136,136,136,136,136,136,136,136,136,136,136,136,136,136,136,136,136,136,136,136,136,136,136,136,136,136,136,136,136,136,136,136,136,136,136,136,136,136,136,136,136,136,136,136,136,136,136,136,136,136,136,136,136,136,136,136,136,136,136,136,136,136,136,136,136,136,136,136,136,136,136,136,136,136,136,136,136,136,136,136,136,136,136,136,136,136,136,136,136,136,136,136,136,136,136,136,136,136,136,136,136,136,136,136,136,136,136,136,136,136,136,136,136,136,136,136,136,136,136,136,136,136
53,"West Virginia",2817,2823,2828,2834,2839,2845,2850,2856,2861,2867,2872,2878,2883,2889,2894,2900,2905,2910,2916,2921,2927,2932,2937,2942,2948,2953,2958,2963,2968,2972,2977,2982,2986,2991,2995,2999,3003,3007,3011,3015,3018,3022,3025,3028,3031,3034,3037,3040,3042,3045,3047,3050,3052,3054,3056,3057,3059,3061,3062,3064,3065,3066,3067,3068,3069,3070,3071,3072,3073,3073,3074,3074,3075,3075,3076,3076,3077,3077,3077,3078,3078,3078,3078,3078,3079,3079,3079,3079,3079,3079,3079,3079,3079,3079,3079,3079,3080,3080,3080,3080,3080,3080,3080,3080,3080,3080,3080,3080,3080,3080,3080,3080,3080,3080,3080,3080,3080,3080,3080,3080,3080,3080,3080,3080,3080,3080,3080,3080,3080,3080,3080,3080,3080,3080,3080,3080,3080,3080,3080,3080,3080,3080,3080,3080,3080,3080,3080,3080,3080,3080,3080,3080,3080,3080,3080,3080,3080,3080,3080,3080,3080,3080,3080,3080,3080,3080,3080,3080,3080,3080,3080,3080,3080,3080,3080,3080,3080,3080,3080,3080,3080,3080,3080,3080,3080,3080,3080,3080,3080,3080,3080,3080,3080,3080,3080,3080,3080,3080,3080,3080,3080,3080
54,"Northern Mariana Islands",2,2,2,2,2,2,2,2,2,2,2,2,2,2,2,2,2,2,2,2,2,2,2,2,2,2,2,2,2,2,2,2,2,2,2,2,2,2,2,2,2,2,2,2,2,2,2,2,2,2,2,2,2,2,2,2,2,2,2,2,2,2,2,2,2,2,2,2,2,2,2,2,2,2,2,2,2,2,2,2,2,2,2,2,2,2,2,2,2,2,2,2,2,2,2,2,2,2,2,2,2,2,2,2,2,2,2,2,2,2,2,2,2,2,2,2,2,2,2,2,2,2,2,2,2,2,2,2,2,2,2,2,2,2,2,2,2,2,2,2,2,2,2,2,2,2,2,2,2,2,2,2,2,2,2,2,2,2,2,2,2,2,2,2,2,2,2,2,2,2,2,2,2,2,2,2,2,2,2,2,2,2,2,2,2,2,2,2,2,2,2,2,2,2,2,2,2,2,2,2,2,2
55,"American Samoa",0,0,0,0,0,0,0,0,0,0,0,0,0,0,0,0,0,0,0,0,0,0,0,0,0,0,0,0,0,0,0,0,0,0,0,0,0,0,0,0,0,0,0,0,0,0,0,0,0,0,0,0,0,0,0,0,0,0,0,0,0,0,0,0,0,0,0,0,0,0,0,0,0,0,0,0,0,0,0,0,0,0,0,0,0,0,0,0,0,0,0,0,0,0,0,0,0,0,0,0,0,0,0,0,0,0,0,0,0,0,0,0,0,0,0,0,0,0,0,0,0,0,0,0,0,0,0,0,0,0,0,0,0,0,0,0,0,0,0,0,0,0,0,0,0,0,0,0,0,0,0,0,0,0,0,0,0,0,0,0,0,0,0,0,0,0,0,0,0,0,0,0,0,0,0,0,0,0,0,0,0,0,0,0,0,0,0,0,0,0,0,0,0,0,0,0,0,0,0,0,0,0
